Thursday, October 15, 2020	10:46:38 AM	Game1.txt	228771447
Cued	Now	228780863
9	BlinkStart	228780895
9	BlinkEnd	229077914
23,5	BlinkStart	229078008
23,5	BlinkEnd	229110905
5	0DropFeed	229110985
23	NoFeedAbort	229111066
1	BlinkStart	229121081
1	BlinkEnd	229123931
1	NoFeedLowProb	229124011
4,44	BlinkStart	229124024
4,44	BlinkEnd	229131885
4	Feed	229131966
44	Feed	229132046
1	BlinkStart	229132137
1	BlinkEnd	229150199
1	NoFeedLowProb	229150279
4,44	BlinkStart	229150317
4,44	BlinkEnd	229154212
4	Feed	229154292
44	Feed	229154372
1	BlinkStart	229154461
1	BlinkEnd	229166508
1	NoFeedLowProb	229166588
4,44	BlinkStart	229166626
4,44	BlinkEnd	229169598
4	Feed	229169678
44	Feed	229169758
22,1	BlinkStart	229169869
22,1	BlinkEnd	229181417
1	0DropFeed	229181497
22	Feed	229181577
4,44,6,47	BlinkStart	229181675
4,44,6,47	BlinkEnd	229184221
4	Feed	229184301
44	Feed	229184381
22,1	BlinkStart	229184485
22,1	BlinkEnd	229195919
1	0DropFeed	229195999
22	Feed	229196079
4,44,6,47	BlinkStart	229196178
4,44,6,47	BlinkEnd	229198660
4	Feed	229198740
44	Feed	229198820
22,1	BlinkStart	229198907
22,1	BlinkEnd	229209086
1	0DropFeed	229209166
22	Feed	229209247
4,44,6,47	BlinkStart	229209349
4,44,6,47	BlinkEnd	229212028
4	Feed	229212108
44	Feed	229212188
22,1	BlinkStart	229212288
22,1	BlinkEnd	229222054
1	0DropFeed	229222134
22	Feed	229222215
4,44,6,47	BlinkStart	229222332
4,44,6,47	BlinkEnd	229224727
4	Feed	229224807
44	Feed	229224887
22,1	BlinkStart	229224981
22,1	BlinkEnd	229234888
1	0DropFeed	229234968
22	Feed	229235048
4,44,6,47	BlinkStart	229235149
4,44,6,47	BlinkEnd	229237494
4	Feed	229237574
44	Feed	229237654
22,1	BlinkStart	229237752
22,1	BlinkEnd	229247120
1	0DropFeed	229247200
22	Feed	229247280
4,44,6,47	BlinkStart	229247396
4,44,6,47	BlinkEnd	229249860
4	Feed	229249940
44	Feed	229250020
22,1	BlinkStart	229250124
22,1	BlinkEnd	229259551
1	0DropFeed	229259631
22	Feed	229259711
4,44,6,47	BlinkStart	229259829
4,44,6,47	BlinkEnd	229262626
4	Feed	229262706
44	Feed	229262786
22,1	BlinkStart	229262891
22,1	BlinkEnd	229275466
1	0DropFeed	229275546
22	Feed	229275626
4,44,6,47	BlinkStart	229275722
4,44,6,47	BlinkEnd	229279003
4	Feed	229279083
44	Feed	229279163
22,1	BlinkStart	229279254
22,1	BlinkEnd	229288627
1	0DropFeed	229288707
22	Feed	229288787
4,44,6,47	BlinkStart	229288887
4,44,6,47	BlinkEnd	229291434
4	Feed	229291514
44	Feed	229291594
21,1	BlinkStart	229291698
21,1	BlinkEnd	229302798
1	0DropFeed	229302878
21	Feed	229302958
4,44,6,47	BlinkStart	229303068
4,44,6,47	BlinkEnd	229306675
4	Feed	229306755
44	Feed	229306835
20,1	BlinkStart	229306939
20,1	BlinkEnd	229316634
1	0DropFeed	229316714
20	Feed	229316794
4,44,6,47	BlinkStart	229316977
4,44,6,47	BlinkEnd	229319574
4	Feed	229319655
44	Feed	229319735
19,1	BlinkStart	229319898
19,1	BlinkEnd	229328999
1	0DropFeed	229329079
19	Feed	229329159
4,44,6,47	BlinkStart	229329342
4,44,6,47	BlinkEnd	229333011
4	Feed	229333091
44	Feed	229333171
18,1	BlinkStart	229333341
18,1	BlinkEnd	229342367
1	0DropFeed	229342447
18	Feed	229342527
4,44,6,47	BlinkStart	229342699
4,44,6,47	BlinkEnd	229345307
4	Feed	229345387
44	Feed	229345468
17,1	BlinkStart	229345639
17,1	BlinkEnd	229355134
1	0DropFeed	229355214
17	Feed	229355294
4,44,6,47	BlinkStart	229355458
4,44,6,47	BlinkEnd	229358410
4	Feed	229358490
44	Feed	229358570
16,1	BlinkStart	229358753
16,1	BlinkEnd	229368503
1	0DropFeed	229368583
16	Feed	229368663
4,44,6,47	BlinkStart	229368819
4,44,6,47	BlinkEnd	229371510
4	Feed	229371590
44	Feed	229371670
14,1	BlinkStart	229371835
14,1	BlinkEnd	229382337
1	0DropFeed	229382417
14	NoFeedAbort	229382497
5	BlinkStart	229392567
5	BlinkEnd	229405934
5	NoFeedLowProb	229406014
2	BlinkStart	229406106
2	BlinkEnd	229409487
2	0DropFeed	229409567
5	BlinkStart	229409736
5	BlinkEnd	229414354
5	NoFeedLowProb	229414434
2	BlinkStart	229414534
2	BlinkEnd	229420102
2	0DropFeed	229420182
5	BlinkStart	229420345
5	BlinkEnd	229425386
5	NoFeedLowProb	229425466
2	BlinkStart	229425567
2	BlinkEnd	229455667
2	0DropFeed	229455747
31,5	BlinkStart	229455920
31,5	BlinkEnd	229471503
5	0DropFeed	229471583
31	Feed	229471663
8,52,2	BlinkStart	229471814
8,52,2	BlinkEnd	229475781
2	0DropFeed	229475861
31,5	BlinkStart	229476016
31,5	BlinkEnd	229481262
5	0DropFeed	229481342
31	Feed	229481422
8,52,2	BlinkStart	229481588
8,52,2	BlinkEnd	229485139
8	Feed	229485220
52	Feed	229485300
31,5	BlinkStart	229485447
31,5	BlinkEnd	229492960
5	0DropFeed	229493040
31	Feed	229493120
8,52,2	BlinkStart	229493281
8,52,2	BlinkEnd	229498039
8	Feed	229498119
52	Feed	229498199
31,5	BlinkStart	229498365
31,5	BlinkEnd	229505592
5	0DropFeed	229505672
31	Feed	229505752
8,52,2	BlinkStart	229505902
8,52,2	BlinkEnd	229509268
8	Feed	229509348
52	Feed	229509428
31,5	BlinkStart	229509580
31,5	BlinkEnd	229516755
5	0DropFeed	229516835
31	Feed	229516915
8,52,2	BlinkStart	229517078
8,52,2	BlinkEnd	229520099
8	Feed	229520179
52	Feed	229520259
31,5	BlinkStart	229520401
31,5	BlinkEnd	229527315
5	0DropFeed	229527395
31	Feed	229527475
8,52,2	BlinkStart	229527641
8,52,2	BlinkEnd	229530390
8	Feed	229530470
52	Feed	229530550
31,5	BlinkStart	229530734
31,5	BlinkEnd	229539013
5	0DropFeed	229539093
31	Feed	229539174
8,52,2	BlinkStart	229539330
8,52,2	BlinkEnd	229542294
8	Feed	229542374
52	Feed	229542454
31,5	BlinkStart	229542605
31,5	BlinkEnd	229548705
5	0DropFeed	229548785
31	Feed	229548865
8,52,2	BlinkStart	229549030
8,52,2	BlinkEnd	229551512
8	Feed	229551592
52	Feed	229551672
31,5	BlinkStart	229551832
31,5	BlinkEnd	229557728
5	0DropFeed	229557808
31	Feed	229557888
8,52,2	BlinkStart	229558073
8,52,2	BlinkEnd	229561137
8	Feed	229561217
52	Feed	229561297
30,5	BlinkStart	229561480
30,5	BlinkEnd	229566617
5	0DropFeed	229566697
30	Feed	229566777
8,52,2	BlinkStart	229566950
8,52,2	BlinkEnd	229569626
8	Feed	229569706
52	Feed	229569786
29,5	BlinkStart	229569972
29,5	BlinkEnd	229575775
5	0DropFeed	229575856
29	Feed	229575936
8,52,2	BlinkStart	229576096
8,52,2	BlinkEnd	229579051
8	Feed	229579131
52	Feed	229579211
28,5	BlinkStart	229579374
28,5	BlinkEnd	229584866
5	0DropFeed	229584947
28	Feed	229585027
8,52,2	BlinkStart	229585194
8,52,2	BlinkEnd	229588608
8	Feed	229588688
52	Feed	229588768
27,5	BlinkStart	229588946
27,5	BlinkEnd	229595160
5	0DropFeed	229595240
27	Feed	229595320
8,52,2	BlinkStart	229595478
8,52,2	BlinkEnd	229598033
8	Feed	229598114
52	Feed	229598194
26,5	BlinkStart	229598361
26,5	BlinkEnd	229604717
5	0DropFeed	229604797
26	Feed	229604878
8,52,2	BlinkStart	229605027
8,52,2	BlinkEnd	229607459
8	Feed	229607539
52	Feed	229607619
25,5	BlinkStart	229607789
25,5	BlinkEnd	229613875
5	0DropFeed	229613955
25	Feed	229614035
8,52,2	BlinkStart	229614198
8,52,2	BlinkEnd	229616347
8	Feed	229616427
52	Feed	229616507
23,5	BlinkStart	229616653
23,5	BlinkEnd	229622630
5	0DropFeed	229622710
23	NoFeedAbort	229622790
1	BlinkStart	229632854
1	BlinkEnd	229646493
1	NoFeedLowProb	229646573
4,43	BlinkStart	229646672
4,43	BlinkEnd	229649901
4	Feed	229649981
43	Feed	229650061
1	BlinkStart	229650219
1	BlinkEnd	229659392
1	NoFeedLowProb	229659472
4,43	BlinkStart	229659589
4,43	BlinkEnd	229662668
4	Feed	229662748
43	Feed	229662829
1	BlinkStart	229662983
1	BlinkEnd	229672294
1	NoFeedLowProb	229672374
4,43	BlinkStart	229672486
4,43	BlinkEnd	229675101
4	Feed	229675181
43	Feed	229675261
22,1	BlinkStart	229675404
22,1	BlinkEnd	229684459
1	0DropFeed	229684539
22	Feed	229684620
4,43,6,48	BlinkStart	229684793
4,43,6,48	BlinkEnd	229687468
4	Feed	229687548
43	Feed	229687629
22,1	BlinkStart	229687802
22,1	BlinkEnd	229696088
1	0DropFeed	229696168
22	Feed	229696248
4,43,6,48	BlinkStart	229696434
4,43,6,48	BlinkEnd	229698762
4	Feed	229698842
43	Feed	229698922
22,1	BlinkStart	229699095
22,1	BlinkEnd	229706850
1	0DropFeed	229706930
22	Feed	229707010
4,43,6,48	BlinkStart	229707178
4,43,6,48	BlinkEnd	229709390
4	Feed	229709470
43	Feed	229709550
22,1	BlinkStart	229709740
22,1	BlinkEnd	229718814
1	0DropFeed	229718894
22	Feed	229718974
4,43,6,48	BlinkStart	229719184
4,43,6,48	BlinkEnd	229721221
4	Feed	229721302
43	Feed	229721382
22,1	BlinkStart	229721561
22,1	BlinkEnd	229729377
1	0DropFeed	229729457
22	Feed	229729538
4,43,6,48	BlinkStart	229729742
4,43,6,48	BlinkEnd	229731915
4	Feed	229731995
43	Feed	229732075
22,1	BlinkStart	229732241
22,1	BlinkEnd	229741407
1	0DropFeed	229741487
22	Feed	229741568
4,43,6,48	BlinkStart	229741731
4,43,6,48	BlinkEnd	229743880
4	Feed	229743960
43	Feed	229744040
22,1	BlinkStart	229744187
22,1	BlinkEnd	229753104
1	0DropFeed	229753184
22	Feed	229753264
4,43,6,48	BlinkStart	229753454
4,43,6,48	BlinkEnd	229755443
4	Feed	229755523
43	Feed	229755603
22,1	BlinkStart	229755754
22,1	BlinkEnd	229765536
1	0DropFeed	229765616
22	Feed	229765696
4,43,6,48	BlinkStart	229765858
4,43,6,48	BlinkEnd	229768143
4	Feed	229768223
43	Feed	229768303
22,1	BlinkStart	229768460
22,1	BlinkEnd	229776498
1	0DropFeed	229776578
22	Feed	229776658
4,43,6,48	BlinkStart	229776812
4,43,6,48	BlinkEnd	229778905
4	Feed	229778985
43	Feed	229779065
21,1	BlinkStart	229779225
21,1	BlinkEnd	229788664
1	0DropFeed	229788744
21	Feed	229788824
4,43,6,48	BlinkStart	229788995
4,43,6,48	BlinkEnd	229791002
4	Feed	229791082
43	Feed	229791162
20,1	BlinkStart	229791332
20,1	BlinkEnd	229799629
1	0DropFeed	229799709
20	Feed	229799789
4,43,6,48	BlinkStart	229799968
4,43,6,48	BlinkEnd	229802031
4	Feed	229802111
43	Feed	229802191
19,1	BlinkStart	229802344
19,1	BlinkEnd	229811055
1	0DropFeed	229811135
19	Feed	229811215
4,43,6,48	BlinkStart	229811376
4,43,6,48	BlinkEnd	229813263
4	Feed	229813343
43	Feed	229813423
18,1	BlinkStart	229813602
18,1	BlinkEnd	229821817
1	0DropFeed	229821897
18	Feed	229821977
4,43,6,48	BlinkStart	229822150
4,43,6,48	BlinkEnd	229823888
4	Feed	229823968
43	Feed	229824048
17,1	BlinkStart	229824191
17,1	BlinkEnd	229833046
1	0DropFeed	229833126
17	Feed	229833206
4,43,6,48	BlinkStart	229833357
4,43,6,48	BlinkEnd	229835189
4	Feed	229835269
43	Feed	229835349
16,1	BlinkStart	229835492
16,1	BlinkEnd	229844809
1	0DropFeed	229844889
16	Feed	229844969
4,43,6,48	BlinkStart	229845128
4,43,6,48	BlinkEnd	229848219
4	Feed	229848299
43	Feed	229848379
14,1	BlinkStart	229848537
14,1	BlinkEnd	229856374
1	0DropFeed	229856454
14	NoFeedAbort	229856534
5	BlinkStart	229866601
5	BlinkEnd	229869347
5	NoFeedLowProb	229869427
2,38	BlinkStart	229869521
2,38	BlinkEnd	229872549
2	Feed	229872629
38	Feed	229872709
5	BlinkStart	229872873
5	BlinkEnd	229882375
5	NoFeedLowProb	229882455
2,38	BlinkStart	229882555
2,38	BlinkEnd	229885116
2	Feed	229885196
38	Feed	229885276
5	BlinkStart	229885453
5	BlinkEnd	229895883
5	NoFeedLowProb	229895963
2,38	BlinkStart	229896045
2,38	BlinkEnd	229898484
2	Feed	229898564
38	Feed	229898644
31,5	BlinkStart	229898796
31,5	BlinkEnd	229906771
5	0DropFeed	229906851
31	Feed	229906931
2,38,8	BlinkStart	229907107
2,38,8	BlinkEnd	229909311
8	0DropFeed	229909391
31,5	BlinkStart	229909560
31,5	BlinkEnd	229914658
5	0DropFeed	229914738
31	Feed	229914818
2,38,8	BlinkStart	229914972
2,38,8	BlinkEnd	229917667
2	Feed	229917747
38	Feed	229917827
31,5	BlinkStart	229917980
31,5	BlinkEnd	229925754
5	0DropFeed	229925834
31	Feed	229925914
2,38,8	BlinkStart	229926065
2,38,8	BlinkEnd	229928293
8	0DropFeed	229928374
31,5	BlinkStart	229928544
31,5	BlinkEnd	229932372
5	0DropFeed	229932452
31	Feed	229932533
2,38,8	BlinkStart	229932688
2,38,8	BlinkEnd	229935311
2	Feed	229935392
38	Feed	229935472
31,5	BlinkStart	229935633
31,5	BlinkEnd	229943199
5	0DropFeed	229943279
31	Feed	229943359
2,38,8	BlinkStart	229943534
2,38,8	BlinkEnd	229945612
8	0DropFeed	229945692
31,5	BlinkStart	229945878
31,5	BlinkEnd	229948881
5	0DropFeed	229948961
31	Feed	229949041
2,38,8	BlinkStart	229949191
2,38,8	BlinkEnd	229951288
2	Feed	229951368
38	Feed	229951448
31,5	BlinkStart	229951639
31,5	BlinkEnd	229959910
5	0DropFeed	229959990
31	Feed	229960070
2,38,8	BlinkStart	229960231
2,38,8	BlinkEnd	229962388
8	0DropFeed	229962468
31,5	BlinkStart	229962659
31,5	BlinkEnd	229967135
5	0DropFeed	229967215
31	Feed	229967295
2,38,8	BlinkStart	229967461
2,38,8	BlinkEnd	229969668
2	Feed	229969748
38	Feed	229969828
31,5	BlinkStart	229969994
31,5	BlinkEnd	229978023
5	0DropFeed	229978104
31	Feed	229978184
2,38,8	BlinkStart	229978376
2,38,8	BlinkEnd	229980630
8	0DropFeed	229980710
30,5	BlinkStart	229980869
30,5	BlinkEnd	229984439
5	0DropFeed	229984519
30	Feed	229984599
2,38,8	BlinkStart	229984770
2,38,8	BlinkEnd	229987514
2	Feed	229987594
38	Feed	229987674
29,5	BlinkStart	229987838
29,5	BlinkEnd	229995275
5	0DropFeed	229995355
29	Feed	229995435
2,38,8	BlinkStart	229995638
2,38,8	BlinkEnd	229997809
2	Feed	229997889
38	Feed	229997969
28,5	BlinkStart	229998159
28,5	BlinkEnd	230005227
5	0DropFeed	230005307
28	Feed	230005387
2,38,8	BlinkStart	230005539
2,38,8	BlinkEnd	230007700
8	0DropFeed	230007780
27,5	BlinkStart	230007937
27,5	BlinkEnd	230015655
5	0DropFeed	230015735
27	Feed	230015816
2,38,8	BlinkStart	230015968
2,38,8	BlinkEnd	230017995
2	Feed	230018075
38	Feed	230018155
26,5	BlinkStart	230018321
26,5	BlinkEnd	230027954
5	0DropFeed	230028034
26	Feed	230028114
2,38,8	BlinkStart	230028296
2,38,8	BlinkEnd	230030360
8	0DropFeed	230030440
25,5	BlinkStart	230030597
25,5	BlinkEnd	230033635
5	0DropFeed	230033715
25	Feed	230033796
2,38,8	BlinkStart	230033969
2,38,8	BlinkEnd	230038581
2	Feed	230038661
38	Feed	230038741
23,5	BlinkStart	230038898
23,5	BlinkEnd	230046936
5	0DropFeed	230047016
23	NoFeedAbort	230047096
1	BlinkStart	230057190
1	BlinkEnd	230072404
1	NoFeedLowProb	230072484
4,45	BlinkStart	230072605
4,45	BlinkEnd	230075410
4	Feed	230075490
45	Feed	230075570
1	BlinkStart	230075732
1	BlinkEnd	230093999
1	NoFeedLowProb	230094080
4,45	BlinkStart	230094166
4,45	BlinkEnd	230099340
4	Feed	230099420
45	Feed	230099500
1	BlinkStart	230099664
1	BlinkEnd	230113911
1	NoFeedLowProb	230113991
4,45	BlinkStart	230114069
4,45	BlinkEnd	230118923
4	Feed	230119003
45	Feed	230119084
22,1	BlinkStart	230119266
22,1	BlinkEnd	230131624
1	0DropFeed	230131704
22	Feed	230131784
4,45,6,47	BlinkStart	230131943
4,45,6,47	BlinkEnd	230134096
4	Feed	230134176
45	Feed	230134256
22,1	BlinkStart	230134439
22,1	BlinkEnd	230146269
1	0DropFeed	230146350
22	Feed	230146430
4,45,6,47	BlinkStart	230146601
4,45,6,47	BlinkEnd	230148600
4	Feed	230148680
45	Feed	230148760
22,1	BlinkStart	230148912
22,1	BlinkEnd	230160231
1	0DropFeed	230160311
22	Feed	230160391
4,45,6,47	BlinkStart	230160599
4,45,6,47	BlinkEnd	230162906
4	Feed	230162986
45	Feed	230163066
22,1	BlinkStart	230163246
22,1	BlinkEnd	230176547
1	0DropFeed	230176627
22	Feed	230176707
4,45,6,47	BlinkStart	230176872
4,45,6,47	BlinkEnd	230179556
4	Feed	230179637
45	Feed	230179717
22,1	BlinkStart	230179883
22,1	BlinkEnd	230191379
1	0DropFeed	230191460
22	Feed	230191540
4,45,6,47	BlinkStart	230191701
4,45,6,47	BlinkEnd	230193786
4	Feed	230193866
45	Feed	230193946
22,1	BlinkStart	230194115
22,1	BlinkEnd	230204884
1	0DropFeed	230204964
22	Feed	230205044
4,45,6,47	BlinkStart	230205212
4,45,6,47	BlinkEnd	230207826
4	Feed	230207906
45	Feed	230207986
22,1	BlinkStart	230208168
22,1	BlinkEnd	230219251
1	0DropFeed	230219331
22	Feed	230219411
4,45,6,47	BlinkStart	230219572
4,45,6,47	BlinkEnd	230222461
4	Feed	230222542
45	Feed	230222622
22,1	BlinkStart	230222777
22,1	BlinkEnd	230234296
1	0DropFeed	230234376
22	Feed	230234456
4,45,6,47	BlinkStart	230234622
4,45,6,47	BlinkEnd	230237635
4	Feed	230237715
45	Feed	230237795
22,1	BlinkStart	230237959
22,1	BlinkEnd	230250399
1	0DropFeed	230250479
22	Feed	230250559
4,45,6,47	BlinkStart	230250723
4,45,6,47	BlinkEnd	230253140
4	Feed	230253220
45	Feed	230253300
21,1	BlinkStart	230253457
21,1	BlinkEnd	230264444
1	0DropFeed	230264524
21	Feed	230264605
4,45,6,47	BlinkStart	230264757
4,45,6,47	BlinkEnd	230266909
4	Feed	230266989
45	Feed	230267069
20,1	BlinkStart	230267225
20,1	BlinkEnd	230278473
1	0DropFeed	230278553
20	Feed	230278633
4,45,6,47	BlinkStart	230278807
4,45,6,47	BlinkEnd	230281146
4	Feed	230281226
45	Feed	230281306
19,1	BlinkStart	230281462
19,1	BlinkEnd	230292709
1	0DropFeed	230292789
19	Feed	230292869
4,45,6,47	BlinkStart	230293041
4,45,6,47	BlinkEnd	230295383
4	Feed	230295463
45	Feed	230295543
18,1	BlinkStart	230295697
18,1	BlinkEnd	230306619
1	0DropFeed	230306699
18	Feed	230306779
4,45,6,47	BlinkStart	230306966
4,45,6,47	BlinkEnd	230309488
4	Feed	230309568
45	Feed	230309648
17,1	BlinkStart	230309828
17,1	BlinkEnd	230321184
1	0DropFeed	230321264
17	Feed	230321344
4,45,6,47	BlinkStart	230321514
4,45,6,47	BlinkEnd	230323924
4	Feed	230324004
45	Feed	230324084
16,1	BlinkStart	230324224
16,1	BlinkEnd	230336358
1	0DropFeed	230336438
16	Feed	230336518
4,45,6,47	BlinkStart	230336694
4,45,6,47	BlinkEnd	230339432
4	Feed	230339512
45	Feed	230339592
14,1	BlinkStart	230339742
14,1	BlinkEnd	230352739
1	0DropFeed	230352820
14	NoFeedAbort	230352901
5	BlinkStart	230362975
5	BlinkEnd	230373587
5	NoFeedLowProb	230373667
8,56	BlinkStart	230373752
8,56	BlinkEnd	230376663
8	Feed	230376743
56	Feed	230376824
5	BlinkStart	230376979
5	BlinkEnd	230388700
5	NoFeedLowProb	230388780
8,56	BlinkStart	230388890
8,56	BlinkEnd	230391367
8	Feed	230391447
56	Feed	230391528
5	BlinkStart	230391671
5	BlinkEnd	230403732
5	NoFeedLowProb	230403812
8,56	BlinkStart	230403913
8,56	BlinkEnd	230407411
8	Feed	230407491
56	Feed	230407571
31,5	BlinkStart	230407741
31,5	BlinkEnd	230425394
5	0DropFeed	230425474
31	Feed	230425554
8,56,2,39	BlinkStart	230425711
8,56,2,39	BlinkEnd	230428664
2	Feed	230428744
39	Feed	230428824
31,5	BlinkStart	230428971
31,5	BlinkEnd	230438357
5	0DropFeed	230438437
31	Feed	230438517
8,56,2,39	BlinkStart	230438678
8,56,2,39	BlinkEnd	230441432
2	Feed	230441512
39	Feed	230441592
31,5	BlinkStart	230441760
31,5	BlinkEnd	230451725
5	0DropFeed	230451806
31	Feed	230451886
8,56,2,39	BlinkStart	230452058
8,56,2,39	BlinkEnd	230454331
8	Feed	230454411
56	Feed	230454491
31,5	BlinkStart	230454649
31,5	BlinkEnd	230466563
5	0DropFeed	230466643
31	Feed	230466723
8,56,2,39	BlinkStart	230466874
8,56,2,39	BlinkEnd	230469771
2	Feed	230469852
39	Feed	230469932
31,5	BlinkStart	230470106
31,5	BlinkEnd	230479462
5	0DropFeed	230479542
31	Feed	230479622
8,56,2,39	BlinkStart	230479798
8,56,2,39	BlinkEnd	230482337
2	Feed	230482417
39	Feed	230482497
31,5	BlinkStart	230482647
31,5	BlinkEnd	230491564
5	0DropFeed	230491644
31	Feed	230491724
8,56,2,39	BlinkStart	230491877
8,56,2,39	BlinkEnd	230494168
2	Feed	230494248
39	Feed	230494328
31,5	BlinkStart	230494489
31,5	BlinkEnd	230504396
5	0DropFeed	230504476
31	Feed	230504556
8,56,2,39	BlinkStart	230504708
8,56,2,39	BlinkEnd	230507405
2	Feed	230507485
39	Feed	230507565
31,5	BlinkStart	230507706
31,5	BlinkEnd	230516761
5	0DropFeed	230516841
31	Feed	230516921
8,56,2,39	BlinkStart	230517087
8,56,2,39	BlinkEnd	230519368
2	Feed	230519448
39	Feed	230519528
31,5	BlinkStart	230519690
31,5	BlinkEnd	230529661
5	0DropFeed	230529741
31	Feed	230529821
8,56,2,39	BlinkStart	230530010
8,56,2,39	BlinkEnd	230532401
2	Feed	230532481
39	Feed	230532561
30,5	BlinkStart	230532744
30,5	BlinkEnd	230541893
5	0DropFeed	230541973
30	Feed	230542053
8,56,2,39	BlinkStart	230542220
8,56,2,39	BlinkEnd	230544567
2	Feed	230544648
39	Feed	230544728
29,5	BlinkStart	230544871
29,5	BlinkEnd	230553255
5	0DropFeed	230553335
29	Feed	230553415
8,56,2,39	BlinkStart	230553578
8,56,2,39	BlinkEnd	230555928
2	Feed	230556008
39	Feed	230556088
28,5	BlinkStart	230556238
28,5	BlinkEnd	230564886
5	0DropFeed	230564966
28	Feed	230565046
8,56,2,39	BlinkStart	230565205
8,56,2,39	BlinkEnd	230567626
2	Feed	230567706
39	Feed	230567786
27,5	BlinkStart	230567936
27,5	BlinkEnd	230575916
5	0DropFeed	230575996
27	Feed	230576076
8,56,2,39	BlinkStart	230576257
8,56,2,39	BlinkEnd	230578722
2	Feed	230578802
39	Feed	230578882
26,5	BlinkStart	230579043
26,5	BlinkEnd	230587545
5	0DropFeed	230587625
26	Feed	230587706
8,56,2,39	BlinkStart	230587869
8,56,2,39	BlinkEnd	230590419
2	Feed	230590499
39	Feed	230590579
25,5	BlinkStart	230590728
25,5	BlinkEnd	230600245
5	0DropFeed	230600325
25	Feed	230600405
8,56,2,39	BlinkStart	230600557
8,56,2,39	BlinkEnd	230602991
2	Feed	230603071
39	Feed	230603151
23,5	BlinkStart	230603317
23,5	BlinkEnd	230612544
5	0DropFeed	230612624
23	NoFeedAbort	230612704
1	BlinkStart	230622795
1	BlinkEnd	230645296
1	NoFeedLowProb	230645376
4,42	BlinkStart	230645471
4,42	BlinkEnd	230648437
4	Feed	230648517
42	Feed	230648597
1	BlinkStart	230648783
1	BlinkEnd	230655589
1	NoFeedLowProb	230655669
4,42	BlinkStart	230655798
4,42	BlinkEnd	230659800
4	Feed	230659880
42	Feed	230659960
1	BlinkStart	230660121
1	BlinkEnd	230667352
1	NoFeedLowProb	230667432
4,42	BlinkStart	230667519
4,42	BlinkEnd	230670495
4	Feed	230670576
42	Feed	230670656
22,1	BlinkStart	230670795
22,1	BlinkEnd	230678047
1	0DropFeed	230678127
22	Feed	230678207
4,42,6	BlinkStart	230678395
4,42,6	BlinkEnd	230681924
6	0DropFeed	230682005
22,1	BlinkStart	230682153
22,1	BlinkEnd	230688273
1	0DropFeed	230688353
22	Feed	230688434
4,42,6	BlinkStart	230688601
4,42,6	BlinkEnd	230691883
4	Feed	230691963
42	Feed	230692043
22,1	BlinkStart	230692194
22,1	BlinkEnd	230698968
1	0DropFeed	230699048
22	Feed	230699129
4,42,6	BlinkStart	230699280
4,42,6	BlinkEnd	230702378
4	Feed	230702458
42	Feed	230702538
22,1	BlinkStart	230702711
22,1	BlinkEnd	230710402
1	0DropFeed	230710482
22	Feed	230710563
4,42,6	BlinkStart	230710738
4,42,6	BlinkEnd	230713809
4	Feed	230713889
42	Feed	230713969
22,1	BlinkStart	230714124
22,1	BlinkEnd	230721172
1	0DropFeed	230721252
22	Feed	230721332
4,42,6	BlinkStart	230721510
4,42,6	BlinkEnd	230724100
4	Feed	230724181
42	Feed	230724261
22,1	BlinkStart	230724430
22,1	BlinkEnd	230731653
1	0DropFeed	230731733
22	Feed	230731813
4,42,6	BlinkStart	230731984
4,42,6	BlinkEnd	230734862
4	Feed	230734942
42	Feed	230735022
22,1	BlinkStart	230735198
22,1	BlinkEnd	230742615
1	0DropFeed	230742695
22	Feed	230742775
4,42,6	BlinkStart	230742927
4,42,6	BlinkEnd	230746626
6	0DropFeed	230746706
22,1	BlinkStart	230746865
22,1	BlinkEnd	230750837
1	0DropFeed	230750917
22	Feed	230750997
4,42,6	BlinkStart	230751175
4,42,6	BlinkEnd	230754583
4	Feed	230754663
42	Feed	230754743
22,1	BlinkStart	230754905
22,1	BlinkEnd	230762734
1	0DropFeed	230762814
22	Feed	230762894
4,42,6	BlinkStart	230763090
4,42,6	BlinkEnd	230766746
6	0DropFeed	230766826
21,1	BlinkStart	230766984
21,1	BlinkEnd	230779781
1	0DropFeed	230779861
21	Feed	230779941
4,42,6	BlinkStart	230780107
4,42,6	BlinkEnd	230783188
4	Feed	230783268
42	Feed	230783348
20,1	BlinkStart	230783546
20,1	BlinkEnd	230791945
1	0DropFeed	230792025
20	Feed	230792105
4,42,6	BlinkStart	230792277
4,42,6	BlinkEnd	230797559
4	Feed	230797639
42	Feed	230797719
19,1	BlinkStart	230797870
19,1	BlinkEnd	230805582
1	0DropFeed	230805662
19	Feed	230805743
4,42,6	BlinkStart	230805893
4,42,6	BlinkEnd	230808721
4	Feed	230808802
42	Feed	230808882
18,1	BlinkStart	230809057
18,1	BlinkEnd	230817076
1	0DropFeed	230817157
18	Feed	230817237
4,42,6	BlinkStart	230817392
4,42,6	BlinkEnd	230820623
4	Feed	230820703
42	Feed	230820783
17,1	BlinkStart	230820927
17,1	BlinkEnd	230828239
1	0DropFeed	230828319
17	Feed	230828399
4,42,6	BlinkStart	230828559
4,42,6	BlinkEnd	230832115
6	0DropFeed	230832195
16,1	BlinkStart	230832365
16,1	BlinkEnd	230835924
1	0DropFeed	230836005
16	Feed	230836085
4,42,6	BlinkStart	230836274
4,42,6	BlinkEnd	230840805
4	Feed	230840885
42	Feed	230840965
14,1	BlinkStart	230841140
14,1	BlinkEnd	230851508
1	0DropFeed	230851588
14	NoFeedAbort	230851668
5	BlinkStart	230861733
5	BlinkEnd	230906043
5	NoFeedLowProb	230906123
8	BlinkStart	230906205
8	BlinkEnd	230909182
8	0DropFeed	230909262
5	BlinkStart	230909446
5	BlinkEnd	230934519
5	NoFeedLowProb	230934599
8	BlinkStart	230934687
8	BlinkEnd	230938463
8	0DropFeed	230938543
5	BlinkStart	230938716
5	BlinkEnd	230946413
5	NoFeedLowProb	230946493
8	BlinkStart	230946580
8	BlinkEnd	230951826
8	0DropFeed	230951906
31,5	BlinkStart	230952076
31,5	BlinkEnd	230960651
5	0DropFeed	230960731
31	Feed	230960811
2,41,8	BlinkStart	230961002
2,41,8	BlinkEnd	230964069
2	Feed	230964149
41	Feed	230964229
31,5	BlinkStart	230964400
31,5	BlinkEnd	230983310
5	0DropFeed	230983390
31	Feed	230983470
2,41,8	BlinkStart	230983642
2,41,8	BlinkEnd	230986327
2	Feed	230986407
41	Feed	230986487
31,5	BlinkStart	230986648
31,5	BlinkEnd	231000962
5	0DropFeed	231001042
31	Feed	231001122
2,41,8	BlinkStart	231001272
2,41,8	BlinkEnd	231003762
2	Feed	231003842
41	Feed	231003923
31,5	BlinkStart	231004097
31,5	BlinkEnd	231024426
5	0DropFeed	231024506
31	Feed	231024586
2,41,8	BlinkStart	231024750
2,41,8	BlinkEnd	231027357
2	Feed	231027437
41	Feed	231027518
31,5	BlinkStart	231027683
31,5	BlinkEnd	231042474
5	0DropFeed	231042555
31	Feed	231042635
2,41,8	BlinkStart	231042799
2,41,8	BlinkEnd	231045338
2	Feed	231045418
41	Feed	231045498
31,5	BlinkStart	231045669
31,5	BlinkEnd	231059173
5	0DropFeed	231059253
31	Feed	231059333
2,41,8	BlinkStart	231059515
2,41,8	BlinkEnd	231062391
2	Feed	231062471
41	Feed	231062551
31,5	BlinkStart	231062712
31,5	BlinkEnd	231076020
5	0DropFeed	231076100
31	Feed	231076180
2,41,8	BlinkStart	231076366
2,41,8	BlinkEnd	231078771
2	Feed	231078851
41	Feed	231078931
31,5	BlinkStart	231079072
31,5	BlinkEnd	231094804
5	0DropFeed	231094884
31	Feed	231094964
2,41,8	BlinkStart	231095153
2,41,8	BlinkEnd	231097942
2	Feed	231098023
41	Feed	231098103
31,5	BlinkStart	231098269
31,5	BlinkEnd	231113249
5	0DropFeed	231113329
31	Feed	231113409
2,41,8	BlinkStart	231113568
2,41,8	BlinkEnd	231116590
2	Feed	231116670
41	Feed	231116750
30,5	BlinkStart	231116904
30,5	BlinkEnd	231131563
5	0DropFeed	231131643
30	Feed	231131723
2,41,8	BlinkStart	231131876
2,41,8	BlinkEnd	231134650
2	Feed	231134730
41	Feed	231134810
29,5	BlinkStart	231134974
29,5	BlinkEnd	231149542
5	0DropFeed	231149623
29	Feed	231149703
2,41,8	BlinkStart	231149861
2,41,8	BlinkEnd	231152552
2	Feed	231152633
41	Feed	231152714
28,5	BlinkStart	231152881
28,5	BlinkEnd	231170664
5	0DropFeed	231170744
28	Feed	231170824
2,41,8	BlinkStart	231170992
2,41,8	BlinkEnd	231173405
2	Feed	231173485
41	Feed	231173566
27,5	BlinkStart	231173743
27,5	BlinkEnd	231191453
5	0DropFeed	231191533
27	Feed	231191614
2,41,8	BlinkStart	231191779
2,41,8	BlinkEnd	231194660
2	Feed	231194740
41	Feed	231194820
26,5	BlinkStart	231194972
26,5	BlinkEnd	231210101
5	0DropFeed	231210181
26	Feed	231210261
2,41,8	BlinkStart	231210416
2,41,8	BlinkEnd	231213109
2	Feed	231213189
41	Feed	231213269
25,5	BlinkStart	231213421
25,5	BlinkEnd	231227613
5	0DropFeed	231227693
25	Feed	231227773
2,41,8	BlinkStart	231227935
2,41,8	BlinkEnd	231230554
2	Feed	231230634
41	Feed	231230714
23,5	BlinkStart	231230892
23,5	BlinkEnd	231249804
5	0DropFeed	231249884
23	NoFeedAbort	231249964
1	BlinkStart	231260028
1	BlinkEnd	231274669
1	NoFeedLowProb	231274749
6,51	BlinkStart	231274862
6,51	BlinkEnd	231282890
6	Feed	231282970
51	Feed	231283050
1	BlinkStart	231283225
1	BlinkEnd	231306551
1	NoFeedLowProb	231306631
6,51	BlinkStart	231306738
6,51	BlinkEnd	231311431
6	Feed	231311511
51	Feed	231311592
1	BlinkStart	231311764
1	BlinkEnd	231362428
