Ver1.3	2472465745	StartFile	9/17/2020	9:53:54 AM	E:\BehavioralExperiments\Twenty\Horizon\RawData\091720\SoundData.txt	2472465745
2472718150	Triggered	5,23,24,25,26,27,28,29,30,31,	 NoSound	40	2	2472718150
2472718351	Triggered	5,23,24,25,26,27,28,29,30,31,	 StopSoundShort	40	2	2472718351
2472842529	Triggered	1,14,15,16,17,18,19,20,21,22,	 NoSound	40	2	2472842529
2472866323	Triggered	6,47,48,49,50,51,	 NoSound	40	2	2472866323
2472866524	Triggered	6,47,48,49,50,51,	 File_beep2	40	2	2472866524
2472887512	Triggered	1,14,15,16,17,18,19,20,21,22,	 NoSound	40	2	2472887512
2472893470	Triggered	6,47,48,49,50,51,	 NoSound	40	2	2472893470
2472893672	Triggered	6,47,48,49,50,51,	 File_beep2	40	2	2472893672
2472912578	Triggered	1,14,15,16,17,18,19,20,21,22,	 NoSound	40	2	2472912578
2472918191	Triggered	6,47,48,49,50,51,	 NoSound	40	2	2472918191
2472918393	Triggered	6,47,48,49,50,51,	 File_beep2	40	2	2472918393
2472934034	Triggered	1,14,15,16,17,18,19,20,21,22,	 NoSound	40	2	2472934034
2472938784	Triggered	4,42,43,44,45,46,	 NoSound	40	2	2472938784
2472938985	Triggered	4,42,43,44,45,46,	 File_beep1	40	2	2472938985
2472950020	Triggered	1,14,15,16,17,18,19,20,21,22,	 NoSound	40	2	2472950020
2472950223	Triggered	1,14,15,16,17,18,19,20,21,22,	 PureTone-1kHz	40	2	2472950223
2472955832	Triggered	6,47,48,49,50,51,	 NoSound	40	2	2472955832
2472956034	Triggered	6,47,48,49,50,51,	 File_beep2	40	2	2472956034
2472970196	Triggered	1,14,15,16,17,18,19,20,21,22,	 NoSound	40	2	2472970196
2472970397	Triggered	1,14,15,16,17,18,19,20,21,22,	 StopSoundLong	40	2	2472970397
2472983161	Triggered	5,23,24,25,26,27,28,29,30,31,	 NoSound	40	2	2472983161
2472987507	Triggered	2,37,38,39,40,41,	 NoSound	40	2	2472987507
2472987709	Triggered	2,37,38,39,40,41,	 File_beep1	40	2	2472987709
2473005686	Triggered	5,23,24,25,26,27,28,29,30,31,	 NoSound	40	2	2473005686
2473009630	Triggered	8,52,53,54,55,56,	 NoSound	40	2	2473009630
2473009831	Triggered	8,52,53,54,55,56,	 File_beep3	40	2	2473009831
2473025671	Triggered	5,23,24,25,26,27,28,29,30,31,	 NoSound	40	2	2473025671
2473029416	Triggered	8,52,53,54,55,56,	 NoSound	40	2	2473029416
2473029617	Triggered	8,52,53,54,55,56,	 File_beep3	40	2	2473029617
2473043317	Triggered	5,23,24,25,26,27,28,29,30,31,	 NoSound	40	2	2473043317
2473046860	Triggered	2,37,38,39,40,41,	 NoSound	40	2	2473046860
2473047061	Triggered	2,37,38,39,40,41,	 File_beep1	40	2	2473047061
2473055150	Triggered	5,23,24,25,26,27,28,29,30,31,	 NoSound	40	2	2473055150
2473055355	Triggered	5,23,24,25,26,27,28,29,30,31,	 PureTone-9kHz	40	2	2473055355
2473058825	Triggered	8,52,53,54,55,56,	 NoSound	40	2	2473058825
2473059026	Triggered	8,52,53,54,55,56,	 File_beep3	40	2	2473059026
2473071390	Triggered	5,23,24,25,26,27,28,29,30,31,	 NoSound	40	2	2473071390
2473071593	Triggered	5,23,24,25,26,27,28,29,30,31,	 PureTone-7kHz	40	2	2473071593
2473075736	Triggered	8,52,53,54,55,56,	 NoSound	40	2	2473075736
2473075937	Triggered	8,52,53,54,55,56,	 File_beep3	40	2	2473075937
2473087835	Triggered	5,23,24,25,26,27,28,29,30,31,	 NoSound	40	2	2473087835
2473088038	Triggered	5,23,24,25,26,27,28,29,30,31,	 PureTone-5kHz	40	2	2473088038
2473092514	Triggered	8,52,53,54,55,56,	 NoSound	40	2	2473092514
2473092715	Triggered	8,52,53,54,55,56,	 File_beep3	40	2	2473092715
2473105346	Triggered	5,23,24,25,26,27,28,29,30,31,	 NoSound	40	2	2473105346
2473105548	Triggered	5,23,24,25,26,27,28,29,30,31,	 PureTone-3kHz	40	2	2473105548
2473109891	Triggered	8,52,53,54,55,56,	 NoSound	40	2	2473109891
2473110092	Triggered	8,52,53,54,55,56,	 File_beep3	40	2	2473110092
2473199592	Triggered	5,23,24,25,26,27,28,29,30,31,	 NoSound	40	2	2473199592
2473199795	Triggered	5,23,24,25,26,27,28,29,30,31,	 PureTone-2kHz	40	2	2473199795
2473203802	Triggered	8,52,53,54,55,56,	 NoSound	40	2	2473203802
2473204004	Triggered	8,52,53,54,55,56,	 File_beep3	40	2	2473204004
2473216101	Triggered	5,23,24,25,26,27,28,29,30,31,	 NoSound	40	2	2473216101
2473216303	Triggered	5,23,24,25,26,27,28,29,30,31,	 PureTone-1kHz	40	2	2473216303
2473220044	Triggered	2,37,38,39,40,41,	 NoSound	40	2	2473220044
2473220245	Triggered	2,37,38,39,40,41,	 File_beep1	40	2	2473220245
2473226996	Triggered	5,23,24,25,26,27,28,29,30,31,	 NoSound	40	2	2473226996
2473227198	Triggered	5,23,24,25,26,27,28,29,30,31,	 StopSoundShort	40	2	2473227198
2473245913	Triggered	1,14,15,16,17,18,19,20,21,22,	 NoSound	40	2	2473245913
2473249589	Triggered	6,47,48,49,50,51,	 NoSound	40	2	2473249589
2473249805	Triggered	6,47,48,49,50,51,	 File_beep2	40	2	2473249805
2473263826	Triggered	1,14,15,16,17,18,19,20,21,22,	 NoSound	40	2	2473263826
2473267977	Triggered	4,42,43,44,45,46,	 NoSound	40	2	2473267977
2473268178	Triggered	4,42,43,44,45,46,	 File_beep1	40	2	2473268178
2473277205	Triggered	1,14,15,16,17,18,19,20,21,22,	 NoSound	40	2	2473277205
2473281010	Triggered	4,42,43,44,45,46,	 NoSound	40	2	2473281010
2473281211	Triggered	4,42,43,44,45,46,	 File_beep1	40	2	2473281211
2473288363	Triggered	1,14,15,16,17,18,19,20,21,22,	 NoSound	40	2	2473288363
2473292434	Triggered	6,47,48,49,50,51,	 NoSound	40	2	2473292434
2473292635	Triggered	6,47,48,49,50,51,	 File_beep2	40	2	2473292635
2473305734	Triggered	1,14,15,16,17,18,19,20,21,22,	 NoSound	40	2	2473305734
2473305936	Triggered	1,14,15,16,17,18,19,20,21,22,	 PureTone-1kHz	40	2	2473305936
2473309946	Triggered	6,47,48,49,50,51,	 NoSound	40	2	2473309946
2473310147	Triggered	6,47,48,49,50,51,	 File_beep2	40	2	2473310147
2473323181	Triggered	1,14,15,16,17,18,19,20,21,22,	 NoSound	40	2	2473323181
2473323382	Triggered	1,14,15,16,17,18,19,20,21,22,	 StopSoundLong	40	2	2473323382
2473337350	Triggered	5,23,24,25,26,27,28,29,30,31,	 NoSound	40	2	2473337350
2473340492	Triggered	8,52,53,54,55,56,	 NoSound	40	2	2473340492
2473340694	Triggered	8,52,53,54,55,56,	 File_beep2	40	2	2473340694
2473350994	Triggered	5,23,24,25,26,27,28,29,30,31,	 NoSound	40	2	2473350994
2473354269	Triggered	2,37,38,39,40,41,	 NoSound	40	2	2473354269
2473354471	Triggered	2,37,38,39,40,41,	 File_beep3	40	2	2473354471
2473368765	Triggered	5,23,24,25,26,27,28,29,30,31,	 NoSound	40	2	2473368765
2473371908	Triggered	2,37,38,39,40,41,	 NoSound	40	2	2473371908
2473372109	Triggered	2,37,38,39,40,41,	 File_beep3	40	2	2473372109
2473388486	Triggered	5,23,24,25,26,27,28,29,30,31,	 NoSound	40	2	2473388486
2473391558	Triggered	2,37,38,39,40,41,	 NoSound	40	2	2473391558
2473391772	Triggered	2,37,38,39,40,41,	 File_beep3	40	2	2473391772
2473406664	Triggered	5,23,24,25,26,27,28,29,30,31,	 NoSound	40	2	2473406664
2473406868	Triggered	5,23,24,25,26,27,28,29,30,31,	 PureTone-9kHz	40	2	2473406868
2473409949	Triggered	8,52,53,54,55,56,	 NoSound	40	2	2473409949
2473410150	Triggered	8,52,53,54,55,56,	 File_beep2	40	2	2473410150
2473419030	Triggered	5,23,24,25,26,27,28,29,30,31,	 NoSound	40	2	2473419030
2473419233	Triggered	5,23,24,25,26,27,28,29,30,31,	 PureTone-7kHz	40	2	2473419233
2473422373	Triggered	8,52,53,54,55,56,	 NoSound	40	2	2473422373
2473422574	Triggered	8,52,53,54,55,56,	 File_beep2	40	2	2473422574
2473431729	Triggered	5,23,24,25,26,27,28,29,30,31,	 NoSound	40	2	2473431729
2473431933	Triggered	5,23,24,25,26,27,28,29,30,31,	 PureTone-5kHz	40	2	2473431933
2473435539	Triggered	8,52,53,54,55,56,	 NoSound	40	2	2473435539
2473435741	Triggered	8,52,53,54,55,56,	 File_beep2	40	2	2473435741
2473444897	Triggered	5,23,24,25,26,27,28,29,30,31,	 NoSound	40	2	2473444897
2473445098	Triggered	5,23,24,25,26,27,28,29,30,31,	 PureTone-3kHz	40	2	2473445098
2473448841	Triggered	2,37,38,39,40,41,	 NoSound	40	2	2473448841
2473449044	Triggered	2,37,38,39,40,41,	 File_beep3	40	2	2473449044
2473461675	Triggered	5,23,24,25,26,27,28,29,30,31,	 NoSound	40	2	2473461675
2473461877	Triggered	5,23,24,25,26,27,28,29,30,31,	 PureTone-2kHz	40	2	2473461877
2473465084	Triggered	2,37,38,39,40,41,	 NoSound	40	2	2473465084
2473465286	Triggered	2,37,38,39,40,41,	 File_beep3	40	2	2473465286
2473477859	Triggered	5,23,24,25,26,27,28,29,30,31,	 NoSound	40	2	2473477859
2473478070	Triggered	5,23,24,25,26,27,28,29,30,31,	 PureTone-1kHz	40	2	2473478070
2473481727	Triggered	8,52,53,54,55,56,	 NoSound	40	2	2473481727
2473481928	Triggered	8,52,53,54,55,56,	 File_beep2	40	2	2473481928
2473492153	Triggered	5,23,24,25,26,27,28,29,30,31,	 NoSound	40	2	2473492153
2473492354	Triggered	5,23,24,25,26,27,28,29,30,31,	 StopSoundShort	40	2	2473492354
2473506057	Triggered	1,14,15,16,17,18,19,20,21,22,	 NoSound	40	2	2473506057
2473509599	Triggered	4,42,43,44,45,46,	 NoSound	40	2	2473509599
2473509800	Triggered	4,42,43,44,45,46,	 File_beep2	40	2	2473509800
2473518557	Triggered	1,14,15,16,17,18,19,20,21,22,	 NoSound	40	2	2473518557
2473528448	Triggered	4,42,43,44,45,46,	 NoSound	40	2	2473528448
2473528650	Triggered	4,42,43,44,45,46,	 File_beep2	40	2	2473528650
2473540680	Triggered	1,14,15,16,17,18,19,20,21,22,	 NoSound	40	2	2473540680
2473544224	Triggered	6,47,48,49,50,51,	 NoSound	40	2	2473544224
2473544425	Triggered	6,47,48,49,50,51,	 File_beep1	40	2	2473544425
2473553115	Triggered	1,14,15,16,17,18,19,20,21,22,	 NoSound	40	2	2473553115
2473559130	Triggered	4,42,43,44,45,46,	 NoSound	40	2	2473559130
2473559331	Triggered	4,42,43,44,45,46,	 File_beep2	40	2	2473559331
2473567349	Triggered	1,14,15,16,17,18,19,20,21,22,	 NoSound	40	2	2473567349
2473567551	Triggered	1,14,15,16,17,18,19,20,21,22,	 PureTone-1kHz	40	2	2473567551
2473572363	Triggered	4,42,43,44,45,46,	 NoSound	40	2	2473572363
2473572563	Triggered	4,42,43,44,45,46,	 File_beep2	40	2	2473572563
2473581588	Triggered	1,14,15,16,17,18,19,20,21,22,	 NoSound	40	2	2473581588
2473581789	Triggered	1,14,15,16,17,18,19,20,21,22,	 StopSoundLong	40	2	2473581789
2473594086	Triggered	5,23,24,25,26,27,28,29,30,31,	 NoSound	40	2	2473594086
2473597295	Triggered	8,52,53,54,55,56,	 NoSound	40	2	2473597295
2473597497	Triggered	8,52,53,54,55,56,	 File_beep3	40	2	2473597497
2473614274	Triggered	5,23,24,25,26,27,28,29,30,31,	 NoSound	40	2	2473614274
2473618286	Triggered	8,52,53,54,55,56,	 NoSound	40	2	2473618286
2473618487	Triggered	8,52,53,54,55,56,	 File_beep3	40	2	2473618487
2473645553	Triggered	5,23,24,25,26,27,28,29,30,31,	 NoSound	40	2	2473645553
2473648429	Triggered	2,37,38,39,40,41,	 NoSound	40	2	2473648429
2473648629	Triggered	2,37,38,39,40,41,	 File_beep1	40	2	2473648629
2473657720	Triggered	5,23,24,25,26,27,28,29,30,31,	 NoSound	40	2	2473657720
2473660794	Triggered	2,37,38,39,40,41,	 NoSound	40	2	2473660794
2473660994	Triggered	2,37,38,39,40,41,	 File_beep1	40	2	2473660994
2473670152	Triggered	5,23,24,25,26,27,28,29,30,31,	 NoSound	40	2	2473670152
2473670355	Triggered	5,23,24,25,26,27,28,29,30,31,	 PureTone-9kHz	40	2	2473670355
2473673693	Triggered	8,52,53,54,55,56,	 NoSound	40	2	2473673693
2473673895	Triggered	8,52,53,54,55,56,	 File_beep3	40	2	2473673895
2473688667	Triggered	5,23,24,25,26,27,28,29,30,31,	 NoSound	40	2	2473688667
2473688870	Triggered	5,23,24,25,26,27,28,29,30,31,	 PureTone-7kHz	40	2	2473688870
2473692276	Triggered	2,37,38,39,40,41,	 NoSound	40	2	2473692276
2473692477	Triggered	2,37,38,39,40,41,	 File_beep1	40	2	2473692477
2473701165	Triggered	5,23,24,25,26,27,28,29,30,31,	 NoSound	40	2	2473701165
2473701366	Triggered	5,23,24,25,26,27,28,29,30,31,	 PureTone-5kHz	40	2	2473701366
2473704975	Triggered	8,52,53,54,55,56,	 NoSound	40	2	2473704975
2473705176	Triggered	8,52,53,54,55,56,	 File_beep3	40	2	2473705176
2473717141	Triggered	5,23,24,25,26,27,28,29,30,31,	 NoSound	40	2	2473717141
2473717343	Triggered	5,23,24,25,26,27,28,29,30,31,	 PureTone-3kHz	40	2	2473717343
2473720616	Triggered	8,52,53,54,55,56,	 NoSound	40	2	2473720616
2473720820	Triggered	8,52,53,54,55,56,	 File_beep3	40	2	2473720820
2473731515	Triggered	5,23,24,25,26,27,28,29,30,31,	 NoSound	40	2	2473731515
2473731716	Triggered	5,23,24,25,26,27,28,29,30,31,	 PureTone-2kHz	40	2	2473731716
2473736123	Triggered	2,37,38,39,40,41,	 NoSound	40	2	2473736123
2473736324	Triggered	2,37,38,39,40,41,	 File_beep1	40	2	2473736324
2473743877	Triggered	5,23,24,25,26,27,28,29,30,31,	 NoSound	40	2	2473743877
2473744091	Triggered	5,23,24,25,26,27,28,29,30,31,	 PureTone-1kHz	40	2	2473744091
2473747762	Triggered	8,52,53,54,55,56,	 NoSound	40	2	2473747762
2473747963	Triggered	8,52,53,54,55,56,	 File_beep3	40	2	2473747963
2473759117	Triggered	5,23,24,25,26,27,28,29,30,31,	 NoSound	40	2	2473759117
2473759318	Triggered	5,23,24,25,26,27,28,29,30,31,	 StopSoundShort	40	2	2473759318
2473819277	Triggered	1,14,15,16,17,18,19,20,21,22,	 NoSound	40	2	2473819277
2473822615	Triggered	6,47,48,49,50,51,	 NoSound	40	2	2473822615
2473822815	Triggered	6,47,48,49,50,51,	 File_beep1	40	2	2473822815
2473832775	Triggered	1,14,15,16,17,18,19,20,21,22,	 NoSound	40	2	2473832775
2473836451	Triggered	6,47,48,49,50,51,	 NoSound	40	2	2473836451
2473836652	Triggered	6,47,48,49,50,51,	 File_beep1	40	2	2473836652
2473850087	Triggered	1,14,15,16,17,18,19,20,21,22,	 NoSound	40	2	2473850087
2473854030	Triggered	6,47,48,49,50,51,	 NoSound	40	2	2473854030
2473854230	Triggered	6,47,48,49,50,51,	 File_beep1	40	2	2473854230
2473865661	Triggered	1,14,15,16,17,18,19,20,21,22,	 NoSound	40	2	2473865661
2473869070	Triggered	4,42,43,44,45,46,	 NoSound	40	2	2473869070
2473869284	Triggered	4,42,43,44,45,46,	 File_beep2	40	2	2473869284
2473878569	Triggered	1,14,15,16,17,18,19,20,21,22,	 NoSound	40	2	2473878569
2473878770	Triggered	1,14,15,16,17,18,19,20,21,22,	 PureTone-1kHz	40	2	2473878770
2473882171	Triggered	6,47,48,49,50,51,	 NoSound	40	2	2473882171
2473882372	Triggered	6,47,48,49,50,51,	 File_beep1	40	2	2473882372
2473892865	Triggered	1,14,15,16,17,18,19,20,21,22,	 NoSound	40	2	2473892865
2473893067	Triggered	1,14,15,16,17,18,19,20,21,22,	 StopSoundLong	40	2	2473893067
2473909508	Triggered	5,23,24,25,26,27,28,29,30,31,	 NoSound	40	2	2473909508
2473912660	Triggered	2,37,38,39,40,41,	 NoSound	40	2	2473912660
2473912862	Triggered	2,37,38,39,40,41,	 File_beep2	40	2	2473912862
2473924013	Triggered	5,23,24,25,26,27,28,29,30,31,	 NoSound	40	2	2473924013
2473927287	Triggered	2,37,38,39,40,41,	 NoSound	40	2	2473927287
2473927504	Triggered	2,37,38,39,40,41,	 File_beep2	40	2	2473927504
2473939454	Triggered	5,23,24,25,26,27,28,29,30,31,	 NoSound	40	2	2473939454
2473942862	Triggered	8,52,53,54,55,56,	 NoSound	40	2	2473942862
2473943078	Triggered	8,52,53,54,55,56,	 File_beep3	40	2	2473943078
2473955294	Triggered	5,23,24,25,26,27,28,29,30,31,	 NoSound	40	2	2473955294
2473958770	Triggered	8,52,53,54,55,56,	 NoSound	40	2	2473958770
2473958985	Triggered	8,52,53,54,55,56,	 File_beep3	40	2	2473958985
2473971215	Triggered	5,23,24,25,26,27,28,29,30,31,	 NoSound	40	2	2473971215
2473971420	Triggered	5,23,24,25,26,27,28,29,30,31,	 PureTone-9kHz	40	2	2473971420
2473974612	Triggered	8,52,53,54,55,56,	 NoSound	40	2	2473974612
2473974815	Triggered	8,52,53,54,55,56,	 File_beep3	40	2	2473974815
2473988447	Triggered	5,23,24,25,26,27,28,29,30,31,	 NoSound	40	2	2473988447
2473988651	Triggered	5,23,24,25,26,27,28,29,30,31,	 PureTone-7kHz	40	2	2473988651
2473992124	Triggered	2,37,38,39,40,41,	 NoSound	40	2	2473992124
2473992326	Triggered	2,37,38,39,40,41,	 File_beep2	40	2	2473992326
2474004422	Triggered	5,23,24,25,26,27,28,29,30,31,	 NoSound	40	2	2474004422
2474004626	Triggered	5,23,24,25,26,27,28,29,30,31,	 PureTone-5kHz	40	2	2474004626
2474007764	Triggered	8,52,53,54,55,56,	 NoSound	40	2	2474007764
2474007965	Triggered	8,52,53,54,55,56,	 File_beep3	40	2	2474007965
2474019528	Triggered	5,23,24,25,26,27,28,29,30,31,	 NoSound	40	2	2474019528
2474019731	Triggered	5,23,24,25,26,27,28,29,30,31,	 PureTone-3kHz	40	2	2474019731
2474023138	Triggered	8,52,53,54,55,56,	 NoSound	40	2	2474023138
2474023339	Triggered	8,52,53,54,55,56,	 File_beep3	40	2	2474023339
2474035310	Triggered	5,23,24,25,26,27,28,29,30,31,	 NoSound	40	2	2474035310
2474035513	Triggered	5,23,24,25,26,27,28,29,30,31,	 PureTone-2kHz	40	2	2474035513
2474039114	Triggered	8,52,53,54,55,56,	 NoSound	40	2	2474039114
2474039315	Triggered	8,52,53,54,55,56,	 File_beep3	40	2	2474039315
2474050810	Triggered	5,23,24,25,26,27,28,29,30,31,	 NoSound	40	2	2474050810
2474051024	Triggered	5,23,24,25,26,27,28,29,30,31,	 PureTone-1kHz	40	2	2474051024
2474054753	Triggered	2,37,38,39,40,41,	 NoSound	40	2	2474054753
2474054955	Triggered	2,37,38,39,40,41,	 File_beep2	40	2	2474054955
2474066259	Triggered	5,23,24,25,26,27,28,29,30,31,	 NoSound	40	2	2474066259
2474066461	Triggered	5,23,24,25,26,27,28,29,30,31,	 StopSoundShort	40	2	2474066461
2474092665	Triggered	1,14,15,16,17,18,19,20,21,22,	 NoSound	40	2	2474092665
2474096596	Triggered	6,47,48,49,50,51,	 NoSound	40	2	2474096596
2474096797	Triggered	6,47,48,49,50,51,	 File_beep3	40	2	2474096797
2474114308	Triggered	1,14,15,16,17,18,19,20,21,22,	 NoSound	40	2	2474114308
2474117857	Triggered	6,47,48,49,50,51,	 NoSound	40	2	2474117857
2474118059	Triggered	6,47,48,49,50,51,	 File_beep3	40	2	2474118059
2474133291	Triggered	1,14,15,16,17,18,19,20,21,22,	 NoSound	40	2	2474133291
2474137048	Triggered	6,47,48,49,50,51,	 NoSound	40	2	2474137048
2474137250	Triggered	6,47,48,49,50,51,	 File_beep3	40	2	2474137250
2474153477	Triggered	1,14,15,16,17,18,19,20,21,22,	 NoSound	40	2	2474153477
2474157153	Triggered	6,47,48,49,50,51,	 NoSound	40	2	2474157153
2474157355	Triggered	6,47,48,49,50,51,	 File_beep3	40	2	2474157355
2474175000	Triggered	1,14,15,16,17,18,19,20,21,22,	 NoSound	40	2	2474175000
2474175202	Triggered	1,14,15,16,17,18,19,20,21,22,	 PureTone-1kHz	40	2	2474175202
2474178811	Triggered	4,42,43,44,45,46,	 NoSound	40	2	2474178811
2474179012	Triggered	4,42,43,44,45,46,	 File_beep2	40	2	2474179012
2474192846	Triggered	1,14,15,16,17,18,19,20,21,22,	 NoSound	40	2	2474192846
2474193048	Triggered	1,14,15,16,17,18,19,20,21,22,	 StopSoundLong	40	2	2474193048
2474206562	Triggered	5,23,24,25,26,27,28,29,30,31,	 NoSound	40	2	2474206562
2474209489	Triggered	2,37,38,39,40,41,	 NoSound	40	2	2474209489
2474209692	Triggered	2,37,38,39,40,41,	 File_beep2	40	2	2474209692
2474220586	Triggered	5,23,24,25,26,27,28,29,30,31,	 NoSound	40	2	2474220586
2474223726	Triggered	2,37,38,39,40,41,	 NoSound	40	2	2474223726
2474223928	Triggered	2,37,38,39,40,41,	 File_beep2	40	2	2474223928
2474234755	Triggered	5,23,24,25,26,27,28,29,30,31,	 NoSound	40	2	2474234755
2474237898	Triggered	2,37,38,39,40,41,	 NoSound	40	2	2474237898
2474238101	Triggered	2,37,38,39,40,41,	 File_beep2	40	2	2474238101
2474249334	Triggered	5,23,24,25,26,27,28,29,30,31,	 NoSound	40	2	2474249334
2474252469	Triggered	2,37,38,39,40,41,	 NoSound	40	2	2474252469
2474252670	Triggered	2,37,38,39,40,41,	 File_beep2	40	2	2474252670
2474265101	Triggered	5,23,24,25,26,27,28,29,30,31,	 NoSound	40	2	2474265101
2474265304	Triggered	5,23,24,25,26,27,28,29,30,31,	 PureTone-9kHz	40	2	2474265304
2474268243	Triggered	8,52,53,54,55,56,	 NoSound	40	2	2474268243
2474268445	Triggered	8,52,53,54,55,56,	 File_beep3	40	2	2474268445
2474281076	Triggered	5,23,24,25,26,27,28,29,30,31,	 NoSound	40	2	2474281076
2474281280	Triggered	5,23,24,25,26,27,28,29,30,31,	 PureTone-7kHz	40	2	2474281280
2474284487	Triggered	8,52,53,54,55,56,	 NoSound	40	2	2474284487
2474284690	Triggered	8,52,53,54,55,56,	 File_beep3	40	2	2474284690
2474297251	Triggered	5,23,24,25,26,27,28,29,30,31,	 NoSound	40	2	2474297251
2474297454	Triggered	5,23,24,25,26,27,28,29,30,31,	 PureTone-5kHz	40	2	2474297455
2474300930	Triggered	8,52,53,54,55,56,	 NoSound	40	2	2474300930
2474301133	Triggered	8,52,53,54,55,56,	 File_beep3	40	2	2474301133
2474313628	Triggered	5,23,24,25,26,27,28,29,30,31,	 NoSound	40	2	2474313628
2474313830	Triggered	5,23,24,25,26,27,28,29,30,31,	 PureTone-3kHz	40	2	2474313830
2474317304	Triggered	8,52,53,54,55,56,	 NoSound	40	2	2474317304
2474317506	Triggered	8,52,53,54,55,56,	 File_beep3	40	2	2474317506
2474331274	Triggered	5,23,24,25,26,27,28,29,30,31,	 NoSound	40	2	2474331274
2474331489	Triggered	5,23,24,25,26,27,28,29,30,31,	 PureTone-2kHz	40	2	2474331489
2474334952	Triggered	2,37,38,39,40,41,	 NoSound	40	2	2474334952
2474335154	Triggered	2,37,38,39,40,41,	 File_beep2	40	2	2474335154
2474346982	Triggered	5,23,24,25,26,27,28,29,30,31,	 NoSound	40	2	2474346982
2474347195	Triggered	5,23,24,25,26,27,28,29,30,31,	 PureTone-1kHz	40	2	2474347195
2474350457	Triggered	8,52,53,54,55,56,	 NoSound	40	2	2474350457
2474350659	Triggered	8,52,53,54,55,56,	 File_beep3	40	2	2474350659
2474362690	Triggered	5,23,24,25,26,27,28,29,30,31,	 NoSound	40	2	2474362690
2474362891	Triggered	5,23,24,25,26,27,28,29,30,31,	 StopSoundShort	40	2	2474362891
2474437952	Triggered	1,14,15,16,17,18,19,20,21,22,	 NoSound	40	2	2474437952
2474443298	Triggered	6,47,48,49,50,51,	 NoSound	40	2	2474443298
2474443511	Triggered	6,47,48,49,50,51,	 File_beep1	40	2	2474443511
2474456199	Triggered	1,14,15,16,17,18,19,20,21,22,	 NoSound	40	2	2474456199
2474459943	Triggered	6,47,48,49,50,51,	 NoSound	40	2	2474459943
2474460143	Triggered	6,47,48,49,50,51,	 File_beep1	40	2	2474460143
2474471574	Triggered	1,14,15,16,17,18,19,20,21,22,	 NoSound	40	2	2474471574
2474475182	Triggered	6,47,48,49,50,51,	 NoSound	40	2	2474475182
2474475383	Triggered	6,47,48,49,50,51,	 File_beep1	40	2	2474475383
2474492092	Triggered	1,14,15,16,17,18,19,20,21,22,	 NoSound	40	2	2474492092
2474496638	Triggered	4,42,43,44,45,46,	 NoSound	40	2	2474496638
2474496839	Triggered	4,42,43,44,45,46,	 File_beep3	40	2	2474496839
2474510810	Triggered	1,14,15,16,17,18,19,20,21,22,	 NoSound	40	2	2474510810
2474511011	Triggered	1,14,15,16,17,18,19,20,21,22,	 PureTone-1kHz	40	2	2474511011
2474514752	Triggered	6,47,48,49,50,51,	 NoSound	40	2	2474514752
2474514952	Triggered	6,47,48,49,50,51,	 File_beep1	40	2	2474514952
2474526116	Triggered	1,14,15,16,17,18,19,20,21,22,	 NoSound	40	2	2474526116
2474526318	Triggered	1,14,15,16,17,18,19,20,21,22,	 StopSoundLong	40	2	2474526318
2474541354	Triggered	5,23,24,25,26,27,28,29,30,31,	 NoSound	40	2	2474541354
2474544295	Triggered	2,37,38,39,40,41,	 NoSound	40	2	2474544295
2474544497	Triggered	2,37,38,39,40,41,	 File_beep2	40	2	2474544497
2474556864	Triggered	5,23,24,25,26,27,28,29,30,31,	 NoSound	40	2	2474556864
2474560137	Triggered	2,37,38,39,40,41,	 NoSound	40	2	2474560137
2474560338	Triggered	2,37,38,39,40,41,	 File_beep2	40	2	2474560338
2474575109	Triggered	5,23,24,25,26,27,28,29,30,31,	 NoSound	40	2	2474575109
2474578786	Triggered	8,52,53,54,55,56,	 NoSound	40	2	2474578786
2474578987	Triggered	8,52,53,54,55,56,	 File_beep1	40	2	2474578987
2474588612	Triggered	5,23,24,25,26,27,28,29,30,31,	 NoSound	40	2	2474588612
2474591753	Triggered	2,37,38,39,40,41,	 NoSound	40	2	2474591753
2474591955	Triggered	2,37,38,39,40,41,	 File_beep2	40	2	2474591955
2474606526	Triggered	5,23,24,25,26,27,28,29,30,31,	 NoSound	40	2	2474606526
2474606730	Triggered	5,23,24,25,26,27,28,29,30,31,	 PureTone-9kHz	40	2	2474606730
2474609866	Triggered	8,52,53,54,55,56,	 NoSound	40	2	2474609866
2474610067	Triggered	8,52,53,54,55,56,	 File_beep1	40	2	2474610067
2474619826	Triggered	5,23,24,25,26,27,28,29,30,31,	 NoSound	40	2	2474619826
2474620030	Triggered	5,23,24,25,26,27,28,29,30,31,	 PureTone-7kHz	40	2	2474620030
2474624370	Triggered	8,52,53,54,55,56,	 NoSound	40	2	2474624370
2474624571	Triggered	8,52,53,54,55,56,	 File_beep1	40	2	2474624571
2474638541	Triggered	5,23,24,25,26,27,28,29,30,31,	 NoSound	40	2	2474638541
2474638744	Triggered	5,23,24,25,26,27,28,29,30,31,	 PureTone-5kHz	40	2	2474638744
2474642285	Triggered	8,52,53,54,55,56,	 NoSound	40	2	2474642285
2474642485	Triggered	8,52,53,54,55,56,	 File_beep1	40	2	2474642485
2474653848	Triggered	5,23,24,25,26,27,28,29,30,31,	 NoSound	40	2	2474653848
2474654051	Triggered	5,23,24,25,26,27,28,29,30,31,	 PureTone-3kHz	40	2	2474654051
2474657724	Triggered	8,52,53,54,55,56,	 NoSound	40	2	2474657724
2474657925	Triggered	8,52,53,54,55,56,	 File_beep1	40	2	2474657925
2475229281	Triggered	5,23,24,25,26,27,28,29,30,31,	 NoSound	40	2	2475229281
2475229483	Triggered	5,23,24,25,26,27,28,29,30,31,	 PureTone-2kHz	40	2	2475229483
2475262299	Triggered	2,37,38,39,40,41,	 NoSound	40	2	2475262299
2475262501	Triggered	2,37,38,39,40,41,	 File_beep2	40	2	2475262501
2475280547	Triggered	5,23,24,25,26,27,28,29,30,31,	 NoSound	40	2	2475280547
2475280751	Triggered	5,23,24,25,26,27,28,29,30,31,	 PureTone-1kHz	40	2	2475280751
2475285093	Triggered	8,52,53,54,55,56,	 NoSound	40	2	2475285093
2475285295	Triggered	8,52,53,54,55,56,	 File_beep1	40	2	2475285295
2475298209	Triggered	5,23,24,25,26,27,28,29,30,31,	 NoSound	40	2	2475298209
2475298409	Triggered	5,23,24,25,26,27,28,29,30,31,	 StopSoundShort	40	2	2475298409
2475461485	Triggered	1,14,15,16,17,18,19,20,21,22,	 NoSound	40	2	2475461485
2475466834	Triggered	6,47,48,49,50,51,	 NoSound	40	2	2475466834
2475467035	Triggered	6,47,48,49,50,51,	 File_beep2	40	2	2475467035
2475494906	Triggered	1,14,15,16,17,18,19,20,21,22,	 NoSound	40	2	2475494906
2475499919	Triggered	4,42,43,44,45,46,	 NoSound	40	2	2475499919
2475500120	Triggered	4,42,43,44,45,46,	 File_beep1	40	2	2475500120
2475514424	Triggered	1,14,15,16,17,18,19,20,21,22,	 NoSound	40	2	2475514424
2475519104	Triggered	6,47,48,49,50,51,	 NoSound	40	2	2475519104
2475519305	Triggered	6,47,48,49,50,51,	 File_beep2	40	2	2475519305
