Ver1.3	837168192	StartFile	3/20/2021	2:02:21 PM	E:\BehavioralExperiments\Gerald\Horizon\RawData\032021\SoundData.txt	837168192
837546024	Triggered	5,23,24,25,26,27,28,29,30,31,	 NoSound	40	2	837546024
837546227	Triggered	5,23,24,25,26,27,28,29,30,31,	 StopSoundLong	40	2	837546227
837557120	Triggered	1,14,15,16,17,18,19,20,21,22,	 NoSound	40	2	837557120
837560863	Triggered	4,42,43,44,45,46,	 NoSound	40	2	837560863
837561067	Triggered	4,42,43,44,45,46,	 File_beep5	40	2	837561067
837575836	Triggered	1,14,15,16,17,18,19,20,21,22,	 NoSound	40	2	837575836
837576040	Triggered	1,14,15,16,17,18,19,20,21,22,	 PureTone-9kHz	40	2	837576040
837579178	Triggered	6,47,48,49,50,51,	 NoSound	40	2	837579178
837579381	Triggered	6,47,48,49,50,51,	 File_beep4	40	2	837579381
837590006	Triggered	1,14,15,16,17,18,19,20,21,22,	 NoSound	40	2	837590006
837590209	Triggered	1,14,15,16,17,18,19,20,21,22,	 PureTone-7kHz	40	2	837590209
837593080	Triggered	6,47,48,49,50,51,	 NoSound	40	2	837593080
837593283	Triggered	6,47,48,49,50,51,	 File_beep4	40	2	837593283
837603708	Triggered	1,14,15,16,17,18,19,20,21,22,	 NoSound	40	2	837603708
837603912	Triggered	1,14,15,16,17,18,19,20,21,22,	 PureTone-5kHz	40	2	837603912
837606789	Triggered	6,47,48,49,50,51,	 NoSound	40	2	837606789
837606992	Triggered	6,47,48,49,50,51,	 File_beep4	40	2	837606992
837617478	Triggered	1,14,15,16,17,18,19,20,21,22,	 NoSound	40	2	837617478
837617680	Triggered	1,14,15,16,17,18,19,20,21,22,	 PureTone-3kHz	40	2	837617680
837621021	Triggered	6,47,48,49,50,51,	 NoSound	40	2	837621021
837621223	Triggered	6,47,48,49,50,51,	 File_beep4	40	2	837621223
837631722	Triggered	1,14,15,16,17,18,19,20,21,22,	 NoSound	40	2	837631722
837631924	Triggered	1,14,15,16,17,18,19,20,21,22,	 PureTone-2kHz	40	2	837631924
837635190	Triggered	6,47,48,49,50,51,	 NoSound	40	2	837635190
837635405	Triggered	6,47,48,49,50,51,	 File_beep4	40	2	837635405
837646086	Triggered	1,14,15,16,17,18,19,20,21,22,	 NoSound	40	2	837646086
837646287	Triggered	1,14,15,16,17,18,19,20,21,22,	 PureTone-1kHz	40	2	837646287
837649360	Triggered	6,47,48,49,50,51,	 NoSound	40	2	837649360
837649562	Triggered	6,47,48,49,50,51,	 File_beep4	40	2	837649562
837659855	Triggered	1,14,15,16,17,18,19,20,21,22,	 NoSound	40	2	837659855
837660068	Triggered	1,14,15,16,17,18,19,20,21,22,	 StopSoundShort	40	2	837660068
837673958	Triggered	5,23,24,25,26,27,28,29,30,31,	 NoSound	40	2	837673958
837677367	Triggered	2,37,38,39,40,41,	 NoSound	40	2	837677367
837677569	Triggered	2,37,38,39,40,41,	 File_beep4	40	2	837677569
837687459	Triggered	5,23,24,25,26,27,28,29,30,31,	 NoSound	40	2	837687459
837687661	Triggered	5,23,24,25,26,27,28,29,30,31,	 PureTone-1kHz	40	2	837687661
837690735	Triggered	2,37,38,39,40,41,	 NoSound	40	2	837690735
837690938	Triggered	2,37,38,39,40,41,	 File_beep4	40	2	837690938
837700092	Triggered	5,23,24,25,26,27,28,29,30,31,	 NoSound	40	2	837700092
837700294	Triggered	5,23,24,25,26,27,28,29,30,31,	 StopSoundLong	40	2	837700294
837729569	Triggered	4,42,43,44,45,46,	 NoSound	40	2	837729569
837747884	Triggered	1,14,15,16,17,18,19,20,21,22,	 NoSound	40	2	837747884
837748099	Triggered	1,14,15,16,17,18,19,20,21,22,	 PureTone-9kHz	40	2	837748099
837751827	Triggered	6,47,48,49,50,51,	 NoSound	40	2	837751827
837752028	Triggered	6,47,48,49,50,51,	 File_beep1	40	2	837752028
837768939	Triggered	1,14,15,16,17,18,19,20,21,22,	 NoSound	40	2	837768939
837769144	Triggered	1,14,15,16,17,18,19,20,21,22,	 PureTone-7kHz	40	2	837769144
837772883	Triggered	4,42,43,44,45,46,	 NoSound	40	2	837772883
837783042	Triggered	1,14,15,16,17,18,19,20,21,22,	 NoSound	40	2	837783042
837783246	Triggered	1,14,15,16,17,18,19,20,21,22,	 PureTone-5kHz	40	2	837783246
837786786	Triggered	6,47,48,49,50,51,	 NoSound	40	2	837786786
837786987	Triggered	6,47,48,49,50,51,	 File_beep1	40	2	837786987
837795007	Triggered	1,14,15,16,17,18,19,20,21,22,	 NoSound	40	2	837795007
837795209	Triggered	1,14,15,16,17,18,19,20,21,22,	 PureTone-3kHz	40	2	837795209
837798550	Triggered	4,42,43,44,45,46,	 NoSound	40	2	837798550
837802961	Triggered	1,14,15,16,17,18,19,20,21,22,	 NoSound	40	2	837802961
837803163	Triggered	1,14,15,16,17,18,19,20,21,22,	 PureTone-2kHz	40	2	837803163
837806236	Triggered	6,47,48,49,50,51,	 NoSound	40	2	837806236
837806437	Triggered	6,47,48,49,50,51,	 File_beep1	40	2	837806437
837819337	Triggered	1,14,15,16,17,18,19,20,21,22,	 NoSound	40	2	837819337
837819538	Triggered	1,14,15,16,17,18,19,20,21,22,	 PureTone-1kHz	40	2	837819538
837824818	Triggered	4,42,43,44,45,46,	 NoSound	40	2	837824818
837828695	Triggered	1,14,15,16,17,18,19,20,21,22,	 NoSound	40	2	837828695
837828896	Triggered	1,14,15,16,17,18,19,20,21,22,	 StopSoundShort	40	2	837828896
837843534	Triggered	5,23,24,25,26,27,28,29,30,31,	 NoSound	40	2	837843534
837848479	Triggered	8,52,53,54,55,56,	 NoSound	40	2	837848479
837848681	Triggered	8,52,53,54,55,56,	 File_beep3	40	2	837848681
837860912	Triggered	5,23,24,25,26,27,28,29,30,31,	 NoSound	40	2	837860912
837861115	Triggered	5,23,24,25,26,27,28,29,30,31,	 PureTone-1kHz	40	2	837861115
837864255	Triggered	2,37,38,39,40,41,	 NoSound	40	2	837864255
837864458	Triggered	2,37,38,39,40,41,	 File_beep5	40	2	837864458
837874615	Triggered	5,23,24,25,26,27,28,29,30,31,	 NoSound	40	2	837874615
837874817	Triggered	5,23,24,25,26,27,28,29,30,31,	 StopSoundLong	40	2	837874817
837890389	Triggered	1,14,15,16,17,18,19,20,21,22,	 NoSound	40	2	837890389
837893062	Triggered	6,47,48,49,50,51,	 NoSound	40	2	837893062
837893263	Triggered	6,47,48,49,50,51,	 File_beep1	40	2	837893263
837898677	Triggered	1,14,15,16,17,18,19,20,21,22,	 NoSound	40	2	837898677
837898880	Triggered	1,14,15,16,17,18,19,20,21,22,	 PureTone-9kHz	40	2	837898880
837902154	Triggered	4,42,43,44,45,46,	 NoSound	40	2	837902154
837902354	Triggered	4,42,43,44,45,46,	 File_beep2	40	2	837902354
837910842	Triggered	1,14,15,16,17,18,19,20,21,22,	 NoSound	40	2	837910842
837911046	Triggered	1,14,15,16,17,18,19,20,21,22,	 PureTone-7kHz	40	2	837911046
837914051	Triggered	6,47,48,49,50,51,	 NoSound	40	2	837914051
837914252	Triggered	6,47,48,49,50,51,	 File_beep1	40	2	837914252
837918863	Triggered	1,14,15,16,17,18,19,20,21,22,	 NoSound	40	2	837918863
837919080	Triggered	1,14,15,16,17,18,19,20,21,22,	 PureTone-5kHz	40	2	837919080
837922148	Triggered	6,47,48,49,50,51,	 NoSound	40	2	837922148
837922349	Triggered	6,47,48,49,50,51,	 File_beep1	40	2	837922349
837928020	Triggered	1,14,15,16,17,18,19,20,21,22,	 NoSound	40	2	837928020
837928221	Triggered	1,14,15,16,17,18,19,20,21,22,	 PureTone-3kHz	40	2	837928221
837931629	Triggered	4,42,43,44,45,46,	 NoSound	40	2	837931629
837931830	Triggered	4,42,43,44,45,46,	 File_beep2	40	2	837931830
837939918	Triggered	1,14,15,16,17,18,19,20,21,22,	 NoSound	40	2	837939918
837940121	Triggered	1,14,15,16,17,18,19,20,21,22,	 PureTone-2kHz	40	2	837940121
837945198	Triggered	6,47,48,49,50,51,	 NoSound	40	2	837945198
837945399	Triggered	6,47,48,49,50,51,	 File_beep1	40	2	837945399
837953955	Triggered	1,14,15,16,17,18,19,20,21,22,	 NoSound	40	2	837953955
837954157	Triggered	1,14,15,16,17,18,19,20,21,22,	 PureTone-1kHz	40	2	837954157
837960505	Triggered	6,47,48,49,50,51,	 NoSound	40	2	837960505
837960706	Triggered	6,47,48,49,50,51,	 File_beep1	40	2	837960706
837967991	Triggered	1,14,15,16,17,18,19,20,21,22,	 NoSound	40	2	837967991
837968191	Triggered	1,14,15,16,17,18,19,20,21,22,	 StopSoundShort	40	2	837968191
837979488	Triggered	5,23,24,25,26,27,28,29,30,31,	 NoSound	40	2	837979488
837982964	Triggered	2,37,38,39,40,41,	 NoSound	40	2	837982964
837990918	Triggered	5,23,24,25,26,27,28,29,30,31,	 NoSound	40	2	837990918
837991120	Triggered	5,23,24,25,26,27,28,29,30,31,	 PureTone-1kHz	40	2	837991120
837995798	Triggered	8,52,53,54,55,56,	 NoSound	40	2	837995798
837996000	Triggered	8,52,53,54,55,56,	 File_beep5	40	2	837996000
838011638	Triggered	5,23,24,25,26,27,28,29,30,31,	 NoSound	40	2	838011638
838011840	Triggered	5,23,24,25,26,27,28,29,30,31,	 StopSoundLong	40	2	838011840
838025943	Triggered	1,14,15,16,17,18,19,20,21,22,	 NoSound	40	2	838025943
838028683	Triggered	6,47,48,49,50,51,	 NoSound	40	2	838028683
838028884	Triggered	6,47,48,49,50,51,	 File_beep3	40	2	838028884
838039317	Triggered	1,14,15,16,17,18,19,20,21,22,	 NoSound	40	2	838039317
838039523	Triggered	1,14,15,16,17,18,19,20,21,22,	 PureTone-9kHz	40	2	838039523
838042587	Triggered	6,47,48,49,50,51,	 NoSound	40	2	838042587
838042788	Triggered	6,47,48,49,50,51,	 File_beep3	40	2	838042788
838051416	Triggered	1,14,15,16,17,18,19,20,21,22,	 NoSound	40	2	838051416
838051619	Triggered	1,14,15,16,17,18,19,20,21,22,	 PureTone-7kHz	40	2	838051619
838055018	Triggered	4,42,43,44,45,46,	 NoSound	40	2	838055018
838059430	Triggered	1,14,15,16,17,18,19,20,21,22,	 NoSound	40	2	838059430
838059633	Triggered	1,14,15,16,17,18,19,20,21,22,	 PureTone-5kHz	40	2	838059633
838062504	Triggered	6,47,48,49,50,51,	 NoSound	40	2	838062504
838062706	Triggered	6,47,48,49,50,51,	 File_beep3	40	2	838062706
838076540	Triggered	1,14,15,16,17,18,19,20,21,22,	 NoSound	40	2	838076540
838076744	Triggered	1,14,15,16,17,18,19,20,21,22,	 PureTone-3kHz	40	2	838076744
838080152	Triggered	4,42,43,44,45,46,	 NoSound	40	2	838080152
838084361	Triggered	1,14,15,16,17,18,19,20,21,22,	 NoSound	40	2	838084361
838084563	Triggered	1,14,15,16,17,18,19,20,21,22,	 PureTone-2kHz	40	2	838084563
838087503	Triggered	6,47,48,49,50,51,	 NoSound	40	2	838087503
838087706	Triggered	6,47,48,49,50,51,	 File_beep3	40	2	838087706
838096727	Triggered	1,14,15,16,17,18,19,20,21,22,	 NoSound	40	2	838096727
838096941	Triggered	1,14,15,16,17,18,19,20,21,22,	 PureTone-1kHz	40	2	838096941
838099937	Triggered	6,47,48,49,50,51,	 NoSound	40	2	838099937
838100138	Triggered	6,47,48,49,50,51,	 File_beep3	40	2	838100138
838107421	Triggered	1,14,15,16,17,18,19,20,21,22,	 NoSound	40	2	838107421
838107634	Triggered	1,14,15,16,17,18,19,20,21,22,	 StopSoundShort	40	2	838107634
838124535	Triggered	5,23,24,25,26,27,28,29,30,31,	 NoSound	40	2	838124535
838128075	Triggered	2,37,38,39,40,41,	 NoSound	40	2	838128075
838128277	Triggered	2,37,38,39,40,41,	 File_beep5	40	2	838128277
838140249	Triggered	5,23,24,25,26,27,28,29,30,31,	 NoSound	40	2	838140249
838140451	Triggered	5,23,24,25,26,27,28,29,30,31,	 PureTone-1kHz	40	2	838140451
838143916	Triggered	2,37,38,39,40,41,	 NoSound	40	2	838143916
838144119	Triggered	2,37,38,39,40,41,	 File_beep5	40	2	838144119
838157084	Triggered	5,23,24,25,26,27,28,29,30,31,	 NoSound	40	2	838157084
838157287	Triggered	5,23,24,25,26,27,28,29,30,31,	 StopSoundLong	40	2	838157287
838168313	Triggered	1,14,15,16,17,18,19,20,21,22,	 NoSound	40	2	838168313
838171589	Triggered	4,42,43,44,45,46,	 NoSound	40	2	838171589
838171791	Triggered	4,42,43,44,45,46,	 File_beep4	40	2	838171791
838183486	Triggered	1,14,15,16,17,18,19,20,21,22,	 NoSound	40	2	838183486
838183691	Triggered	1,14,15,16,17,18,19,20,21,22,	 PureTone-9kHz	40	2	838183691
838186895	Triggered	6,47,48,49,50,51,	 NoSound	40	2	838186895
838187097	Triggered	6,47,48,49,50,51,	 File_beep5	40	2	838187097
838197255	Triggered	1,14,15,16,17,18,19,20,21,22,	 NoSound	40	2	838197255
838197459	Triggered	1,14,15,16,17,18,19,20,21,22,	 PureTone-7kHz	40	2	838197459
838200263	Triggered	6,47,48,49,50,51,	 NoSound	40	2	838200263
838200466	Triggered	6,47,48,49,50,51,	 File_beep5	40	2	838200466
838211426	Triggered	1,14,15,16,17,18,19,20,21,22,	 NoSound	40	2	838211426
838211630	Triggered	1,14,15,16,17,18,19,20,21,22,	 PureTone-5kHz	40	2	838211630
838214567	Triggered	6,47,48,49,50,51,	 NoSound	40	2	838214567
838214770	Triggered	6,47,48,49,50,51,	 File_beep5	40	2	838214770
838227000	Triggered	1,14,15,16,17,18,19,20,21,22,	 NoSound	40	2	838227000
838227202	Triggered	1,14,15,16,17,18,19,20,21,22,	 PureTone-3kHz	40	2	838227202
838233016	Triggered	4,42,43,44,45,46,	 NoSound	40	2	838233016
838233219	Triggered	4,42,43,44,45,46,	 File_beep4	40	2	838233219
838245117	Triggered	1,14,15,16,17,18,19,20,21,22,	 NoSound	40	2	838245117
838245320	Triggered	1,14,15,16,17,18,19,20,21,22,	 PureTone-2kHz	40	2	838245320
838248255	Triggered	6,47,48,49,50,51,	 NoSound	40	2	838248255
838248458	Triggered	6,47,48,49,50,51,	 File_beep5	40	2	838248458
838258549	Triggered	1,14,15,16,17,18,19,20,21,22,	 NoSound	40	2	838258549
838258750	Triggered	1,14,15,16,17,18,19,20,21,22,	 PureTone-1kHz	40	2	838258750
838262225	Triggered	6,47,48,49,50,51,	 NoSound	40	2	838262225
838262428	Triggered	6,47,48,49,50,51,	 File_beep5	40	2	838262428
838272585	Triggered	1,14,15,16,17,18,19,20,21,22,	 NoSound	40	2	838272585
838272786	Triggered	1,14,15,16,17,18,19,20,21,22,	 StopSoundShort	40	2	838272786
838284951	Triggered	5,23,24,25,26,27,28,29,30,31,	 NoSound	40	2	838284951
838288763	Triggered	8,52,53,54,55,56,	 NoSound	40	2	838288763
838288964	Triggered	8,52,53,54,55,56,	 File_beep1	40	2	838288964
838295846	Triggered	5,23,24,25,26,27,28,29,30,31,	 NoSound	40	2	838295846
838296048	Triggered	5,23,24,25,26,27,28,29,30,31,	 PureTone-1kHz	40	2	838296048
838299388	Triggered	2,37,38,39,40,41,	 NoSound	40	2	838299388
838328331	Triggered	5,23,24,25,26,27,28,29,30,31,	 NoSound	40	2	838328331
838328533	Triggered	5,23,24,25,26,27,28,29,30,31,	 StopSoundLong	40	2	838328533
838342299	Triggered	4,42,43,44,45,46,	 NoSound	40	2	838342299
838342504	Triggered	4,42,43,44,45,46,	 File_beep2	40	2	838342504
838351458	Triggered	1,14,15,16,17,18,19,20,21,22,	 NoSound	40	2	838351458
838351662	Triggered	1,14,15,16,17,18,19,20,21,22,	 PureTone-9kHz	40	2	838351662
838354734	Triggered	6,47,48,49,50,51,	 NoSound	40	2	838354734
838354935	Triggered	6,47,48,49,50,51,	 File_beep3	40	2	838354935
838363557	Triggered	1,14,15,16,17,18,19,20,21,22,	 NoSound	40	2	838363557
838363760	Triggered	1,14,15,16,17,18,19,20,21,22,	 PureTone-7kHz	40	2	838363760
838367167	Triggered	4,42,43,44,45,46,	 NoSound	40	2	838367167
838367369	Triggered	4,42,43,44,45,46,	 File_beep2	40	2	838367369
838374785	Triggered	1,14,15,16,17,18,19,20,21,22,	 NoSound	40	2	838374785
838374987	Triggered	1,14,15,16,17,18,19,20,21,22,	 PureTone-5kHz	40	2	838374987
838378260	Triggered	6,47,48,49,50,51,	 NoSound	40	2	838378260
838378463	Triggered	6,47,48,49,50,51,	 File_beep3	40	2	838378463
838393768	Triggered	1,14,15,16,17,18,19,20,21,22,	 NoSound	40	2	838393768
838393970	Triggered	1,14,15,16,17,18,19,20,21,22,	 PureTone-3kHz	40	2	838393970
838397111	Triggered	6,47,48,49,50,51,	 NoSound	40	2	838397111
838397312	Triggered	6,47,48,49,50,51,	 File_beep3	40	2	838397312
838406869	Triggered	1,14,15,16,17,18,19,20,21,22,	 NoSound	40	2	838406869
838407070	Triggered	1,14,15,16,17,18,19,20,21,22,	 PureTone-2kHz	40	2	838407070
838410746	Triggered	6,47,48,49,50,51,	 NoSound	40	2	838410746
838410948	Triggered	6,47,48,49,50,51,	 File_beep3	40	2	838410948
838419034	Triggered	1,14,15,16,17,18,19,20,21,22,	 NoSound	40	2	838419034
838419235	Triggered	1,14,15,16,17,18,19,20,21,22,	 PureTone-1kHz	40	2	838419235
838422844	Triggered	4,42,43,44,45,46,	 NoSound	40	2	838422844
838423045	Triggered	4,42,43,44,45,46,	 File_beep2	40	2	838423045
838431467	Triggered	1,14,15,16,17,18,19,20,21,22,	 NoSound	40	2	838431467
838431668	Triggered	1,14,15,16,17,18,19,20,21,22,	 StopSoundShort	40	2	838431668
838448310	Triggered	5,23,24,25,26,27,28,29,30,31,	 NoSound	40	2	838448310
838451719	Triggered	2,37,38,39,40,41,	 NoSound	40	2	838451719
838451921	Triggered	2,37,38,39,40,41,	 File_beep2	40	2	838451921
838460275	Triggered	5,23,24,25,26,27,28,29,30,31,	 NoSound	40	2	838460275
838460477	Triggered	5,23,24,25,26,27,28,29,30,31,	 PureTone-1kHz	40	2	838460477
838463817	Triggered	8,52,53,54,55,56,	 NoSound	40	2	838463817
838464021	Triggered	8,52,53,54,55,56,	 File_beep5	40	2	838464021
838480602	Triggered	5,23,24,25,26,27,28,29,30,31,	 NoSound	40	2	838480602
838480805	Triggered	5,23,24,25,26,27,28,29,30,31,	 StopSoundLong	40	2	838480805
838493226	Triggered	1,14,15,16,17,18,19,20,21,22,	 NoSound	40	2	838493226
838496435	Triggered	4,42,43,44,45,46,	 NoSound	40	2	838496435
838496638	Triggered	4,42,43,44,45,46,	 File_beep5	40	2	838496638
838510606	Triggered	1,14,15,16,17,18,19,20,21,22,	 NoSound	40	2	838510606
838510811	Triggered	1,14,15,16,17,18,19,20,21,22,	 PureTone-9kHz	40	2	838510811
838514016	Triggered	6,47,48,49,50,51,	 NoSound	40	2	838514016
838514218	Triggered	6,47,48,49,50,51,	 File_beep5	40	2	838514218
838527449	Triggered	1,14,15,16,17,18,19,20,21,22,	 NoSound	40	2	838527449
838527653	Triggered	1,14,15,16,17,18,19,20,21,22,	 PureTone-7kHz	40	2	838527653
838530792	Triggered	6,47,48,49,50,51,	 NoSound	40	2	838530792
838530994	Triggered	6,47,48,49,50,51,	 File_beep5	40	2	838530994
838548571	Triggered	1,14,15,16,17,18,19,20,21,22,	 NoSound	40	2	838548571
838548774	Triggered	1,14,15,16,17,18,19,20,21,22,	 PureTone-5kHz	40	2	838548774
838554320	Triggered	4,42,43,44,45,46,	 NoSound	40	2	838554320
838554523	Triggered	4,42,43,44,45,46,	 File_beep5	40	2	838554523
838568089	Triggered	1,14,15,16,17,18,19,20,21,22,	 NoSound	40	2	838568089
838568292	Triggered	1,14,15,16,17,18,19,20,21,22,	 PureTone-3kHz	40	2	838568292
838571564	Triggered	6,47,48,49,50,51,	 NoSound	40	2	838571564
838571766	Triggered	6,47,48,49,50,51,	 File_beep5	40	2	838571766
838584064	Triggered	1,14,15,16,17,18,19,20,21,22,	 NoSound	40	2	838584064
838584266	Triggered	1,14,15,16,17,18,19,20,21,22,	 PureTone-2kHz	40	2	838584266
838587674	Triggered	4,42,43,44,45,46,	 NoSound	40	2	838587674
838587877	Triggered	4,42,43,44,45,46,	 File_beep5	40	2	838587877
838601443	Triggered	1,14,15,16,17,18,19,20,21,22,	 NoSound	40	2	838601443
838601646	Triggered	1,14,15,16,17,18,19,20,21,22,	 PureTone-1kHz	40	2	838601646
838604718	Triggered	6,47,48,49,50,51,	 NoSound	40	2	838604718
838604934	Triggered	6,47,48,49,50,51,	 File_beep5	40	2	838604934
838616816	Triggered	1,14,15,16,17,18,19,20,21,22,	 NoSound	40	2	838616816
838617016	Triggered	1,14,15,16,17,18,19,20,21,22,	 StopSoundShort	40	2	838617016
838632657	Triggered	8,52,53,54,55,56,	 NoSound	40	2	838632657
838632860	Triggered	8,52,53,54,55,56,	 File_beep1	40	2	838632860
838653713	Triggered	5,23,24,25,26,27,28,29,30,31,	 NoSound	40	2	838653713
838653915	Triggered	5,23,24,25,26,27,28,29,30,31,	 PureTone-1kHz	40	2	838653915
838657936	Triggered	2,37,38,39,40,41,	 NoSound	40	2	838657936
838667548	Triggered	5,23,24,25,26,27,28,29,30,31,	 NoSound	40	2	838667548
838667750	Triggered	5,23,24,25,26,27,28,29,30,31,	 StopSoundLong	40	2	838667750
838710929	Triggered	1,14,15,16,17,18,19,20,21,22,	 NoSound	40	2	838710929
838714410	Triggered	6,47,48,49,50,51,	 NoSound	40	2	838714410
838714611	Triggered	6,47,48,49,50,51,	 File_beep1	40	2	838714611
838721489	Triggered	1,14,15,16,17,18,19,20,21,22,	 NoSound	40	2	838721489
838721692	Triggered	1,14,15,16,17,18,19,20,21,22,	 PureTone-9kHz	40	2	838721692
838725098	Triggered	4,42,43,44,45,46,	 NoSound	40	2	838725098
838725300	Triggered	4,42,43,44,45,46,	 File_beep2	40	2	838725300
838771753	Triggered	1,14,15,16,17,18,19,20,21,22,	 NoSound	40	2	838771753
838771956	Triggered	1,14,15,16,17,18,19,20,21,22,	 PureTone-7kHz	40	2	838771956
838775565	Triggered	6,47,48,49,50,51,	 NoSound	40	2	838775565
838775766	Triggered	6,47,48,49,50,51,	 File_beep1	40	2	838775766
838782314	Triggered	1,14,15,16,17,18,19,20,21,22,	 NoSound	40	2	838782314
838782518	Triggered	1,14,15,16,17,18,19,20,21,22,	 PureTone-5kHz	40	2	838782518
838786592	Triggered	4,42,43,44,45,46,	 NoSound	40	2	838786592
838786793	Triggered	4,42,43,44,45,46,	 File_beep2	40	2	838786793
838795148	Triggered	1,14,15,16,17,18,19,20,21,22,	 NoSound	40	2	838795148
838795350	Triggered	1,14,15,16,17,18,19,20,21,22,	 PureTone-3kHz	40	2	838795350
838798958	Triggered	6,47,48,49,50,51,	 NoSound	40	2	838798958
838799160	Triggered	6,47,48,49,50,51,	 File_beep1	40	2	838799160
838811591	Triggered	1,14,15,16,17,18,19,20,21,22,	 NoSound	40	2	838811591
838811794	Triggered	1,14,15,16,17,18,19,20,21,22,	 PureTone-2kHz	40	2	838811794
838816873	Triggered	4,42,43,44,45,46,	 NoSound	40	2	838816873
838817074	Triggered	4,42,43,44,45,46,	 File_beep2	40	2	838817074
838828501	Triggered	1,14,15,16,17,18,19,20,21,22,	 NoSound	40	2	838828501
838828702	Triggered	1,14,15,16,17,18,19,20,21,22,	 PureTone-1kHz	40	2	838828702
838832645	Triggered	6,47,48,49,50,51,	 NoSound	40	2	838832645
838832846	Triggered	6,47,48,49,50,51,	 File_beep1	40	2	838832846
838841270	Triggered	1,14,15,16,17,18,19,20,21,22,	 NoSound	40	2	838841270
838841470	Triggered	1,14,15,16,17,18,19,20,21,22,	 StopSoundShort	40	2	838841470
838853773	Triggered	5,23,24,25,26,27,28,29,30,31,	 NoSound	40	2	838853773
838857643	Triggered	8,52,53,54,55,56,	 NoSound	40	2	838857643
838857846	Triggered	8,52,53,54,55,56,	 File_beep2	40	2	838857846
838868271	Triggered	5,23,24,25,26,27,28,29,30,31,	 NoSound	40	2	838868271
838868486	Triggered	5,23,24,25,26,27,28,29,30,31,	 PureTone-1kHz	40	2	838868486
838872550	Triggered	2,37,38,39,40,41,	 NoSound	40	2	838872550
838872752	Triggered	2,37,38,39,40,41,	 File_beep2	40	2	838872752
838881105	Triggered	5,23,24,25,26,27,28,29,30,31,	 NoSound	40	2	838881105
838881307	Triggered	5,23,24,25,26,27,28,29,30,31,	 StopSoundLong	40	2	838881307
838896077	Triggered	4,42,43,44,45,46,	 NoSound	40	2	838896077
838896294	Triggered	4,42,43,44,45,46,	 File_beep4	40	2	838896294
838909915	Triggered	1,14,15,16,17,18,19,20,21,22,	 NoSound	40	2	838909915
838910119	Triggered	1,14,15,16,17,18,19,20,21,22,	 PureTone-9kHz	40	2	838910119
838913857	Triggered	4,42,43,44,45,46,	 NoSound	40	2	838913857
838914060	Triggered	4,42,43,44,45,46,	 File_beep4	40	2	838914060
838927560	Triggered	1,14,15,16,17,18,19,20,21,22,	 NoSound	40	2	838927560
838927763	Triggered	1,14,15,16,17,18,19,20,21,22,	 PureTone-7kHz	40	2	838927763
838931101	Triggered	6,47,48,49,50,51,	 NoSound	40	2	838931101
838931303	Triggered	6,47,48,49,50,51,	 File_beep2	40	2	838931303
838940132	Triggered	1,14,15,16,17,18,19,20,21,22,	 NoSound	40	2	838940132
838940337	Triggered	1,14,15,16,17,18,19,20,21,22,	 PureTone-5kHz	40	2	838940337
838943536	Triggered	4,42,43,44,45,46,	 NoSound	40	2	838943536
838943738	Triggered	4,42,43,44,45,46,	 File_beep4	40	2	838943738
838958039	Triggered	1,14,15,16,17,18,19,20,21,22,	 NoSound	40	2	838958039
838958252	Triggered	1,14,15,16,17,18,19,20,21,22,	 PureTone-3kHz	40	2	838958252
838961381	Triggered	6,47,48,49,50,51,	 NoSound	40	2	838961381
838961582	Triggered	6,47,48,49,50,51,	 File_beep2	40	2	838961582
838969671	Triggered	1,14,15,16,17,18,19,20,21,22,	 NoSound	40	2	838969671
838969873	Triggered	1,14,15,16,17,18,19,20,21,22,	 PureTone-2kHz	40	2	838969873
838973346	Triggered	6,47,48,49,50,51,	 NoSound	40	2	838973346
838973548	Triggered	6,47,48,49,50,51,	 File_beep2	40	2	838973548
838980230	Triggered	1,14,15,16,17,18,19,20,21,22,	 NoSound	40	2	838980230
838980431	Triggered	1,14,15,16,17,18,19,20,21,22,	 PureTone-1kHz	40	2	838980431
838984107	Triggered	4,42,43,44,45,46,	 NoSound	40	2	838984107
838984309	Triggered	4,42,43,44,45,46,	 File_beep4	40	2	838984309
838997409	Triggered	1,14,15,16,17,18,19,20,21,22,	 NoSound	40	2	838997409
838997609	Triggered	1,14,15,16,17,18,19,20,21,22,	 StopSoundShort	40	2	838997609
839009306	Triggered	5,23,24,25,26,27,28,29,30,31,	 NoSound	40	2	839009306
839013250	Triggered	2,37,38,39,40,41,	 NoSound	40	2	839013250
839013453	Triggered	2,37,38,39,40,41,	 File_beep4	40	2	839013453
839025615	Triggered	5,23,24,25,26,27,28,29,30,31,	 NoSound	40	2	839025615
839025817	Triggered	5,23,24,25,26,27,28,29,30,31,	 PureTone-1kHz	40	2	839025817
839029559	Triggered	2,37,38,39,40,41,	 NoSound	40	2	839029559
839029762	Triggered	2,37,38,39,40,41,	 File_beep4	40	2	839029762
839040990	Triggered	5,23,24,25,26,27,28,29,30,31,	 NoSound	40	2	839040990
839041193	Triggered	5,23,24,25,26,27,28,29,30,31,	 StopSoundLong	40	2	839041193
839063647	Triggered	6,47,48,49,50,51,	 NoSound	40	2	839063647
839087644	Triggered	1,14,15,16,17,18,19,20,21,22,	 NoSound	40	2	839087644
839087847	Triggered	1,14,15,16,17,18,19,20,21,22,	 PureTone-9kHz	40	2	839087847
839091320	Triggered	4,42,43,44,45,46,	 NoSound	40	2	839091320
839091521	Triggered	4,42,43,44,45,46,	 File_beep1	40	2	839091521
839097737	Triggered	1,14,15,16,17,18,19,20,21,22,	 NoSound	40	2	839097737
839097940	Triggered	1,14,15,16,17,18,19,20,21,22,	 PureTone-7kHz	40	2	839097940
839101547	Triggered	6,47,48,49,50,51,	 NoSound	40	2	839101547
839106224	Triggered	1,14,15,16,17,18,19,20,21,22,	 NoSound	40	2	839106224
839106428	Triggered	1,14,15,16,17,18,19,20,21,22,	 PureTone-5kHz	40	2	839106428
839109835	Triggered	4,42,43,44,45,46,	 NoSound	40	2	839109835
839110035	Triggered	4,42,43,44,45,46,	 File_beep1	40	2	839110035
839116118	Triggered	1,14,15,16,17,18,19,20,21,22,	 NoSound	40	2	839116118
839116320	Triggered	1,14,15,16,17,18,19,20,21,22,	 PureTone-3kHz	40	2	839116320
839119729	Triggered	6,47,48,49,50,51,	 NoSound	40	2	839119729
839127281	Triggered	1,14,15,16,17,18,19,20,21,22,	 NoSound	40	2	839127281
839127485	Triggered	1,14,15,16,17,18,19,20,21,22,	 PureTone-2kHz	40	2	839127485
839130956	Triggered	4,42,43,44,45,46,	 NoSound	40	2	839130956
839131157	Triggered	4,42,43,44,45,46,	 File_beep1	40	2	839131157
839147065	Triggered	1,14,15,16,17,18,19,20,21,22,	 NoSound	40	2	839147065
839147267	Triggered	1,14,15,16,17,18,19,20,21,22,	 PureTone-1kHz	40	2	839147267
839151677	Triggered	4,42,43,44,45,46,	 NoSound	40	2	839151677
839151878	Triggered	4,42,43,44,45,46,	 File_beep1	40	2	839151878
839158227	Triggered	1,14,15,16,17,18,19,20,21,22,	 NoSound	40	2	839158227
839158428	Triggered	1,14,15,16,17,18,19,20,21,22,	 StopSoundShort	40	2	839158428
839171394	Triggered	5,23,24,25,26,27,28,29,30,31,	 NoSound	40	2	839171394
839175539	Triggered	8,52,53,54,55,56,	 NoSound	40	2	839175539
839184830	Triggered	5,23,24,25,26,27,28,29,30,31,	 NoSound	40	2	839184830
839185031	Triggered	5,23,24,25,26,27,28,29,30,31,	 PureTone-1kHz	40	2	839185031
839189377	Triggered	2,37,38,39,40,41,	 NoSound	40	2	839189377
839189580	Triggered	2,37,38,39,40,41,	 File_beep3	40	2	839189580
839205819	Triggered	5,23,24,25,26,27,28,29,30,31,	 NoSound	40	2	839205819
839206020	Triggered	5,23,24,25,26,27,28,29,30,31,	 StopSoundLong	40	2	839206020
839228945	Triggered	1,14,15,16,17,18,19,20,21,22,	 NoSound	40	2	839228945
839234571	Triggered	6,47,48,49,50,51,	 NoSound	40	2	839234571
839234772	Triggered	6,47,48,49,50,51,	 File_beep2	40	2	839234772
839244586	Triggered	1,14,15,16,17,18,19,20,21,22,	 NoSound	40	2	839244586
839244790	Triggered	1,14,15,16,17,18,19,20,21,22,	 PureTone-9kHz	40	2	839244790
839248463	Triggered	4,42,43,44,45,46,	 NoSound	40	2	839248463
839248666	Triggered	4,42,43,44,45,46,	 File_beep4	40	2	839248666
839260962	Triggered	1,14,15,16,17,18,19,20,21,22,	 NoSound	40	2	839260962
839261166	Triggered	1,14,15,16,17,18,19,20,21,22,	 PureTone-7kHz	40	2	839261166
839264637	Triggered	6,47,48,49,50,51,	 NoSound	40	2	839264637
839264840	Triggered	6,47,48,49,50,51,	 File_beep2	40	2	839264840
839272325	Triggered	1,14,15,16,17,18,19,20,21,22,	 NoSound	40	2	839272325
839272529	Triggered	1,14,15,16,17,18,19,20,21,22,	 PureTone-5kHz	40	2	839272529
839276335	Triggered	4,42,43,44,45,46,	 NoSound	40	2	839276335
839276537	Triggered	4,42,43,44,45,46,	 File_beep4	40	2	839276537
839288769	Triggered	1,14,15,16,17,18,19,20,21,22,	 NoSound	40	2	839288769
839288972	Triggered	1,14,15,16,17,18,19,20,21,22,	 PureTone-3kHz	40	2	839288972
839291843	Triggered	4,42,43,44,45,46,	 NoSound	40	2	839291843
839292056	Triggered	4,42,43,44,45,46,	 File_beep4	40	2	839292056
839304345	Triggered	1,14,15,16,17,18,19,20,21,22,	 NoSound	40	2	839304345
839304548	Triggered	1,14,15,16,17,18,19,20,21,22,	 PureTone-2kHz	40	2	839304548
839307755	Triggered	4,42,43,44,45,46,	 NoSound	40	2	839307755
839307956	Triggered	4,42,43,44,45,46,	 File_beep4	40	2	839307956
839320250	Triggered	1,14,15,16,17,18,19,20,21,22,	 NoSound	40	2	839320250
839320452	Triggered	1,14,15,16,17,18,19,20,21,22,	 PureTone-1kHz	40	2	839320452
839324126	Triggered	6,47,48,49,50,51,	 NoSound	40	2	839324126
839324340	Triggered	6,47,48,49,50,51,	 File_beep2	40	2	839324340
839331747	Triggered	1,14,15,16,17,18,19,20,21,22,	 NoSound	40	2	839331747
839331947	Triggered	1,14,15,16,17,18,19,20,21,22,	 StopSoundShort	40	2	839331947
839374124	Triggered	5,23,24,25,26,27,28,29,30,31,	 NoSound	40	2	839374124
839378335	Triggered	8,52,53,54,55,56,	 NoSound	40	2	839378335
839378536	Triggered	8,52,53,54,55,56,	 File_beep3	40	2	839378536
839394844	Triggered	5,23,24,25,26,27,28,29,30,31,	 NoSound	40	2	839394844
839395046	Triggered	5,23,24,25,26,27,28,29,30,31,	 PureTone-1kHz	40	2	839395046
839399402	Triggered	2,37,38,39,40,41,	 NoSound	40	2	839399402
839399603	Triggered	2,37,38,39,40,41,	 File_beep4	40	2	839399603
839410819	Triggered	5,23,24,25,26,27,28,29,30,31,	 NoSound	40	2	839410819
839411020	Triggered	5,23,24,25,26,27,28,29,30,31,	 StopSoundLong	40	2	839411020
839426193	Triggered	1,14,15,16,17,18,19,20,21,22,	 NoSound	40	2	839426193
839431072	Triggered	6,47,48,49,50,51,	 NoSound	40	2	839431072
839431274	Triggered	6,47,48,49,50,51,	 File_beep3	40	2	839431274
839440631	Triggered	1,14,15,16,17,18,19,20,21,22,	 NoSound	40	2	839440631
839440834	Triggered	1,14,15,16,17,18,19,20,21,22,	 PureTone-9kHz	40	2	839440834
839444307	Triggered	4,42,43,44,45,46,	 NoSound	40	2	839444307
839444509	Triggered	4,42,43,44,45,46,	 File_beep4	40	2	839444509
839456540	Triggered	1,14,15,16,17,18,19,20,21,22,	 NoSound	40	2	839456540
839456742	Triggered	1,14,15,16,17,18,19,20,21,22,	 PureTone-7kHz	40	2	839456743
839460015	Triggered	4,42,43,44,45,46,	 NoSound	40	2	839460015
839460218	Triggered	4,42,43,44,45,46,	 File_beep4	40	2	839460218
839471379	Triggered	1,14,15,16,17,18,19,20,21,22,	 NoSound	40	2	839471379
839471583	Triggered	1,14,15,16,17,18,19,20,21,22,	 PureTone-5kHz	40	2	839471583
839474586	Triggered	4,42,43,44,45,46,	 NoSound	40	2	839474586
839474789	Triggered	4,42,43,44,45,46,	 File_beep4	40	2	839474789
839486616	Triggered	1,14,15,16,17,18,19,20,21,22,	 NoSound	40	2	839486616
839486819	Triggered	1,14,15,16,17,18,19,20,21,22,	 PureTone-3kHz	40	2	839486819
839489960	Triggered	4,42,43,44,45,46,	 NoSound	40	2	839489960
839490162	Triggered	4,42,43,44,45,46,	 File_beep4	40	2	839490162
839501990	Triggered	1,14,15,16,17,18,19,20,21,22,	 NoSound	40	2	839501990
839502193	Triggered	1,14,15,16,17,18,19,20,21,22,	 PureTone-2kHz	40	2	839502193
839505401	Triggered	4,42,43,44,45,46,	 NoSound	40	2	839505401
839505603	Triggered	4,42,43,44,45,46,	 File_beep4	40	2	839505603
839517230	Triggered	1,14,15,16,17,18,19,20,21,22,	 NoSound	40	2	839517230
839517432	Triggered	1,14,15,16,17,18,19,20,21,22,	 PureTone-1kHz	40	2	839517432
839520779	Triggered	4,42,43,44,45,46,	 NoSound	40	2	839520779
839520982	Triggered	4,42,43,44,45,46,	 File_beep4	40	2	839520982
839533205	Triggered	1,14,15,16,17,18,19,20,21,22,	 NoSound	40	2	839533205
839533406	Triggered	1,14,15,16,17,18,19,20,21,22,	 StopSoundShort	40	2	839533406
839544702	Triggered	5,23,24,25,26,27,28,29,30,31,	 NoSound	40	2	839544702
839548578	Triggered	2,37,38,39,40,41,	 NoSound	40	2	839548578
839548780	Triggered	2,37,38,39,40,41,	 File_beep5	40	2	839548780
839565021	Triggered	5,23,24,25,26,27,28,29,30,31,	 NoSound	40	2	839565021
839565234	Triggered	5,23,24,25,26,27,28,29,30,31,	 PureTone-1kHz	40	2	839565234
839568964	Triggered	2,37,38,39,40,41,	 NoSound	40	2	839568964
839569167	Triggered	2,37,38,39,40,41,	 File_beep5	40	2	839569167
839582734	Triggered	5,23,24,25,26,27,28,29,30,31,	 NoSound	40	2	839582734
839582935	Triggered	5,23,24,25,26,27,28,29,30,31,	 StopSoundLong	40	2	839582935
839612078	Triggered	1,14,15,16,17,18,19,20,21,22,	 NoSound	40	2	839612078
839615889	Triggered	4,42,43,44,45,46,	 NoSound	40	2	839615889
839616090	Triggered	4,42,43,44,45,46,	 File_beep1	40	2	839616090
839622772	Triggered	1,14,15,16,17,18,19,20,21,22,	 NoSound	40	2	839622772
839622975	Triggered	1,14,15,16,17,18,19,20,21,22,	 PureTone-9kHz	40	2	839622975
839626515	Triggered	6,47,48,49,50,51,	 NoSound	40	2	839626515
839626717	Triggered	6,47,48,49,50,51,	 File_beep2	40	2	839626717
839658332	Triggered	1,14,15,16,17,18,19,20,21,22,	 NoSound	40	2	839658332
839658536	Triggered	1,14,15,16,17,18,19,20,21,22,	 PureTone-7kHz	40	2	839658536
839662209	Triggered	4,42,43,44,45,46,	 NoSound	40	2	839662209
839662409	Triggered	4,42,43,44,45,46,	 File_beep1	40	2	839662409
839669227	Triggered	1,14,15,16,17,18,19,20,21,22,	 NoSound	40	2	839669227
839669431	Triggered	1,14,15,16,17,18,19,20,21,22,	 PureTone-5kHz	40	2	839669431
839673104	Triggered	6,47,48,49,50,51,	 NoSound	40	2	839673104
839673305	Triggered	6,47,48,49,50,51,	 File_beep2	40	2	839673305
839687140	Triggered	1,14,15,16,17,18,19,20,21,22,	 NoSound	40	2	839687140
839687343	Triggered	1,14,15,16,17,18,19,20,21,22,	 PureTone-3kHz	40	2	839687343
839691217	Triggered	4,42,43,44,45,46,	 NoSound	40	2	839691217
839691419	Triggered	4,42,43,44,45,46,	 File_beep1	40	2	839691419
839701109	Triggered	1,14,15,16,17,18,19,20,21,22,	 NoSound	40	2	839701109
839701312	Triggered	1,14,15,16,17,18,19,20,21,22,	 PureTone-2kHz	40	2	839701312
839705320	Triggered	6,47,48,49,50,51,	 NoSound	40	2	839705320
839705521	Triggered	6,47,48,49,50,51,	 File_beep2	40	2	839705521
839722030	Triggered	1,14,15,16,17,18,19,20,21,22,	 NoSound	40	2	839722030
839722242	Triggered	1,14,15,16,17,18,19,20,21,22,	 PureTone-1kHz	40	2	839722242
839727043	Triggered	4,42,43,44,45,46,	 NoSound	40	2	839727043
839727244	Triggered	4,42,43,44,45,46,	 File_beep1	40	2	839727244
839736069	Triggered	1,14,15,16,17,18,19,20,21,22,	 NoSound	40	2	839736069
839736270	Triggered	1,14,15,16,17,18,19,20,21,22,	 StopSoundShort	40	2	839736270
839754193	Triggered	5,23,24,25,26,27,28,29,30,31,	 NoSound	40	2	839754193
839758593	Triggered	2,37,38,39,40,41,	 NoSound	40	2	839758593
839758795	Triggered	2,37,38,39,40,41,	 File_beep4	40	2	839758795
839770757	Triggered	5,23,24,25,26,27,28,29,30,31,	 NoSound	40	2	839770757
839770959	Triggered	5,23,24,25,26,27,28,29,30,31,	 PureTone-1kHz	40	2	839770959
839775303	Triggered	8,52,53,54,55,56,	 NoSound	40	2	839775303
839775505	Triggered	8,52,53,54,55,56,	 File_beep4	40	2	839775505
839790415	Triggered	5,23,24,25,26,27,28,29,30,31,	 NoSound	40	2	839790415
839790616	Triggered	5,23,24,25,26,27,28,29,30,31,	 StopSoundLong	40	2	839790616
839800702	Triggered	1,14,15,16,17,18,19,20,21,22,	 NoSound	40	2	839800702
839804585	Triggered	6,47,48,49,50,51,	 NoSound	40	2	839804585
839804787	Triggered	6,47,48,49,50,51,	 File_beep3	40	2	839804787
839816344	Triggered	1,14,15,16,17,18,19,20,21,22,	 NoSound	40	2	839816344
839816548	Triggered	1,14,15,16,17,18,19,20,21,22,	 PureTone-9kHz	40	2	839816548
839820087	Triggered	4,42,43,44,45,46,	 NoSound	40	2	839820087
839820289	Triggered	4,42,43,44,45,46,	 File_beep2	40	2	839820289
839829044	Triggered	1,14,15,16,17,18,19,20,21,22,	 NoSound	40	2	839829044
839829248	Triggered	1,14,15,16,17,18,19,20,21,22,	 PureTone-7kHz	40	2	839829248
839832786	Triggered	4,42,43,44,45,46,	 NoSound	40	2	839832786
839832988	Triggered	4,42,43,44,45,46,	 File_beep2	40	2	839832988
839842076	Triggered	1,14,15,16,17,18,19,20,21,22,	 NoSound	40	2	839842076
839842280	Triggered	1,14,15,16,17,18,19,20,21,22,	 PureTone-5kHz	40	2	839842280
839845820	Triggered	6,47,48,49,50,51,	 NoSound	40	2	839845820
839846022	Triggered	6,47,48,49,50,51,	 File_beep3	40	2	839846022
839855184	Triggered	1,14,15,16,17,18,19,20,21,22,	 NoSound	40	2	839855184
839855388	Triggered	1,14,15,16,17,18,19,20,21,22,	 PureTone-3kHz	40	2	839855388
839858994	Triggered	4,42,43,44,45,46,	 NoSound	40	2	839858994
839859196	Triggered	4,42,43,44,45,46,	 File_beep2	40	2	839859196
839868679	Triggered	1,14,15,16,17,18,19,20,21,22,	 NoSound	40	2	839868679
839868882	Triggered	1,14,15,16,17,18,19,20,21,22,	 PureTone-2kHz	40	2	839868882
839873358	Triggered	4,42,43,44,45,46,	 NoSound	40	2	839873358
839873560	Triggered	4,42,43,44,45,46,	 File_beep2	40	2	839873560
839882850	Triggered	1,14,15,16,17,18,19,20,21,22,	 NoSound	40	2	839882850
839883052	Triggered	1,14,15,16,17,18,19,20,21,22,	 PureTone-1kHz	40	2	839883052
839886731	Triggered	6,47,48,49,50,51,	 NoSound	40	2	839886731
839886932	Triggered	6,47,48,49,50,51,	 File_beep3	40	2	839886932
839900764	Triggered	1,14,15,16,17,18,19,20,21,22,	 NoSound	40	2	839900764
839900964	Triggered	1,14,15,16,17,18,19,20,21,22,	 StopSoundShort	40	2	839900964
