Ver1.3	662151295	StartFile	10/6/2020	11:06:52 AM	E:\BehavioralExperiments\Twenty\Horizon\RawData\100620\SoundData.txt	662151295
662740124	Triggered	5,23,24,25,26,27,28,29,30,31,	 NoSound	40	2	662740124
662740325	Triggered	5,23,24,25,26,27,28,29,30,31,	 StopSoundShort	40	2	662740325
662756610	Triggered	1,14,15,16,17,18,19,20,21,22,	 NoSound	40	2	662756610
662764431	Triggered	6,47,48,49,50,51,	 NoSound	40	2	662764431
662764633	Triggered	6,47,48,49,50,51,	 File_beep2	40	2	662764633
662783745	Triggered	1,14,15,16,17,18,19,20,21,22,	 NoSound	40	2	662783745
662791626	Triggered	6,47,48,49,50,51,	 NoSound	40	2	662791626
662791828	Triggered	6,47,48,49,50,51,	 File_beep2	40	2	662791828
662800952	Triggered	1,14,15,16,17,18,19,20,21,22,	 NoSound	40	2	662800952
662806548	Triggered	6,47,48,49,50,51,	 NoSound	40	2	662806548
662806750	Triggered	6,47,48,49,50,51,	 File_beep2	40	2	662806750
662816657	Triggered	1,14,15,16,17,18,19,20,21,22,	 NoSound	40	2	662816657
662816859	Triggered	1,14,15,16,17,18,19,20,21,22,	 PureTone-11kHz	40	2	662816859
662823516	Triggered	6,47,48,49,50,51,	 NoSound	40	2	662823516
662823718	Triggered	6,47,48,49,50,51,	 File_beep2	40	2	662823718
662831997	Triggered	1,14,15,16,17,18,19,20,21,22,	 NoSound	40	2	662831997
662832202	Triggered	1,14,15,16,17,18,19,20,21,22,	 PureTone-11kHz	40	2	662832202
662838315	Triggered	6,47,48,49,50,51,	 NoSound	40	2	662838315
662838516	Triggered	6,47,48,49,50,51,	 File_beep2	40	2	662838516
662846858	Triggered	1,14,15,16,17,18,19,20,21,22,	 NoSound	40	2	662846858
662847061	Triggered	1,14,15,16,17,18,19,20,21,22,	 PureTone-11kHz	40	2	662847061
662852574	Triggered	4,42,43,44,45,46,	 NoSound	40	2	662852574
662852776	Triggered	4,42,43,44,45,46,	 File_beep5	40	2	662852776
662887592	Triggered	1,14,15,16,17,18,19,20,21,22,	 NoSound	40	2	662887592
662887797	Triggered	1,14,15,16,17,18,19,20,21,22,	 PureTone-11kHz	40	2	662887797
662892524	Triggered	6,47,48,49,50,51,	 NoSound	40	2	662892524
662892726	Triggered	6,47,48,49,50,51,	 File_beep2	40	2	662892726
662914853	Triggered	1,14,15,16,17,18,19,20,21,22,	 NoSound	40	2	662914853
662915058	Triggered	1,14,15,16,17,18,19,20,21,22,	 PureTone-11kHz	40	2	662915058
662923029	Triggered	4,42,43,44,45,46,	 NoSound	40	2	662923029
662923230	Triggered	4,42,43,44,45,46,	 File_beep5	40	2	662923230
662935783	Triggered	1,14,15,16,17,18,19,20,21,22,	 NoSound	40	2	662935783
662935990	Triggered	1,14,15,16,17,18,19,20,21,22,	 PureTone-11kHz	40	2	662935990
662940296	Triggered	6,47,48,49,50,51,	 NoSound	40	2	662940296
662940498	Triggered	6,47,48,49,50,51,	 File_beep2	40	2	662940498
662947156	Triggered	1,14,15,16,17,18,19,20,21,22,	 NoSound	40	2	662947156
662947361	Triggered	1,14,15,16,17,18,19,20,21,22,	 PureTone-11kHz	40	2	662947361
662952389	Triggered	6,47,48,49,50,51,	 NoSound	40	2	662952389
662952591	Triggered	6,47,48,49,50,51,	 File_beep2	40	2	662952591
662960271	Triggered	1,14,15,16,17,18,19,20,21,22,	 NoSound	40	2	662960271
662960475	Triggered	1,14,15,16,17,18,19,20,21,22,	 PureTone-11kHz	40	2	662960475
662964542	Triggered	6,47,48,49,50,51,	 NoSound	40	2	662964542
662964744	Triggered	6,47,48,49,50,51,	 File_beep2	40	2	662964744
662973207	Triggered	1,14,15,16,17,18,19,20,21,22,	 NoSound	40	2	662973207
662973423	Triggered	1,14,15,16,17,18,19,20,21,22,	 PureTone-11kHz	40	2	662973423
662977479	Triggered	6,47,48,49,50,51,	 NoSound	40	2	662977479
662977681	Triggered	6,47,48,49,50,51,	 File_beep2	40	2	662977681
662986142	Triggered	1,14,15,16,17,18,19,20,21,22,	 NoSound	40	2	662986142
662986345	Triggered	1,14,15,16,17,18,19,20,21,22,	 PureTone-9kHz	40	2	662986345
662991257	Triggered	6,47,48,49,50,51,	 NoSound	40	2	662991257
662991458	Triggered	6,47,48,49,50,51,	 File_beep2	40	2	662991459
662998731	Triggered	1,14,15,16,17,18,19,20,21,22,	 NoSound	40	2	662998731
662998935	Triggered	1,14,15,16,17,18,19,20,21,22,	 PureTone-7kHz	40	2	662998935
663003411	Triggered	6,47,48,49,50,51,	 NoSound	40	2	663003411
663003613	Triggered	6,47,48,49,50,51,	 File_beep2	40	2	663003613
663013163	Triggered	1,14,15,16,17,18,19,20,21,22,	 NoSound	40	2	663013163
663013367	Triggered	1,14,15,16,17,18,19,20,21,22,	 PureTone-5kHz	40	2	663013367
663017549	Triggered	6,47,48,49,50,51,	 NoSound	40	2	663017549
663017750	Triggered	6,47,48,49,50,51,	 File_beep2	40	2	663017750
663025190	Triggered	1,14,15,16,17,18,19,20,21,22,	 NoSound	40	2	663025190
663025403	Triggered	1,14,15,16,17,18,19,20,21,22,	 PureTone-3kHz	40	2	663025403
663029883	Triggered	6,47,48,49,50,51,	 NoSound	40	2	663029883
663030084	Triggered	6,47,48,49,50,51,	 File_beep2	40	2	663030084
663038909	Triggered	1,14,15,16,17,18,19,20,21,22,	 NoSound	40	2	663038909
663039111	Triggered	1,14,15,16,17,18,19,20,21,22,	 PureTone-2kHz	40	2	663039111
663043126	Triggered	6,47,48,49,50,51,	 NoSound	40	2	663043126
663043327	Triggered	6,47,48,49,50,51,	 File_beep2	40	2	663043327
663050640	Triggered	1,14,15,16,17,18,19,20,21,22,	 NoSound	40	2	663050640
663050842	Triggered	1,14,15,16,17,18,19,20,21,22,	 PureTone-1kHz	40	2	663050842
663054798	Triggered	6,47,48,49,50,51,	 NoSound	40	2	663054798
663055000	Triggered	6,47,48,49,50,51,	 File_beep2	40	2	663055000
663060989	Triggered	1,14,15,16,17,18,19,20,21,22,	 NoSound	40	2	663060989
663061190	Triggered	1,14,15,16,17,18,19,20,21,22,	 StopSoundShort	40	2	663061190
663075668	Triggered	8,52,53,54,55,56,	 NoSound	40	2	663075668
663075873	Triggered	8,52,53,54,55,56,	 File_beep2	40	2	663075873
663090960	Triggered	5,23,24,25,26,27,28,29,30,31,	 NoSound	40	2	663090960
663097153	Triggered	8,52,53,54,55,56,	 NoSound	40	2	663097153
663097354	Triggered	8,52,53,54,55,56,	 File_beep2	40	2	663097354
663105510	Triggered	5,23,24,25,26,27,28,29,30,31,	 NoSound	40	2	663105510
663111708	Triggered	8,52,53,54,55,56,	 NoSound	40	2	663111708
663111910	Triggered	8,52,53,54,55,56,	 File_beep2	40	2	663111910
663118273	Triggered	5,23,24,25,26,27,28,29,30,31,	 NoSound	40	2	663118273
663118478	Triggered	5,23,24,25,26,27,28,29,30,31,	 PureTone-11kHz	40	2	663118478
663122718	Triggered	2,37,38,39,40,41,	 NoSound	40	2	663122718
663122920	Triggered	2,37,38,39,40,41,	 File_beep1	40	2	663122920
663129697	Triggered	5,23,24,25,26,27,28,29,30,31,	 NoSound	40	2	663129697
663129902	Triggered	5,23,24,25,26,27,28,29,30,31,	 PureTone-11kHz	40	2	663129902
663133969	Triggered	8,52,53,54,55,56,	 NoSound	40	2	663133969
663134171	Triggered	8,52,53,54,55,56,	 File_beep2	40	2	663134171
663141791	Triggered	5,23,24,25,26,27,28,29,30,31,	 NoSound	40	2	663141791
663141996	Triggered	5,23,24,25,26,27,28,29,30,31,	 PureTone-11kHz	40	2	663141996
663145461	Triggered	2,37,38,39,40,41,	 NoSound	40	2	663145461
663145662	Triggered	2,37,38,39,40,41,	 File_beep1	40	2	663145662
663156712	Triggered	5,23,24,25,26,27,28,29,30,31,	 NoSound	40	2	663156712
663156916	Triggered	5,23,24,25,26,27,28,29,30,31,	 PureTone-11kHz	40	2	663156916
663160262	Triggered	2,37,38,39,40,41,	 NoSound	40	2	663160262
663160477	Triggered	2,37,38,39,40,41,	 File_beep1	40	2	663160477
663165917	Triggered	5,23,24,25,26,27,28,29,30,31,	 NoSound	40	2	663165917
663166121	Triggered	5,23,24,25,26,27,28,29,30,31,	 PureTone-11kHz	40	2	663166121
663169587	Triggered	2,37,38,39,40,41,	 NoSound	40	2	663169587
663169787	Triggered	2,37,38,39,40,41,	 File_beep1	40	2	663169787
663175665	Triggered	5,23,24,25,26,27,28,29,30,31,	 NoSound	40	2	663175665
663175869	Triggered	5,23,24,25,26,27,28,29,30,31,	 PureTone-11kHz	40	2	663175869
663179214	Triggered	8,52,53,54,55,56,	 NoSound	40	2	663179214
663179414	Triggered	8,52,53,54,55,56,	 File_beep2	40	2	663179414
663185953	Triggered	5,23,24,25,26,27,28,29,30,31,	 NoSound	40	2	663185953
663186158	Triggered	5,23,24,25,26,27,28,29,30,31,	 PureTone-11kHz	40	2	663186158
663189510	Triggered	2,37,38,39,40,41,	 NoSound	40	2	663189510
663189711	Triggered	2,37,38,39,40,41,	 File_beep1	40	2	663189711
663199971	Triggered	5,23,24,25,26,27,28,29,30,31,	 NoSound	40	2	663199971
663200177	Triggered	5,23,24,25,26,27,28,29,30,31,	 PureTone-11kHz	40	2	663200177
663203521	Triggered	8,52,53,54,55,56,	 NoSound	40	2	663203521
663203723	Triggered	8,52,53,54,55,56,	 File_beep2	40	2	663203723
663211825	Triggered	5,23,24,25,26,27,28,29,30,31,	 NoSound	40	2	663211825
663212029	Triggered	5,23,24,25,26,27,28,29,30,31,	 PureTone-11kHz	40	2	663212029
663215614	Triggered	2,37,38,39,40,41,	 NoSound	40	2	663215614
663215815	Triggered	2,37,38,39,40,41,	 File_beep1	40	2	663215815
663221390	Triggered	5,23,24,25,26,27,28,29,30,31,	 NoSound	40	2	663221390
663221594	Triggered	5,23,24,25,26,27,28,29,30,31,	 PureTone-9kHz	40	2	663221594
663225370	Triggered	2,37,38,39,40,41,	 NoSound	40	2	663225370
663225571	Triggered	2,37,38,39,40,41,	 File_beep1	40	2	663225571
663230897	Triggered	5,23,24,25,26,27,28,29,30,31,	 NoSound	40	2	663230897
663231099	Triggered	5,23,24,25,26,27,28,29,30,31,	 PureTone-7kHz	40	2	663231099
663247744	Triggered	2,37,38,39,40,41,	 NoSound	40	2	663247744
663247945	Triggered	2,37,38,39,40,41,	 File_beep1	40	2	663247945
663253278	Triggered	5,23,24,25,26,27,28,29,30,31,	 NoSound	40	2	663253278
663253481	Triggered	5,23,24,25,26,27,28,29,30,31,	 PureTone-5kHz	40	2	663253481
663256408	Triggered	8,52,53,54,55,56,	 NoSound	40	2	663256408
663256610	Triggered	8,52,53,54,55,56,	 File_beep2	40	2	663256610
663270366	Triggered	5,23,24,25,26,27,28,29,30,31,	 NoSound	40	2	663270366
663270569	Triggered	5,23,24,25,26,27,28,29,30,31,	 PureTone-3kHz	40	2	663270569
663274336	Triggered	2,37,38,39,40,41,	 NoSound	40	2	663274336
663274537	Triggered	2,37,38,39,40,41,	 File_beep1	40	2	663274537
663308993	Triggered	5,23,24,25,26,27,28,29,30,31,	 NoSound	40	2	663308993
663309194	Triggered	5,23,24,25,26,27,28,29,30,31,	 PureTone-2kHz	40	2	663309194
663312362	Triggered	2,37,38,39,40,41,	 NoSound	40	2	663312362
663312562	Triggered	2,37,38,39,40,41,	 File_beep1	40	2	663312562
663317716	Triggered	5,23,24,25,26,27,28,29,30,31,	 NoSound	40	2	663317716
663317918	Triggered	5,23,24,25,26,27,28,29,30,31,	 PureTone-1kHz	40	2	663317918
663321327	Triggered	2,37,38,39,40,41,	 NoSound	40	2	663321327
663321528	Triggered	2,37,38,39,40,41,	 File_beep1	40	2	663321528
663326862	Triggered	5,23,24,25,26,27,28,29,30,31,	 NoSound	40	2	663326862
663327062	Triggered	5,23,24,25,26,27,28,29,30,31,	 StopSoundShort	40	2	663327062
663345332	Triggered	4,42,43,44,45,46,	 NoSound	40	2	663345332
663345535	Triggered	4,42,43,44,45,46,	 File_beep3	40	2	663345535
663355079	Triggered	1,14,15,16,17,18,19,20,21,22,	 NoSound	40	2	663355079
663358032	Triggered	4,42,43,44,45,46,	 NoSound	40	2	663358032
663358235	Triggered	4,42,43,44,45,46,	 File_beep3	40	2	663358235
663367232	Triggered	1,14,15,16,17,18,19,20,21,22,	 NoSound	40	2	663367232
663371205	Triggered	4,42,43,44,45,46,	 NoSound	40	2	663371205
663371407	Triggered	4,42,43,44,45,46,	 File_beep3	40	2	663371407
663381130	Triggered	1,14,15,16,17,18,19,20,21,22,	 NoSound	40	2	663381130
663381333	Triggered	1,14,15,16,17,18,19,20,21,22,	 PureTone-11kHz	40	2	663381333
663384018	Triggered	6,47,48,49,50,51,	 NoSound	40	2	663384018
663384219	Triggered	6,47,48,49,50,51,	 File_beep1	40	2	663384219
663391720	Triggered	1,14,15,16,17,18,19,20,21,22,	 NoSound	40	2	663391720
663391924	Triggered	1,14,15,16,17,18,19,20,21,22,	 PureTone-11kHz	40	2	663391924
663395211	Triggered	6,47,48,49,50,51,	 NoSound	40	2	663395211
663395412	Triggered	6,47,48,49,50,51,	 File_beep1	40	2	663395412
663401167	Triggered	1,14,15,16,17,18,19,20,21,22,	 NoSound	40	2	663401167
663401371	Triggered	1,14,15,16,17,18,19,20,21,22,	 PureTone-11kHz	40	2	663401371
663408025	Triggered	6,47,48,49,50,51,	 NoSound	40	2	663408025
663408237	Triggered	6,47,48,49,50,51,	 File_beep1	40	2	663408237
663428904	Triggered	1,14,15,16,17,18,19,20,21,22,	 NoSound	40	2	663428904
663429109	Triggered	1,14,15,16,17,18,19,20,21,22,	 PureTone-11kHz	40	2	663429109
663432273	Triggered	6,47,48,49,50,51,	 NoSound	40	2	663432273
663432473	Triggered	6,47,48,49,50,51,	 File_beep1	40	2	663432473
663438830	Triggered	1,14,15,16,17,18,19,20,21,22,	 NoSound	40	2	663438830
663439034	Triggered	1,14,15,16,17,18,19,20,21,22,	 PureTone-11kHz	40	2	663439034
663441960	Triggered	6,47,48,49,50,51,	 NoSound	40	2	663441960
663442172	Triggered	6,47,48,49,50,51,	 File_beep1	40	2	663442172
663447496	Triggered	1,14,15,16,17,18,19,20,21,22,	 NoSound	40	2	663447496
663447714	Triggered	1,14,15,16,17,18,19,20,21,22,	 PureTone-11kHz	40	2	663447714
663452428	Triggered	6,47,48,49,50,51,	 NoSound	40	2	663452428
663452630	Triggered	6,47,48,49,50,51,	 File_beep1	40	2	663452630
663465243	Triggered	1,14,15,16,17,18,19,20,21,22,	 NoSound	40	2	663465243
663465445	Triggered	1,14,15,16,17,18,19,20,21,22,	 PureTone-11kHz	40	2	663465445
663469514	Triggered	6,47,48,49,50,51,	 NoSound	40	2	663469514
663469716	Triggered	6,47,48,49,50,51,	 File_beep1	40	2	663469716
663475111	Triggered	1,14,15,16,17,18,19,20,21,22,	 NoSound	40	2	663475111
663475315	Triggered	1,14,15,16,17,18,19,20,21,22,	 PureTone-11kHz	40	2	663475315
663479983	Triggered	6,47,48,49,50,51,	 NoSound	40	2	663479983
663480183	Triggered	6,47,48,49,50,51,	 File_beep1	40	2	663480183
663488227	Triggered	1,14,15,16,17,18,19,20,21,22,	 NoSound	40	2	663488227
663488433	Triggered	1,14,15,16,17,18,19,20,21,22,	 PureTone-11kHz	40	2	663488433
663493520	Triggered	4,42,43,44,45,46,	 NoSound	40	2	663493520
663493722	Triggered	4,42,43,44,45,46,	 File_beep3	40	2	663493722
663502726	Triggered	1,14,15,16,17,18,19,20,21,22,	 NoSound	40	2	663502726
663502929	Triggered	1,14,15,16,17,18,19,20,21,22,	 PureTone-9kHz	40	2	663502929
663508743	Triggered	6,47,48,49,50,51,	 NoSound	40	2	663508743
663508945	Triggered	6,47,48,49,50,51,	 File_beep1	40	2	663508945
663517467	Triggered	1,14,15,16,17,18,19,20,21,22,	 NoSound	40	2	663517467
663517669	Triggered	1,14,15,16,17,18,19,20,21,22,	 PureTone-7kHz	40	2	663517669
663522039	Triggered	6,47,48,49,50,51,	 NoSound	40	2	663522039
663522239	Triggered	6,47,48,49,50,51,	 File_beep1	40	2	663522239
663530222	Triggered	1,14,15,16,17,18,19,20,21,22,	 NoSound	40	2	663530222
663530426	Triggered	1,14,15,16,17,18,19,20,21,22,	 PureTone-5kHz	40	2	663530426
663535757	Triggered	6,47,48,49,50,51,	 NoSound	40	2	663535757
663535957	Triggered	6,47,48,49,50,51,	 File_beep1	40	2	663535957
663541655	Triggered	1,14,15,16,17,18,19,20,21,22,	 NoSound	40	2	663541655
663541857	Triggered	1,14,15,16,17,18,19,20,21,22,	 PureTone-3kHz	40	2	663541857
663547491	Triggered	4,42,43,44,45,46,	 NoSound	40	2	663547491
663547693	Triggered	4,42,43,44,45,46,	 File_beep3	40	2	663547693
663558079	Triggered	1,14,15,16,17,18,19,20,21,22,	 NoSound	40	2	663558079
663558281	Triggered	1,14,15,16,17,18,19,20,21,22,	 PureTone-2kHz	40	2	663558281
663562831	Triggered	6,47,48,49,50,51,	 NoSound	40	2	663562831
663563031	Triggered	6,47,48,49,50,51,	 File_beep1	40	2	663563031
663568910	Triggered	1,14,15,16,17,18,19,20,21,22,	 NoSound	40	2	663568910
663569111	Triggered	1,14,15,16,17,18,19,20,21,22,	 PureTone-1kHz	40	2	663569111
663573849	Triggered	6,47,48,49,50,51,	 NoSound	40	2	663573849
663574051	Triggered	6,47,48,49,50,51,	 File_beep1	40	2	663574051
663582387	Triggered	1,14,15,16,17,18,19,20,21,22,	 NoSound	40	2	663582387
663582588	Triggered	1,14,15,16,17,18,19,20,21,22,	 StopSoundShort	40	2	663582588
663596525	Triggered	5,23,24,25,26,27,28,29,30,31,	 NoSound	40	2	663596525
663599414	Triggered	8,52,53,54,55,56,	 NoSound	40	2	663599414
663599614	Triggered	8,52,53,54,55,56,	 File_beep1	40	2	663599614
663606873	Triggered	5,23,24,25,26,27,28,29,30,31,	 NoSound	40	2	663606873
663611025	Triggered	8,52,53,54,55,56,	 NoSound	40	2	663611025
663611225	Triggered	8,52,53,54,55,56,	 File_beep1	40	2	663611225
663618183	Triggered	5,23,24,25,26,27,28,29,30,31,	 NoSound	40	2	663618183
663622094	Triggered	8,52,53,54,55,56,	 NoSound	40	2	663622094
663622295	Triggered	8,52,53,54,55,56,	 File_beep1	40	2	663622295
663628112	Triggered	5,23,24,25,26,27,28,29,30,31,	 NoSound	40	2	663628112
663628316	Triggered	5,23,24,25,26,27,28,29,30,31,	 PureTone-11kHz	40	2	663628316
663632143	Triggered	8,52,53,54,55,56,	 NoSound	40	2	663632143
663632344	Triggered	8,52,53,54,55,56,	 File_beep1	40	2	663632344
663639362	Triggered	5,23,24,25,26,27,28,29,30,31,	 NoSound	40	2	663639362
663639568	Triggered	5,23,24,25,26,27,28,29,30,31,	 PureTone-11kHz	40	2	663639568
663643033	Triggered	2,37,38,39,40,41,	 NoSound	40	2	663643033
663643234	Triggered	2,37,38,39,40,41,	 File_beep3	40	2	663643234
663652480	Triggered	5,23,24,25,26,27,28,29,30,31,	 NoSound	40	2	663652480
663652685	Triggered	5,23,24,25,26,27,28,29,30,31,	 PureTone-11kHz	40	2	663652685
663655728	Triggered	8,52,53,54,55,56,	 NoSound	40	2	663655728
663655940	Triggered	8,52,53,54,55,56,	 File_beep1	40	2	663655940
663662345	Triggered	5,23,24,25,26,27,28,29,30,31,	 NoSound	40	2	663662345
663662550	Triggered	5,23,24,25,26,27,28,29,30,31,	 PureTone-11kHz	40	2	663662550
663665897	Triggered	2,37,38,39,40,41,	 NoSound	40	2	663665897
663666099	Triggered	2,37,38,39,40,41,	 File_beep3	40	2	663666099
663677869	Triggered	5,23,24,25,26,27,28,29,30,31,	 NoSound	40	2	663677869
663678073	Triggered	5,23,24,25,26,27,28,29,30,31,	 PureTone-11kHz	40	2	663678073
663680937	Triggered	8,52,53,54,55,56,	 NoSound	40	2	663680937
663681138	Triggered	8,52,53,54,55,56,	 File_beep1	40	2	663681138
663687916	Triggered	5,23,24,25,26,27,28,29,30,31,	 NoSound	40	2	663687916
663688121	Triggered	5,23,24,25,26,27,28,29,30,31,	 PureTone-11kHz	40	2	663688121
663691948	Triggered	2,37,38,39,40,41,	 NoSound	40	2	663691948
663692150	Triggered	2,37,38,39,40,41,	 File_beep3	40	2	663692150
663701453	Triggered	5,23,24,25,26,27,28,29,30,31,	 NoSound	40	2	663701453
663701658	Triggered	5,23,24,25,26,27,28,29,30,31,	 PureTone-11kHz	40	2	663701658
663704522	Triggered	8,52,53,54,55,56,	 NoSound	40	2	663704522
663704722	Triggered	8,52,53,54,55,56,	 File_beep1	40	2	663704722
663711200	Triggered	5,23,24,25,26,27,28,29,30,31,	 NoSound	40	2	663711200
663711405	Triggered	5,23,24,25,26,27,28,29,30,31,	 PureTone-11kHz	40	2	663711405
663714570	Triggered	2,37,38,39,40,41,	 NoSound	40	2	663714570
663714772	Triggered	2,37,38,39,40,41,	 File_beep3	40	2	663714772
663726364	Triggered	5,23,24,25,26,27,28,29,30,31,	 NoSound	40	2	663726364
663726580	Triggered	5,23,24,25,26,27,28,29,30,31,	 PureTone-11kHz	40	2	663726580
663729315	Triggered	2,37,38,39,40,41,	 NoSound	40	2	663729315
663729518	Triggered	2,37,38,39,40,41,	 File_beep3	40	2	663729518
663739057	Triggered	5,23,24,25,26,27,28,29,30,31,	 NoSound	40	2	663739057
663739261	Triggered	5,23,24,25,26,27,28,29,30,31,	 PureTone-9kHz	40	2	663739261
663742005	Triggered	8,52,53,54,55,56,	 NoSound	40	2	663742005
663742206	Triggered	8,52,53,54,55,56,	 File_beep1	40	2	663742206
663748264	Triggered	5,23,24,25,26,27,28,29,30,31,	 NoSound	40	2	663748264
663748468	Triggered	5,23,24,25,26,27,28,29,30,31,	 PureTone-7kHz	40	2	663748468
663751331	Triggered	2,37,38,39,40,41,	 NoSound	40	2	663751331
663751534	Triggered	2,37,38,39,40,41,	 File_beep3	40	2	663751534
663760657	Triggered	5,23,24,25,26,27,28,29,30,31,	 NoSound	40	2	663760657
663760859	Triggered	5,23,24,25,26,27,28,29,30,31,	 PureTone-5kHz	40	2	663760859
663763606	Triggered	8,52,53,54,55,56,	 NoSound	40	2	663763606
663763818	Triggered	8,52,53,54,55,56,	 File_beep1	40	2	663763818
663769743	Triggered	5,23,24,25,26,27,28,29,30,31,	 NoSound	40	2	663769743
663769945	Triggered	5,23,24,25,26,27,28,29,30,31,	 PureTone-3kHz	40	2	663769945
663772991	Triggered	2,37,38,39,40,41,	 NoSound	40	2	663772991
663773192	Triggered	2,37,38,39,40,41,	 File_beep3	40	2	663773192
663782377	Triggered	5,23,24,25,26,27,28,29,30,31,	 NoSound	40	2	663782377
663782579	Triggered	5,23,24,25,26,27,28,29,30,31,	 PureTone-2kHz	40	2	663782579
663785505	Triggered	8,52,53,54,55,56,	 NoSound	40	2	663785505
663785706	Triggered	8,52,53,54,55,56,	 File_beep1	40	2	663785706
663791281	Triggered	5,23,24,25,26,27,28,29,30,31,	 NoSound	40	2	663791281
663791482	Triggered	5,23,24,25,26,27,28,29,30,31,	 PureTone-1kHz	40	2	663791482
663794350	Triggered	8,52,53,54,55,56,	 NoSound	40	2	663794350
663794561	Triggered	8,52,53,54,55,56,	 File_beep1	40	2	663794561
663800609	Triggered	5,23,24,25,26,27,28,29,30,31,	 NoSound	40	2	663800609
663800825	Triggered	5,23,24,25,26,27,28,29,30,31,	 StopSoundShort	40	2	663800825
663814385	Triggered	4,42,43,44,45,46,	 NoSound	40	2	663814385
663814604	Triggered	4,42,43,44,45,46,	 File_beep4	40	2	663814604
663827381	Triggered	1,14,15,16,17,18,19,20,21,22,	 NoSound	40	2	663827381
663830629	Triggered	4,42,43,44,45,46,	 NoSound	40	2	663830629
663830832	Triggered	4,42,43,44,45,46,	 File_beep4	40	2	663830832
663843565	Triggered	1,14,15,16,17,18,19,20,21,22,	 NoSound	40	2	663843565
663847957	Triggered	4,42,43,44,45,46,	 NoSound	40	2	663847957
663848158	Triggered	4,42,43,44,45,46,	 File_beep4	40	2	663848158
663861333	Triggered	1,14,15,16,17,18,19,20,21,22,	 NoSound	40	2	663861333
663861540	Triggered	1,14,15,16,17,18,19,20,21,22,	 PureTone-11kHz	40	2	663861540
663864262	Triggered	6,47,48,49,50,51,	 NoSound	40	2	663864262
663864463	Triggered	6,47,48,49,50,51,	 File_beep1	40	2	663864463
663870279	Triggered	1,14,15,16,17,18,19,20,21,22,	 NoSound	40	2	663870279
663870484	Triggered	1,14,15,16,17,18,19,20,21,22,	 PureTone-11kHz	40	2	663870484
663873227	Triggered	6,47,48,49,50,51,	 NoSound	40	2	663873227
663873428	Triggered	6,47,48,49,50,51,	 File_beep1	40	2	663873428
663883395	Triggered	1,14,15,16,17,18,19,20,21,22,	 NoSound	40	2	663883395
663883601	Triggered	1,14,15,16,17,18,19,20,21,22,	 PureTone-11kHz	40	2	663883601
663886644	Triggered	6,47,48,49,50,51,	 NoSound	40	2	663886644
663886844	Triggered	6,47,48,49,50,51,	 File_beep1	40	2	663886844
663894767	Triggered	1,14,15,16,17,18,19,20,21,22,	 NoSound	40	2	663894767
663894983	Triggered	1,14,15,16,17,18,19,20,21,22,	 PureTone-11kHz	40	2	663894983
663897834	Triggered	6,47,48,49,50,51,	 NoSound	40	2	663897834
663898035	Triggered	6,47,48,49,50,51,	 File_beep1	40	2	663898035
663927016	Triggered	1,14,15,16,17,18,19,20,21,22,	 NoSound	40	2	663927016
663927221	Triggered	1,14,15,16,17,18,19,20,21,22,	 PureTone-11kHz	40	2	663927221
663934416	Triggered	4,42,43,44,45,46,	 NoSound	40	2	663934416
663934617	Triggered	4,42,43,44,45,46,	 File_beep4	40	2	663934617
663946149	Triggered	1,14,15,16,17,18,19,20,21,22,	 NoSound	40	2	663946149
663946354	Triggered	1,14,15,16,17,18,19,20,21,22,	 PureTone-11kHz	40	2	663946354
663950901	Triggered	6,47,48,49,50,51,	 NoSound	40	2	663950901
663951101	Triggered	6,47,48,49,50,51,	 File_beep1	40	2	663951101
663957761	Triggered	1,14,15,16,17,18,19,20,21,22,	 NoSound	40	2	663957761
663957978	Triggered	1,14,15,16,17,18,19,20,21,22,	 PureTone-11kHz	40	2	663957978
663963055	Triggered	4,42,43,44,45,46,	 NoSound	40	2	663963055
663963258	Triggered	4,42,43,44,45,46,	 File_beep4	40	2	663963258
663975870	Triggered	1,14,15,16,17,18,19,20,21,22,	 NoSound	40	2	663975870
663976074	Triggered	1,14,15,16,17,18,19,20,21,22,	 PureTone-11kHz	40	2	663976074
663979540	Triggered	6,47,48,49,50,51,	 NoSound	40	2	663979540
663979740	Triggered	6,47,48,49,50,51,	 File_beep1	40	2	663979740
663986458	Triggered	1,14,15,16,17,18,19,20,21,22,	 NoSound	40	2	663986458
663986664	Triggered	1,14,15,16,17,18,19,20,21,22,	 PureTone-11kHz	40	2	663986664
663991393	Triggered	4,42,43,44,45,46,	 NoSound	40	2	663991393
663991595	Triggered	4,42,43,44,45,46,	 File_beep4	40	2	663991595
664002464	Triggered	1,14,15,16,17,18,19,20,21,22,	 NoSound	40	2	664002464
664002667	Triggered	1,14,15,16,17,18,19,20,21,22,	 PureTone-9kHz	40	2	664002667
664006737	Triggered	6,47,48,49,50,51,	 NoSound	40	2	664006737
664006937	Triggered	6,47,48,49,50,51,	 File_beep1	40	2	664006937
664013715	Triggered	1,14,15,16,17,18,19,20,21,22,	 NoSound	40	2	664013715
664013919	Triggered	1,14,15,16,17,18,19,20,21,22,	 PureTone-7kHz	40	2	664013919
664018294	Triggered	4,42,43,44,45,46,	 NoSound	40	2	664018294
664018495	Triggered	4,42,43,44,45,46,	 File_beep4	40	2	664018495
664031403	Triggered	1,14,15,16,17,18,19,20,21,22,	 NoSound	40	2	664031403
664031606	Triggered	1,14,15,16,17,18,19,20,21,22,	 PureTone-5kHz	40	2	664031606
664034592	Triggered	6,47,48,49,50,51,	 NoSound	40	2	664034592
664034794	Triggered	6,47,48,49,50,51,	 File_beep1	40	2	664034794
664041160	Triggered	1,14,15,16,17,18,19,20,21,22,	 NoSound	40	2	664041160
664041371	Triggered	1,14,15,16,17,18,19,20,21,22,	 PureTone-3kHz	40	2	664041371
664046806	Triggered	4,42,43,44,45,46,	 NoSound	40	2	664046806
664047008	Triggered	4,42,43,44,45,46,	 File_beep4	40	2	664047008
664058418	Triggered	1,14,15,16,17,18,19,20,21,22,	 NoSound	40	2	664058418
664058631	Triggered	1,14,15,16,17,18,19,20,21,22,	 PureTone-2kHz	40	2	664058631
664062268	Triggered	6,47,48,49,50,51,	 NoSound	40	2	664062268
664062468	Triggered	6,47,48,49,50,51,	 File_beep1	40	2	664062468
664070090	Triggered	1,14,15,16,17,18,19,20,21,22,	 NoSound	40	2	664070090
664070291	Triggered	1,14,15,16,17,18,19,20,21,22,	 PureTone-1kHz	40	2	664070291
664073761	Triggered	6,47,48,49,50,51,	 NoSound	40	2	664073761
664073962	Triggered	6,47,48,49,50,51,	 File_beep1	40	2	664073962
664085973	Triggered	1,14,15,16,17,18,19,20,21,22,	 NoSound	40	2	664085973
664086174	Triggered	1,14,15,16,17,18,19,20,21,22,	 StopSoundShort	40	2	664086174
664096441	Triggered	5,23,24,25,26,27,28,29,30,31,	 NoSound	40	2	664096441
664101315	Triggered	2,37,38,39,40,41,	 NoSound	40	2	664101315
664101516	Triggered	2,37,38,39,40,41,	 File_beep4	40	2	664101516
664113769	Triggered	5,23,24,25,26,27,28,29,30,31,	 NoSound	40	2	664113769
664116718	Triggered	2,37,38,39,40,41,	 NoSound	40	2	664116718
664116921	Triggered	2,37,38,39,40,41,	 File_beep4	40	2	664116921
664130075	Triggered	5,23,24,25,26,27,28,29,30,31,	 NoSound	40	2	664130075
664132962	Triggered	2,37,38,39,40,41,	 NoSound	40	2	664132962
664133164	Triggered	2,37,38,39,40,41,	 File_beep4	40	2	664133164
664147165	Triggered	5,23,24,25,26,27,28,29,30,31,	 NoSound	40	2	664147165
664147369	Triggered	5,23,24,25,26,27,28,29,30,31,	 PureTone-11kHz	40	2	664147369
664150171	Triggered	8,52,53,54,55,56,	 NoSound	40	2	664150171
664150372	Triggered	8,52,53,54,55,56,	 File_beep3	40	2	664150372
664162143	Triggered	5,23,24,25,26,27,28,29,30,31,	 NoSound	40	2	664162143
664162345	Triggered	5,23,24,25,26,27,28,29,30,31,	 PureTone-11kHz	40	2	664162345
664165700	Triggered	8,52,53,54,55,56,	 NoSound	40	2	664165700
664165902	Triggered	8,52,53,54,55,56,	 File_beep3	40	2	664165902
664242464	Triggered	5,23,24,25,26,27,28,29,30,31,	 NoSound	40	2	664242464
664242670	Triggered	5,23,24,25,26,27,28,29,30,31,	 PureTone-11kHz	40	2	664242670
664246074	Triggered	2,37,38,39,40,41,	 NoSound	40	2	664246074
664246277	Triggered	2,37,38,39,40,41,	 File_beep4	40	2	664246277
664260575	Triggered	5,23,24,25,26,27,28,29,30,31,	 NoSound	40	2	664260575
664260779	Triggered	5,23,24,25,26,27,28,29,30,31,	 PureTone-11kHz	40	2	664260779
664264245	Triggered	8,52,53,54,55,56,	 NoSound	40	2	664264245
664264447	Triggered	8,52,53,54,55,56,	 File_beep3	40	2	664264447
664275978	Triggered	5,23,24,25,26,27,28,29,30,31,	 NoSound	40	2	664275978
664276182	Triggered	5,23,24,25,26,27,28,29,30,31,	 PureTone-11kHz	40	2	664276182
664280372	Triggered	8,52,53,54,55,56,	 NoSound	40	2	664280372
664280585	Triggered	8,52,53,54,55,56,	 File_beep3	40	2	664280585
664293245	Triggered	5,23,24,25,26,27,28,29,30,31,	 NoSound	40	2	664293245
664293449	Triggered	5,23,24,25,26,27,28,29,30,31,	 PureTone-11kHz	40	2	664293449
664296734	Triggered	2,37,38,39,40,41,	 NoSound	40	2	664296734
664296937	Triggered	2,37,38,39,40,41,	 File_beep4	40	2	664296937
664312498	Triggered	5,23,24,25,26,27,28,29,30,31,	 NoSound	40	2	664312498
664312700	Triggered	5,23,24,25,26,27,28,29,30,31,	 PureTone-11kHz	40	2	664312700
664315987	Triggered	8,52,53,54,55,56,	 NoSound	40	2	664315987
664316189	Triggered	8,52,53,54,55,56,	 File_beep3	40	2	664316189
664331752	Triggered	5,23,24,25,26,27,28,29,30,31,	 NoSound	40	2	664331752
664331955	Triggered	5,23,24,25,26,27,28,29,30,31,	 PureTone-11kHz	40	2	664331955
664335722	Triggered	2,37,38,39,40,41,	 NoSound	40	2	664335722
664335923	Triggered	2,37,38,39,40,41,	 File_beep4	40	2	664335923
664353471	Triggered	5,23,24,25,26,27,28,29,30,31,	 NoSound	40	2	664353471
664353676	Triggered	5,23,24,25,26,27,28,29,30,31,	 PureTone-11kHz	40	2	664353676
664356719	Triggered	2,37,38,39,40,41,	 NoSound	40	2	664356719
664356933	Triggered	2,37,38,39,40,41,	 File_beep4	40	2	664356933
664378620	Triggered	5,23,24,25,26,27,28,29,30,31,	 NoSound	40	2	664378620
664378823	Triggered	5,23,24,25,26,27,28,29,30,31,	 PureTone-9kHz	40	2	664378823
664382118	Triggered	8,52,53,54,55,56,	 NoSound	40	2	664382118
664382329	Triggered	8,52,53,54,55,56,	 File_beep3	40	2	664382329
664392819	Triggered	5,23,24,25,26,27,28,29,30,31,	 NoSound	40	2	664392819
664393024	Triggered	5,23,24,25,26,27,28,29,30,31,	 PureTone-7kHz	40	2	664393024
664396973	Triggered	2,37,38,39,40,41,	 NoSound	40	2	664396973
664397176	Triggered	2,37,38,39,40,41,	 File_beep4	40	2	664397176
664413335	Triggered	5,23,24,25,26,27,28,29,30,31,	 NoSound	40	2	664413335
664413538	Triggered	5,23,24,25,26,27,28,29,30,31,	 PureTone-5kHz	40	2	664413538
664416712	Triggered	2,37,38,39,40,41,	 NoSound	40	2	664416712
664416915	Triggered	2,37,38,39,40,41,	 File_beep4	40	2	664416915
664436801	Triggered	5,23,24,25,26,27,28,29,30,31,	 NoSound	40	2	664436801
664437004	Triggered	5,23,24,25,26,27,28,29,30,31,	 PureTone-3kHz	40	2	664437004
664440470	Triggered	2,37,38,39,40,41,	 NoSound	40	2	664440470
664440672	Triggered	2,37,38,39,40,41,	 File_beep4	40	2	664440672
664455512	Triggered	5,23,24,25,26,27,28,29,30,31,	 NoSound	40	2	664455512
664455713	Triggered	5,23,24,25,26,27,28,29,30,31,	 PureTone-2kHz	40	2	664455713
664459062	Triggered	8,52,53,54,55,56,	 NoSound	40	2	664459062
664459277	Triggered	8,52,53,54,55,56,	 File_beep3	40	2	664459277
664470854	Triggered	5,23,24,25,26,27,28,29,30,31,	 NoSound	40	2	664470854
664471055	Triggered	5,23,24,25,26,27,28,29,30,31,	 PureTone-1kHz	40	2	664471055
664474705	Triggered	2,37,38,39,40,41,	 NoSound	40	2	664474705
664474908	Triggered	2,37,38,39,40,41,	 File_beep4	40	2	664474908
664833414	Triggered	5,23,24,25,26,27,28,29,30,31,	 NoSound	40	2	664833414
664833615	Triggered	5,23,24,25,26,27,28,29,30,31,	 StopSoundShort	40	2	664833615
664849426	Triggered	1,14,15,16,17,18,19,20,21,22,	 NoSound	40	2	664849426
664854170	Triggered	6,47,48,49,50,51,	 NoSound	40	2	664854170
664854371	Triggered	6,47,48,49,50,51,	 File_beep1	40	2	664854371
664864821	Triggered	1,14,15,16,17,18,19,20,21,22,	 NoSound	40	2	664864821
664870476	Triggered	6,47,48,49,50,51,	 NoSound	40	2	664870476
664870677	Triggered	6,47,48,49,50,51,	 File_beep1	40	2	664870677
665005729	Triggered	1,14,15,16,17,18,19,20,21,22,	 NoSound	40	2	665005729
665010782	Triggered	6,47,48,49,50,51,	 NoSound	40	2	665010782
665010983	Triggered	6,47,48,49,50,51,	 File_beep1	40	2	665010983
665024380	Triggered	1,14,15,16,17,18,19,20,21,22,	 NoSound	40	2	665024380
665024585	Triggered	1,14,15,16,17,18,19,20,21,22,	 PureTone-11kHz	40	2	665024585
665029193	Triggered	6,47,48,49,50,51,	 NoSound	40	2	665029193
665029394	Triggered	6,47,48,49,50,51,	 File_beep1	40	2	665029394
665043218	Triggered	1,14,15,16,17,18,19,20,21,22,	 NoSound	40	2	665043218
665043421	Triggered	1,14,15,16,17,18,19,20,21,22,	 PureTone-11kHz	40	2	665043421
665047003	Triggered	6,47,48,49,50,51,	 NoSound	40	2	665047003
665047204	Triggered	6,47,48,49,50,51,	 File_beep1	40	2	665047204
665059758	Triggered	1,14,15,16,17,18,19,20,21,22,	 NoSound	40	2	665059758
665059975	Triggered	1,14,15,16,17,18,19,20,21,22,	 PureTone-11kHz	40	2	665059975
665064570	Triggered	6,47,48,49,50,51,	 NoSound	40	2	665064570
665064772	Triggered	6,47,48,49,50,51,	 File_beep1	40	2	665064772
665132377	Triggered	1,14,15,16,17,18,19,20,21,22,	 NoSound	40	2	665132377
665132580	Triggered	1,14,15,16,17,18,19,20,21,22,	 PureTone-11kHz	40	2	665132580
665135868	Triggered	6,47,48,49,50,51,	 NoSound	40	2	665135868
665136068	Triggered	6,47,48,49,50,51,	 File_beep1	40	2	665136068
665146035	Triggered	1,14,15,16,17,18,19,20,21,22,	 NoSound	40	2	665146035
665146238	Triggered	1,14,15,16,17,18,19,20,21,22,	 PureTone-11kHz	40	2	665146238
665150066	Triggered	4,42,43,44,45,46,	 NoSound	40	2	665150066
665176780	Triggered	1,14,15,16,17,18,19,20,21,22,	 NoSound	40	2	665176780
665176997	Triggered	1,14,15,16,17,18,19,20,21,22,	 PureTone-11kHz	40	2	665176997
665181474	Triggered	4,42,43,44,45,46,	 NoSound	40	2	665181474
665193266	Triggered	1,14,15,16,17,18,19,20,21,22,	 NoSound	40	2	665193266
665193470	Triggered	1,14,15,16,17,18,19,20,21,22,	 PureTone-11kHz	40	2	665193470
665197296	Triggered	6,47,48,49,50,51,	 NoSound	40	2	665197296
665197496	Triggered	6,47,48,49,50,51,	 File_beep1	40	2	665197496
665208608	Triggered	1,14,15,16,17,18,19,20,21,22,	 NoSound	40	2	665208608
665208813	Triggered	1,14,15,16,17,18,19,20,21,22,	 PureTone-11kHz	40	2	665208813
665214263	Triggered	4,42,43,44,45,46,	 NoSound	40	2	665214263
665225032	Triggered	1,14,15,16,17,18,19,20,21,22,	 NoSound	40	2	665225032
665225238	Triggered	1,14,15,16,17,18,19,20,21,22,	 PureTone-11kHz	40	2	665225238
665244706	Triggered	4,42,43,44,45,46,	 NoSound	40	2	665244706
665251807	Triggered	1,14,15,16,17,18,19,20,21,22,	 NoSound	40	2	665251807
665252011	Triggered	1,14,15,16,17,18,19,20,21,22,	 PureTone-9kHz	40	2	665252011
665256439	Triggered	6,47,48,49,50,51,	 NoSound	40	2	665256439
665256639	Triggered	6,47,48,49,50,51,	 File_beep1	40	2	665256639
665278220	Triggered	1,14,15,16,17,18,19,20,21,22,	 NoSound	40	2	665278220
665278424	Triggered	1,14,15,16,17,18,19,20,21,22,	 PureTone-7kHz	40	2	665278424
