Ver1.3	1046983025	StartFile	8/6/2020	2:54:01 PM	E:\BehavioralExperiments\Ratzo\RatData_Ratzo\Rawdata\080620B\SoundData.txt	1046983025
1047309861	Triggered	5,23,24,25,26,27,28,29,30,31,	 NoSound	40	2	1047309861
1047310063	Triggered	5,23,24,25,26,27,28,29,30,31,	 StopSoundShort	40	2	1047310063
1047355465	Triggered	1,14,15,16,17,18,19,20,21,22,	 NoSound	40	2	1047355465
1047388749	Triggered	4,42,43,44,45,46,	 NoSound	40	2	1047388749
1047388951	Triggered	4,42,43,44,45,46,	 File_beep5	40	2	1047388951
1047491620	Triggered	1,14,15,16,17,18,19,20,21,22,	 NoSound	40	2	1047491620
1047495953	Triggered	4,42,43,44,45,46,	 NoSound	40	2	1047495953
1047496167	Triggered	4,42,43,44,45,46,	 File_beep5	40	2	1047496167
1047508048	Triggered	1,14,15,16,17,18,19,20,21,22,	 NoSound	40	2	1047508048
1047511369	Triggered	4,42,43,44,45,46,	 NoSound	40	2	1047511369
1047511571	Triggered	4,42,43,44,45,46,	 File_beep5	40	2	1047511571
1047525554	Triggered	1,14,15,16,17,18,19,20,21,22,	 NoSound	40	2	1047525554
1047525757	Triggered	1,14,15,16,17,18,19,20,21,22,	 PureTone-11kHz	40	2	1047525757
1047529886	Triggered	4,42,43,44,45,46,	 NoSound	40	2	1047529886
1047530100	Triggered	4,42,43,44,45,46,	 File_beep5	40	2	1047530100
1047541859	Triggered	1,14,15,16,17,18,19,20,21,22,	 NoSound	40	2	1047541859
1047542062	Triggered	1,14,15,16,17,18,19,20,21,22,	 PureTone-11kHz	40	2	1047542062
1047544807	Triggered	4,42,43,44,45,46,	 NoSound	40	2	1047544807
1047545009	Triggered	4,42,43,44,45,46,	 File_beep5	40	2	1047545009
1047559487	Triggered	1,14,15,16,17,18,19,20,21,22,	 NoSound	40	2	1047559487
1047559690	Triggered	1,14,15,16,17,18,19,20,21,22,	 PureTone-11kHz	40	2	1047559690
1047562497	Triggered	4,42,43,44,45,46,	 NoSound	40	2	1047562497
1047562699	Triggered	4,42,43,44,45,46,	 File_beep5	40	2	1047562699
1047574830	Triggered	1,14,15,16,17,18,19,20,21,22,	 NoSound	40	2	1047574830
1047575033	Triggered	1,14,15,16,17,18,19,20,21,22,	 PureTone-11kHz	40	2	1047575033
1047578140	Triggered	4,42,43,44,45,46,	 NoSound	40	2	1047578140
1047578356	Triggered	4,42,43,44,45,46,	 File_beep5	40	2	1047578356
1047590955	Triggered	1,14,15,16,17,18,19,20,21,22,	 NoSound	40	2	1047590955
1047591158	Triggered	1,14,15,16,17,18,19,20,21,22,	 PureTone-11kHz	40	2	1047591158
1047594143	Triggered	4,42,43,44,45,46,	 NoSound	40	2	1047594143
1047594345	Triggered	4,42,43,44,45,46,	 File_beep5	40	2	1047594345
1047608523	Triggered	1,14,15,16,17,18,19,20,21,22,	 NoSound	40	2	1047608523
1047608726	Triggered	1,14,15,16,17,18,19,20,21,22,	 PureTone-11kHz	40	2	1047608726
1047612013	Triggered	4,42,43,44,45,46,	 NoSound	40	2	1047612013
1047612215	Triggered	4,42,43,44,45,46,	 File_beep5	40	2	1047612215
1047624708	Triggered	1,14,15,16,17,18,19,20,21,22,	 NoSound	40	2	1047624708
1047624911	Triggered	1,14,15,16,17,18,19,20,21,22,	 PureTone-11kHz	40	2	1047624911
1047627896	Triggered	4,42,43,44,45,46,	 NoSound	40	2	1047627896
1047628098	Triggered	4,42,43,44,45,46,	 File_beep5	40	2	1047628098
1047640910	Triggered	1,14,15,16,17,18,19,20,21,22,	 NoSound	40	2	1047640910
1047641113	Triggered	1,14,15,16,17,18,19,20,21,22,	 PureTone-11kHz	40	2	1047641113
1047643841	Triggered	4,42,43,44,45,46,	 NoSound	40	2	1047643841
1047644042	Triggered	4,42,43,44,45,46,	 File_beep5	40	2	1047644042
1047656536	Triggered	1,14,15,16,17,18,19,20,21,22,	 NoSound	40	2	1047656536
1047656738	Triggered	1,14,15,16,17,18,19,20,21,22,	 PureTone-11kHz	40	2	1047656738
1047659604	Triggered	4,42,43,44,45,46,	 NoSound	40	2	1047659604
1047659805	Triggered	4,42,43,44,45,46,	 File_beep5	40	2	1047659805
1047674224	Triggered	1,14,15,16,17,18,19,20,21,22,	 NoSound	40	2	1047674224
1047674428	Triggered	1,14,15,16,17,18,19,20,21,22,	 PureTone-11kHz	40	2	1047674428
1047677534	Triggered	4,42,43,44,45,46,	 NoSound	40	2	1047677534
1047677735	Triggered	4,42,43,44,45,46,	 File_beep5	40	2	1047677735
1047690529	Triggered	1,14,15,16,17,18,19,20,21,22,	 NoSound	40	2	1047690529
1047690732	Triggered	1,14,15,16,17,18,19,20,21,22,	 PureTone-11kHz	40	2	1047690732
1047693477	Triggered	4,42,43,44,45,46,	 NoSound	40	2	1047693477
1047693678	Triggered	4,42,43,44,45,46,	 File_beep5	40	2	1047693678
1047706233	Triggered	1,14,15,16,17,18,19,20,21,22,	 NoSound	40	2	1047706233
1047706435	Triggered	1,14,15,16,17,18,19,20,21,22,	 PureTone-11kHz	40	2	1047706435
1047709361	Triggered	4,42,43,44,45,46,	 NoSound	40	2	1047709361
1047709576	Triggered	4,42,43,44,45,46,	 File_beep5	40	2	1047709576
1047725727	Triggered	1,14,15,16,17,18,19,20,21,22,	 NoSound	40	2	1047725727
1047725929	Triggered	1,14,15,16,17,18,19,20,21,22,	 PureTone-11kHz	40	2	1047725929
1047728983	Triggered	4,42,43,44,45,46,	 NoSound	40	2	1047728983
1047729185	Triggered	4,42,43,44,45,46,	 File_beep5	40	2	1047729185
1047742151	Triggered	1,14,15,16,17,18,19,20,21,22,	 NoSound	40	2	1047742151
1047742353	Triggered	1,14,15,16,17,18,19,20,21,22,	 PureTone-11kHz	40	2	1047742353
1047745581	Triggered	4,42,43,44,45,46,	 NoSound	40	2	1047745581
1047745783	Triggered	4,42,43,44,45,46,	 File_beep5	40	2	1047745783
1047762548	Triggered	1,14,15,16,17,18,19,20,21,22,	 NoSound	40	2	1047762548
1047762752	Triggered	1,14,15,16,17,18,19,20,21,22,	 PureTone-9kHz	40	2	1047762752
1047765617	Triggered	4,42,43,44,45,46,	 NoSound	40	2	1047765617
1047765818	Triggered	4,42,43,44,45,46,	 File_beep5	40	2	1047765818
1047777669	Triggered	1,14,15,16,17,18,19,20,21,22,	 NoSound	40	2	1047777669
1047777872	Triggered	1,14,15,16,17,18,19,20,21,22,	 PureTone-7kHz	40	2	1047777872
1047780597	Triggered	4,42,43,44,45,46,	 NoSound	40	2	1047780597
1047780799	Triggered	4,42,43,44,45,46,	 File_beep5	40	2	1047780799
1047793413	Triggered	1,14,15,16,17,18,19,20,21,22,	 NoSound	40	2	1047793413
1047793615	Triggered	1,14,15,16,17,18,19,20,21,22,	 PureTone-5kHz	40	2	1047793615
1047796180	Triggered	4,42,43,44,45,46,	 NoSound	40	2	1047796180
1047796382	Triggered	4,42,43,44,45,46,	 File_beep5	40	2	1047796382
1047809599	Triggered	1,14,15,16,17,18,19,20,21,22,	 NoSound	40	2	1047809599
1047809801	Triggered	1,14,15,16,17,18,19,20,21,22,	 PureTone-3kHz	40	2	1047809801
1047812545	Triggered	4,42,43,44,45,46,	 NoSound	40	2	1047812545
1047812747	Triggered	4,42,43,44,45,46,	 File_beep5	40	2	1047812747
1047824217	Triggered	1,14,15,16,17,18,19,20,21,22,	 NoSound	40	2	1047824217
1047824419	Triggered	1,14,15,16,17,18,19,20,21,22,	 PureTone-2kHz	40	2	1047824419
1047827233	Triggered	4,42,43,44,45,46,	 NoSound	40	2	1047827233
1047827435	Triggered	4,42,43,44,45,46,	 File_beep5	40	2	1047827435
1047840041	Triggered	1,14,15,16,17,18,19,20,21,22,	 NoSound	40	2	1047840041
1047840243	Triggered	1,14,15,16,17,18,19,20,21,22,	 PureTone-1kHz	40	2	1047840243
1047843410	Triggered	4,42,43,44,45,46,	 NoSound	40	2	1047843410
1047843612	Triggered	4,42,43,44,45,46,	 File_beep5	40	2	1047843612
1047856887	Triggered	1,14,15,16,17,18,19,20,21,22,	 NoSound	40	2	1047856887
1047857088	Triggered	1,14,15,16,17,18,19,20,21,22,	 StopSoundShort	40	2	1047857088
1047873012	Triggered	5,23,24,25,26,27,28,29,30,31,	 NoSound	40	2	1047873012
1047878186	Triggered	8,52,53,54,55,56,	 NoSound	40	2	1047878186
1047878387	Triggered	8,52,53,54,55,56,	 File_beep4	40	2	1047878387
1047929447	Triggered	5,23,24,25,26,27,28,29,30,31,	 NoSound	40	2	1047929447
1047934801	Triggered	8,52,53,54,55,56,	 NoSound	40	2	1047934801
1047935016	Triggered	8,52,53,54,55,56,	 File_beep4	40	2	1047935016
1047952250	Triggered	5,23,24,25,26,27,28,29,30,31,	 NoSound	40	2	1047952250
1047958146	Triggered	8,52,53,54,55,56,	 NoSound	40	2	1047958146
1047958349	Triggered	8,52,53,54,55,56,	 File_beep4	40	2	1047958349
1047970059	Triggered	5,23,24,25,26,27,28,29,30,31,	 NoSound	40	2	1047970059
1047970262	Triggered	5,23,24,25,26,27,28,29,30,31,	 PureTone-11kHz	40	2	1047970262
1047974753	Triggered	8,52,53,54,55,56,	 NoSound	40	2	1047974753
1047974954	Triggered	8,52,53,54,55,56,	 File_beep4	40	2	1047974954
1047984982	Triggered	5,23,24,25,26,27,28,29,30,31,	 NoSound	40	2	1047984982
1047985184	Triggered	5,23,24,25,26,27,28,29,30,31,	 PureTone-11kHz	40	2	1047985184
1047989914	Triggered	8,52,53,54,55,56,	 NoSound	40	2	1047989914
1047990117	Triggered	8,52,53,54,55,56,	 File_beep4	40	2	1047990117
1048005738	Triggered	5,23,24,25,26,27,28,29,30,31,	 NoSound	40	2	1048005738
1048005941	Triggered	5,23,24,25,26,27,28,29,30,31,	 PureTone-11kHz	40	2	1048005941
1048010198	Triggered	8,52,53,54,55,56,	 NoSound	40	2	1048010198
1048010400	Triggered	8,52,53,54,55,56,	 File_beep4	40	2	1048010400
1048021441	Triggered	5,23,24,25,26,27,28,29,30,31,	 NoSound	40	2	1048021441
1048021644	Triggered	5,23,24,25,26,27,28,29,30,31,	 PureTone-11kHz	40	2	1048021644
1048026555	Triggered	2,37,38,39,40,41,	 NoSound	40	2	1048026555
1048039611	Triggered	5,23,24,25,26,27,28,29,30,31,	 NoSound	40	2	1048039611
1048039829	Triggered	5,23,24,25,26,27,28,29,30,31,	 PureTone-11kHz	40	2	1048039829
1048045569	Triggered	8,52,53,54,55,56,	 NoSound	40	2	1048045569
1048045771	Triggered	8,52,53,54,55,56,	 File_beep4	40	2	1048045771
1048058142	Triggered	5,23,24,25,26,27,28,29,30,31,	 NoSound	40	2	1048058142
1048058344	Triggered	5,23,24,25,26,27,28,29,30,31,	 PureTone-11kHz	40	2	1048058344
1048062053	Triggered	8,52,53,54,55,56,	 NoSound	40	2	1048062053
1048062255	Triggered	8,52,53,54,55,56,	 File_beep4	40	2	1048062255
1048073498	Triggered	5,23,24,25,26,27,28,29,30,31,	 NoSound	40	2	1048073498
1048073701	Triggered	5,23,24,25,26,27,28,29,30,31,	 PureTone-11kHz	40	2	1048073701
1048077456	Triggered	8,52,53,54,55,56,	 NoSound	40	2	1048077456
1048077658	Triggered	8,52,53,54,55,56,	 File_beep4	40	2	1048077658
1048087991	Triggered	5,23,24,25,26,27,28,29,30,31,	 NoSound	40	2	1048087991
1048088193	Triggered	5,23,24,25,26,27,28,29,30,31,	 PureTone-11kHz	40	2	1048088193
1048091834	Triggered	8,52,53,54,55,56,	 NoSound	40	2	1048091834
1048092036	Triggered	8,52,53,54,55,56,	 File_beep4	40	2	1048092036
1048102905	Triggered	5,23,24,25,26,27,28,29,30,31,	 NoSound	40	2	1048102905
1048103108	Triggered	5,23,24,25,26,27,28,29,30,31,	 PureTone-11kHz	40	2	1048103108
1048106756	Triggered	8,52,53,54,55,56,	 NoSound	40	2	1048106756
1048106958	Triggered	8,52,53,54,55,56,	 File_beep4	40	2	1048106958
1048119452	Triggered	5,23,24,25,26,27,28,29,30,31,	 NoSound	40	2	1048119452
1048119668	Triggered	5,23,24,25,26,27,28,29,30,31,	 PureTone-11kHz	40	2	1048119668
1048123181	Triggered	8,52,53,54,55,56,	 NoSound	40	2	1048123181
1048123383	Triggered	8,52,53,54,55,56,	 File_beep4	40	2	1048123383
1048135154	Triggered	5,23,24,25,26,27,28,29,30,31,	 NoSound	40	2	1048135154
1048135369	Triggered	5,23,24,25,26,27,28,29,30,31,	 PureTone-11kHz	40	2	1048135369
1048138885	Triggered	8,52,53,54,55,56,	 NoSound	40	2	1048138885
1048139087	Triggered	8,52,53,54,55,56,	 File_beep4	40	2	1048139087
1048152903	Triggered	5,23,24,25,26,27,28,29,30,31,	 NoSound	40	2	1048152903
1048153106	Triggered	5,23,24,25,26,27,28,29,30,31,	 PureTone-11kHz	40	2	1048153106
1048156814	Triggered	8,52,53,54,55,56,	 NoSound	40	2	1048156814
1048157016	Triggered	8,52,53,54,55,56,	 File_beep4	40	2	1048157016
1048168186	Triggered	5,23,24,25,26,27,28,29,30,31,	 NoSound	40	2	1048168186
1048168389	Triggered	5,23,24,25,26,27,28,29,30,31,	 PureTone-11kHz	40	2	1048168389
1048172217	Triggered	8,52,53,54,55,56,	 NoSound	40	2	1048172217
1048172419	Triggered	8,52,53,54,55,56,	 File_beep4	40	2	1048172419
1048184130	Triggered	5,23,24,25,26,27,28,29,30,31,	 NoSound	40	2	1048184130
1048184333	Triggered	5,23,24,25,26,27,28,29,30,31,	 PureTone-11kHz	40	2	1048184333
1048187921	Triggered	8,52,53,54,55,56,	 NoSound	40	2	1048187921
1048188123	Triggered	8,52,53,54,55,56,	 File_beep4	40	2	1048188123
1048215235	Triggered	5,23,24,25,26,27,28,29,30,31,	 NoSound	40	2	1048215235
1048215438	Triggered	5,23,24,25,26,27,28,29,30,31,	 PureTone-9kHz	40	2	1048215438
1048218604	Triggered	8,52,53,54,55,56,	 NoSound	40	2	1048218604
1048218818	Triggered	8,52,53,54,55,56,	 File_beep4	40	2	1048218818
1048234068	Triggered	5,23,24,25,26,27,28,29,30,31,	 NoSound	40	2	1048234068
1048234269	Triggered	5,23,24,25,26,27,28,29,30,31,	 PureTone-7kHz	40	2	1048234269
1048237376	Triggered	8,52,53,54,55,56,	 NoSound	40	2	1048237376
1048237591	Triggered	8,52,53,54,55,56,	 File_beep4	40	2	1048237591
1048250552	Triggered	5,23,24,25,26,27,28,29,30,31,	 NoSound	40	2	1048250552
1048250754	Triggered	5,23,24,25,26,27,28,29,30,31,	 PureTone-5kHz	40	2	1048250754
1048253861	Triggered	8,52,53,54,55,56,	 NoSound	40	2	1048253861
1048254063	Triggered	8,52,53,54,55,56,	 File_beep4	40	2	1048254063
1048266676	Triggered	5,23,24,25,26,27,28,29,30,31,	 NoSound	40	2	1048266676
1048266878	Triggered	5,23,24,25,26,27,28,29,30,31,	 PureTone-3kHz	40	2	1048266878
1048269985	Triggered	8,52,53,54,55,56,	 NoSound	40	2	1048269985
1048270187	Triggered	8,52,53,54,55,56,	 File_beep4	40	2	1048270187
1048287615	Triggered	5,23,24,25,26,27,28,29,30,31,	 NoSound	40	2	1048287615
1048287831	Triggered	5,23,24,25,26,27,28,29,30,31,	 PureTone-2kHz	40	2	1048287831
1048292127	Triggered	8,52,53,54,55,56,	 NoSound	40	2	1048292127
1048292328	Triggered	8,52,53,54,55,56,	 File_beep4	40	2	1048292328
1048306626	Triggered	5,23,24,25,26,27,28,29,30,31,	 NoSound	40	2	1048306626
1048306828	Triggered	5,23,24,25,26,27,28,29,30,31,	 PureTone-1kHz	40	2	1048306828
1048309815	Triggered	8,52,53,54,55,56,	 NoSound	40	2	1048309815
1048310017	Triggered	8,52,53,54,55,56,	 File_beep4	40	2	1048310017
1048324917	Triggered	5,23,24,25,26,27,28,29,30,31,	 NoSound	40	2	1048324917
1048325118	Triggered	5,23,24,25,26,27,28,29,30,31,	 StopSoundShort	40	2	1048325118
1048335266	Triggered	1,14,15,16,17,18,19,20,21,22,	 NoSound	40	2	1048335266
1048341703	Triggered	6,47,48,49,50,51,	 NoSound	40	2	1048341703
1048365528	Triggered	1,14,15,16,17,18,19,20,21,22,	 NoSound	40	2	1048365528
1048412529	Triggered	6,47,48,49,50,51,	 NoSound	40	2	1048412529
1048437426	Triggered	1,14,15,16,17,18,19,20,21,22,	 NoSound	40	2	1048437426
1048445248	Triggered	6,47,48,49,50,51,	 NoSound	40	2	1048445248
1048458183	Triggered	1,14,15,16,17,18,19,20,21,22,	 NoSound	40	2	1048458183
1048458386	Triggered	1,14,15,16,17,18,19,20,21,22,	 PureTone-11kHz	40	2	1048458386
1048463840	Triggered	4,42,43,44,45,46,	 NoSound	40	2	1048463840
1048464043	Triggered	4,42,43,44,45,46,	 File_beep4	40	2	1048464043
1048478881	Triggered	1,14,15,16,17,18,19,20,21,22,	 NoSound	40	2	1048478881
1048479084	Triggered	1,14,15,16,17,18,19,20,21,22,	 PureTone-11kHz	40	2	1048479084
1048484235	Triggered	4,42,43,44,45,46,	 NoSound	40	2	1048484235
1048484436	Triggered	4,42,43,44,45,46,	 File_beep4	40	2	1048484436
1048498253	Triggered	1,14,15,16,17,18,19,20,21,22,	 NoSound	40	2	1048498253
1048498458	Triggered	1,14,15,16,17,18,19,20,21,22,	 PureTone-11kHz	40	2	1048498458
1048502885	Triggered	4,42,43,44,45,46,	 NoSound	40	2	1048502885
1048503088	Triggered	4,42,43,44,45,46,	 File_beep4	40	2	1048503088
1048527019	Triggered	1,14,15,16,17,18,19,20,21,22,	 NoSound	40	2	1048527019
1048527221	Triggered	1,14,15,16,17,18,19,20,21,22,	 PureTone-11kHz	40	2	1048527221
1048532008	Triggered	4,42,43,44,45,46,	 NoSound	40	2	1048532008
1048532210	Triggered	4,42,43,44,45,46,	 File_beep4	40	2	1048532210
1048550178	Triggered	1,14,15,16,17,18,19,20,21,22,	 NoSound	40	2	1048550178
1048550381	Triggered	1,14,15,16,17,18,19,20,21,22,	 PureTone-11kHz	40	2	1048550381
1048554750	Triggered	4,42,43,44,45,46,	 NoSound	40	2	1048554750
1048554952	Triggered	4,42,43,44,45,46,	 File_beep4	40	2	1048554952
1048568347	Triggered	1,14,15,16,17,18,19,20,21,22,	 NoSound	40	2	1048568347
1048568550	Triggered	1,14,15,16,17,18,19,20,21,22,	 PureTone-11kHz	40	2	1048568550
1048572860	Triggered	4,42,43,44,45,46,	 NoSound	40	2	1048572860
1048573062	Triggered	4,42,43,44,45,46,	 File_beep4	40	2	1048573062
1048585978	Triggered	1,14,15,16,17,18,19,20,21,22,	 NoSound	40	2	1048585978
1048586180	Triggered	1,14,15,16,17,18,19,20,21,22,	 PureTone-11kHz	40	2	1048586180
1048590187	Triggered	4,42,43,44,45,46,	 NoSound	40	2	1048590187
1048590389	Triggered	4,42,43,44,45,46,	 File_beep4	40	2	1048590389
1048607273	Triggered	1,14,15,16,17,18,19,20,21,22,	 NoSound	40	2	1048607273
1048607479	Triggered	1,14,15,16,17,18,19,20,21,22,	 PureTone-11kHz	40	2	1048607479
1048612449	Triggered	4,42,43,44,45,46,	 NoSound	40	2	1048612449
1048612665	Triggered	4,42,43,44,45,46,	 File_beep4	40	2	1048612665
1048624541	Triggered	1,14,15,16,17,18,19,20,21,22,	 NoSound	40	2	1048624541
1048624747	Triggered	1,14,15,16,17,18,19,20,21,22,	 PureTone-11kHz	40	2	1048624747
1048629176	Triggered	4,42,43,44,45,46,	 NoSound	40	2	1048629176
1048629377	Triggered	4,42,43,44,45,46,	 File_beep4	40	2	1048629377
1048643495	Triggered	1,14,15,16,17,18,19,20,21,22,	 NoSound	40	2	1048643495
1048643698	Triggered	1,14,15,16,17,18,19,20,21,22,	 PureTone-11kHz	40	2	1048643698
1048647947	Triggered	4,42,43,44,45,46,	 NoSound	40	2	1048647947
1048648149	Triggered	4,42,43,44,45,46,	 File_beep4	40	2	1048648149
1048664431	Triggered	1,14,15,16,17,18,19,20,21,22,	 NoSound	40	2	1048664431
1048664635	Triggered	1,14,15,16,17,18,19,20,21,22,	 PureTone-11kHz	40	2	1048664635
1048668824	Triggered	4,42,43,44,45,46,	 NoSound	40	2	1048668824
1048669025	Triggered	4,42,43,44,45,46,	 File_beep4	40	2	1048669025
1048681649	Triggered	1,14,15,16,17,18,19,20,21,22,	 NoSound	40	2	1048681649
1048681852	Triggered	1,14,15,16,17,18,19,20,21,22,	 PureTone-11kHz	40	2	1048681852
1048685851	Triggered	4,42,43,44,45,46,	 NoSound	40	2	1048685851
1048686053	Triggered	4,42,43,44,45,46,	 File_beep4	40	2	1048686053
1048701553	Triggered	1,14,15,16,17,18,19,20,21,22,	 NoSound	40	2	1048701553
1048701756	Triggered	1,14,15,16,17,18,19,20,21,22,	 PureTone-11kHz	40	2	1048701756
1048705585	Triggered	4,42,43,44,45,46,	 NoSound	40	2	1048705585
1048705788	Triggered	4,42,43,44,45,46,	 File_beep4	40	2	1048705788
1048718881	Triggered	1,14,15,16,17,18,19,20,21,22,	 NoSound	40	2	1048718881
1048719085	Triggered	1,14,15,16,17,18,19,20,21,22,	 PureTone-11kHz	40	2	1048719085
1048722852	Triggered	4,42,43,44,45,46,	 NoSound	40	2	1048722852
1048723053	Triggered	4,42,43,44,45,46,	 File_beep4	40	2	1048723053
1048735728	Triggered	1,14,15,16,17,18,19,20,21,22,	 NoSound	40	2	1048735728
1048735931	Triggered	1,14,15,16,17,18,19,20,21,22,	 PureTone-9kHz	40	2	1048735931
1048739639	Triggered	4,42,43,44,45,46,	 NoSound	40	2	1048739639
1048739840	Triggered	4,42,43,44,45,46,	 File_beep4	40	2	1048739840
1048759493	Triggered	1,14,15,16,17,18,19,20,21,22,	 NoSound	40	2	1048759493
1048759696	Triggered	1,14,15,16,17,18,19,20,21,22,	 PureTone-7kHz	40	2	1048759696
1048764426	Triggered	4,42,43,44,45,46,	 NoSound	40	2	1048764426
1048764629	Triggered	4,42,43,44,45,46,	 File_beep4	40	2	1048764629
1048778686	Triggered	1,14,15,16,17,18,19,20,21,22,	 NoSound	40	2	1048778686
1048778889	Triggered	1,14,15,16,17,18,19,20,21,22,	 PureTone-5kHz	40	2	1048778889
1048784040	Triggered	4,42,43,44,45,46,	 NoSound	40	2	1048784040
1048784242	Triggered	4,42,43,44,45,46,	 File_beep4	40	2	1048784242
1048811717	Triggered	1,14,15,16,17,18,19,20,21,22,	 NoSound	40	2	1048811717
1048811919	Triggered	1,14,15,16,17,18,19,20,21,22,	 PureTone-3kHz	40	2	1048811919
1048816051	Triggered	4,42,43,44,45,46,	 NoSound	40	2	1048816051
1048816252	Triggered	4,42,43,44,45,46,	 File_beep4	40	2	1048816252
1048865806	Triggered	1,14,15,16,17,18,19,20,21,22,	 NoSound	40	2	1048865806
1048866009	Triggered	1,14,15,16,17,18,19,20,21,22,	 PureTone-2kHz	40	2	1048866009
1048870139	Triggered	4,42,43,44,45,46,	 NoSound	40	2	1048870139
1048870341	Triggered	4,42,43,44,45,46,	 File_beep4	40	2	1048870341
1048883736	Triggered	1,14,15,16,17,18,19,20,21,22,	 NoSound	40	2	1048883736
1048883939	Triggered	1,14,15,16,17,18,19,20,21,22,	 PureTone-1kHz	40	2	1048883939
1048887948	Triggered	4,42,43,44,45,46,	 NoSound	40	2	1048887948
1048888163	Triggered	4,42,43,44,45,46,	 File_beep4	40	2	1048888163
1048903425	Triggered	1,14,15,16,17,18,19,20,21,22,	 NoSound	40	2	1048903425
1048903625	Triggered	1,14,15,16,17,18,19,20,21,22,	 StopSoundShort	40	2	1048903625
1048954490	Triggered	5,23,24,25,26,27,28,29,30,31,	 NoSound	40	2	1048954490
1048959002	Triggered	8,52,53,54,55,56,	 NoSound	40	2	1048959002
1048959203	Triggered	8,52,53,54,55,56,	 File_beep1	40	2	1048959203
1048979940	Triggered	5,23,24,25,26,27,28,29,30,31,	 NoSound	40	2	1048979940
1048985596	Triggered	8,52,53,54,55,56,	 NoSound	40	2	1048985596
1048985798	Triggered	8,52,53,54,55,56,	 File_beep1	40	2	1048985798
1048999375	Triggered	5,23,24,25,26,27,28,29,30,31,	 NoSound	40	2	1048999375
1049005992	Triggered	8,52,53,54,55,56,	 NoSound	40	2	1049005992
1049006192	Triggered	8,52,53,54,55,56,	 File_beep1	40	2	1049006192
1049025126	Triggered	5,23,24,25,26,27,28,29,30,31,	 NoSound	40	2	1049025126
1049025330	Triggered	5,23,24,25,26,27,28,29,30,31,	 PureTone-11kHz	40	2	1049025330
1049030781	Triggered	2,37,38,39,40,41,	 NoSound	40	2	1049030781
1049030982	Triggered	2,37,38,39,40,41,	 File_beep3	40	2	1049030982
1049045643	Triggered	5,23,24,25,26,27,28,29,30,31,	 NoSound	40	2	1049045643
1049045846	Triggered	5,23,24,25,26,27,28,29,30,31,	 PureTone-11kHz	40	2	1049045846
1049051601	Triggered	8,52,53,54,55,56,	 NoSound	40	2	1049051601
1049051801	Triggered	8,52,53,54,55,56,	 File_beep1	40	2	1049051801
1049246355	Triggered	5,23,24,25,26,27,28,29,30,31,	 NoSound	40	2	1049246355
1049246558	Triggered	5,23,24,25,26,27,28,29,30,31,	 PureTone-11kHz	40	2	1049246558
1049252795	Triggered	8,52,53,54,55,56,	 NoSound	40	2	1049252795
1049252996	Triggered	8,52,53,54,55,56,	 File_beep1	40	2	1049252996
1049271204	Triggered	5,23,24,25,26,27,28,29,30,31,	 NoSound	40	2	1049271204
1049271406	Triggered	5,23,24,25,26,27,28,29,30,31,	 PureTone-11kHz	40	2	1049271406
1049277943	Triggered	8,52,53,54,55,56,	 NoSound	40	2	1049277943
1049278143	Triggered	8,52,53,54,55,56,	 File_beep1	40	2	1049278143
1049289976	Triggered	5,23,24,25,26,27,28,29,30,31,	 NoSound	40	2	1049289976
1049290179	Triggered	5,23,24,25,26,27,28,29,30,31,	 PureTone-11kHz	40	2	1049290179
1049295692	Triggered	8,52,53,54,55,56,	 NoSound	40	2	1049295692
1049295909	Triggered	8,52,53,54,55,56,	 File_beep1	40	2	1049295909
1049308146	Triggered	5,23,24,25,26,27,28,29,30,31,	 NoSound	40	2	1049308146
1049308348	Triggered	5,23,24,25,26,27,28,29,30,31,	 PureTone-11kHz	40	2	1049308348
1049315186	Triggered	8,52,53,54,55,56,	 NoSound	40	2	1049315186
1049315387	Triggered	8,52,53,54,55,56,	 File_beep1	40	2	1049315387
