Thursday, November 12, 2020	9:23:56 AM	Game1.txt	139999908
Cued	Now	140010745
9	BlinkStart	140010769
9	BlinkEnd	140285775
23,5	BlinkStart	140285869
23,5	BlinkEnd	140295205
5	0DropFeed	140295285
23	NoFeedAbort	140295365
1	BlinkStart	140305408
1	BlinkEnd	140320003
1	NoFeedLowProb	140320083
6,49	BlinkStart	140320112
6,49	BlinkEnd	140324025
6	Feed	140324105
49	Feed	140324185
1	BlinkStart	140324285
1	BlinkEnd	140337623
1	NoFeedLowProb	140337703
6,49	BlinkStart	140337741
6,49	BlinkEnd	140340572
6	Feed	140340652
49	Feed	140340732
1	BlinkStart	140340844
1	BlinkEnd	140352664
1	NoFeedLowProb	140352744
6,49	BlinkStart	140352778
6,49	BlinkEnd	140355554
6	Feed	140355634
49	Feed	140355714
16,1	BlinkStart	140355807
16,1	BlinkEnd	140368188
1	0DropFeed	140368269
16	Feed	140368349
6,49,4	BlinkStart	140368454
6,49,4	BlinkEnd	140372157
4	0DropFeed	140372237
14,1	BlinkStart	140372341
14,1	BlinkEnd	140382590
1	0DropFeed	140382671
14	NoFeedAbort	140382751
5	BlinkStart	140392766
5	BlinkEnd	140395622
5	NoFeedLowProb	140395702
8,52	BlinkStart	140395732
8,52	BlinkEnd	140399292
8	Feed	140399372
52	Feed	140399452
5	BlinkStart	140399571
5	BlinkEnd	140406935
5	NoFeedLowProb	140407015
8,52	BlinkStart	140407036
8,52	BlinkEnd	140410844
8	Feed	140410924
52	Feed	140411004
5	BlinkStart	140411123
5	BlinkEnd	140418003
5	NoFeedLowProb	140418083
8,52	BlinkStart	140418111
8,52	BlinkEnd	140422456
8	Feed	140422536
52	Feed	140422616
25,5	BlinkStart	140422723
25,5	BlinkEnd	140437196
5	0DropFeed	140437276
25	Feed	140437356
8,52,2,41	BlinkStart	140437479
8,52,2,41	BlinkEnd	140440566
8	Feed	140440646
52	Feed	140440726
23,5	BlinkStart	140440816
23,5	BlinkEnd	140447845
5	0DropFeed	140447925
23	NoFeedAbort	140448005
1	BlinkStart	140458016
1	BlinkEnd	140459639
1	NoFeedLowProb	140459719
4	BlinkStart	140459739
4	BlinkEnd	140463068
4	0DropFeed	140463148
1	BlinkStart	140463248
1	BlinkEnd	140467881
1	NoFeedLowProb	140467961
4	BlinkStart	140467981
4	BlinkEnd	140482622
4	0DropFeed	140482702
1	BlinkStart	140482808
1	BlinkEnd	140508132
1	NoFeedLowProb	140508212
4	BlinkStart	140508226
4	BlinkEnd	140541343
4	0DropFeed	140541424
16,1	BlinkStart	140541530
16,1	BlinkEnd	140549406
1	0DropFeed	140549487
16	Feed	140549567
6,51,4	BlinkStart	140549682
6,51,4	BlinkEnd	140553379
6	Feed	140553459
51	Feed	140553539
14,1	BlinkStart	140553644
14,1	BlinkEnd	140572630
1	0DropFeed	140572710
14	NoFeedAbort	140572790
5	BlinkStart	140582858
5	BlinkEnd	140589296
5	NoFeedLowProb	140589376
2,40	BlinkStart	140589464
2,40	BlinkEnd	140592064
2	Feed	140592144
40	Feed	140592224
5	BlinkStart	140592414
5	BlinkEnd	140604637
5	NoFeedLowProb	140604717
2,40	BlinkStart	140604800
2,40	BlinkEnd	140607347
2	Feed	140607427
40	Feed	140607507
5	BlinkStart	140607685
5	BlinkEnd	140618415
5	NoFeedLowProb	140618495
2,40	BlinkStart	140618604
2,40	BlinkEnd	140621303
2	Feed	140621383
40	Feed	140621463
25,5	BlinkStart	140621639
25,5	BlinkEnd	140637609
5	0DropFeed	140637689
25	Feed	140637769
2,40,8,54	BlinkStart	140637951
2,40,8,54	BlinkEnd	140640859
8	Feed	140640939
54	Feed	140641019
23,5	BlinkStart	140641191
23,5	BlinkEnd	140651206
5	0DropFeed	140651286
23	NoFeedAbort	140651366
1	BlinkStart	140661432
1	BlinkEnd	140662217
1	NoFeedLowProb	140662297
4,44	BlinkStart	140662398
4,44	BlinkEnd	140664744
4	Feed	140664824
44	Feed	140664905
1	BlinkStart	140665106
1	BlinkEnd	140674612
1	NoFeedLowProb	140674692
4,44	BlinkStart	140674787
4,44	BlinkEnd	140677139
4	Feed	140677219
44	Feed	140677300
1	BlinkStart	140677451
1	BlinkEnd	140688689
1	NoFeedLowProb	140688769
4,44	BlinkStart	140688881
4,44	BlinkEnd	140690977
4	Feed	140691057
44	Feed	140691137
16,1	BlinkStart	140691301
16,1	BlinkEnd	140702107
1	0DropFeed	140702187
16	Feed	140702267
4,44,6,49	BlinkStart	140702429
4,44,6,49	BlinkEnd	140704573
4	Feed	140704653
44	Feed	140704734
14,1	BlinkStart	140704904
14,1	BlinkEnd	140715765
1	0DropFeed	140715846
14	NoFeedAbort	140715926
5	BlinkStart	140726015
5	BlinkEnd	140726304
5	NoFeedLowProb	140726384
2,41	BlinkStart	140726464
2,41	BlinkEnd	140729663
2	Feed	140729743
41	Feed	140729823
5	BlinkStart	140729991
5	BlinkEnd	140748254
5	NoFeedLowProb	140748334
2,41	BlinkStart	140748477
2,41	BlinkEnd	140750841
2	Feed	140750921
41	Feed	140751001
5	BlinkStart	140751209
5	BlinkEnd	140764258
5	NoFeedLowProb	140764338
2,41	BlinkStart	140764460
2,41	BlinkEnd	140767205
2	Feed	140767285
41	Feed	140767365
25,5	BlinkStart	140767507
25,5	BlinkEnd	140780503
5	0DropFeed	140780583
25	Feed	140780663
2,41,8,55	BlinkStart	140780836
2,41,8,55	BlinkEnd	140783090
8	Feed	140783170
55	Feed	140783251
23,5	BlinkStart	140783412
23,5	BlinkEnd	140793680
5	0DropFeed	140793761
23	NoFeedAbort	140793841
1	BlinkStart	140803914
1	BlinkEnd	140806435
1	NoFeedLowProb	140806515
4,45	BlinkStart	140806592
4,45	BlinkEnd	140809322
4	Feed	140809403
45	Feed	140809483
1	BlinkStart	140809637
1	BlinkEnd	140821898
1	NoFeedLowProb	140821978
4,45	BlinkStart	140822080
4,45	BlinkEnd	140824004
4	Feed	140824084
45	Feed	140824164
1	BlinkStart	140824326
1	BlinkEnd	140839346
1	NoFeedLowProb	140839426
4,45	BlinkStart	140839521
4,45	BlinkEnd	140842053
4	Feed	140842133
45	Feed	140842213
16,1	BlinkStart	140842366
16,1	BlinkEnd	140854989
1	0DropFeed	140855069
16	Feed	140855149
4,45,6,49	BlinkStart	140855330
4,45,6,49	BlinkEnd	140857756
4	Feed	140857836
45	Feed	140857916
14,1	BlinkStart	140858092
14,1	BlinkEnd	140870210
1	0DropFeed	140870290
14	NoFeedAbort	140870370
5	BlinkStart	140880442
5	BlinkEnd	140889042
5	NoFeedLowProb	140889122
8,55	BlinkStart	140889232
8,55	BlinkEnd	140892050
8	Feed	140892132
55	Feed	140892212
5	BlinkStart	140892357
5	BlinkEnd	140905287
5	NoFeedLowProb	140905367
8,55	BlinkStart	140905508
8,55	BlinkEnd	140908236
8	Feed	140908316
55	Feed	140908396
5	BlinkStart	140908564
5	BlinkEnd	140920092
5	NoFeedLowProb	140920172
8,55	BlinkStart	140920248
8,55	BlinkEnd	140922735
8	Feed	140922815
55	Feed	140922896
25,5	BlinkStart	140923067
25,5	BlinkEnd	140934649
5	0DropFeed	140934730
25	Feed	140934810
8,55,2,40	BlinkStart	140934974
8,55,2,40	BlinkEnd	140937296
8	Feed	140937376
55	Feed	140937456
23,5	BlinkStart	140937648
23,5	BlinkEnd	140947945
5	0DropFeed	140948025
23	NoFeedAbort	140948105
1	BlinkStart	140958177
1	BlinkEnd	140959075
1	NoFeedLowProb	140959155
6,48	BlinkStart	140959258
6,48	BlinkEnd	140962205
6	Feed	140962285
48	Feed	140962365
1	BlinkStart	140962548
1	BlinkEnd	140971469
1	NoFeedLowProb	140971549
6,48	BlinkStart	140971633
6,48	BlinkEnd	140974056
6	Feed	140974136
48	Feed	140974216
1	BlinkStart	140974397
1	BlinkEnd	140984404
1	NoFeedLowProb	140984484
6,48	BlinkStart	140984578
6,48	BlinkEnd	140986878
6	Feed	140986958
48	Feed	140987038
16,1	BlinkStart	140987213
16,1	BlinkEnd	140995356
1	0DropFeed	140995436
16	Feed	140995517
6,48,4,43	BlinkStart	140995673
6,48,4,43	BlinkEnd	140997943
4	Feed	140998023
43	Feed	140998103
14,1	BlinkStart	140998265
14,1	BlinkEnd	141006908
1	0DropFeed	141006988
14	NoFeedAbort	141007068
5	BlinkStart	141017142
5	BlinkEnd	141033440
5	NoFeedLowProb	141033520
8,56	BlinkStart	141033616
8,56	BlinkEnd	141036389
8	Feed	141036469
56	Feed	141036549
5	BlinkStart	141036706
5	BlinkEnd	141051311
5	NoFeedLowProb	141051391
8,56	BlinkStart	141051482
8,56	BlinkEnd	141054084
8	Feed	141054165
56	Feed	141054245
5	BlinkStart	141054463
5	BlinkEnd	141067976
5	NoFeedLowProb	141068056
8,56	BlinkStart	141068159
8,56	BlinkEnd	141070622
8	Feed	141070702
56	Feed	141070782
25,5	BlinkStart	141070941
25,5	BlinkEnd	141083197
5	0DropFeed	141083277
25	Feed	141083357
8,56,2,37	BlinkStart	141083518
8,56,2,37	BlinkEnd	141085732
8	Feed	141085813
56	Feed	141085893
23,5	BlinkStart	141086066
23,5	BlinkEnd	141098599
5	0DropFeed	141098679
23	NoFeedAbort	141098760
1	BlinkStart	141108837
1	BlinkEnd	141110512
1	NoFeedLowProb	141110592
4,43	BlinkStart	141110663
4,43	BlinkEnd	141113166
4	Feed	141113246
43	Feed	141113326
1	BlinkStart	141113487
1	BlinkEnd	141121582
1	NoFeedLowProb	141121662
4,43	BlinkStart	141121743
4,43	BlinkEnd	141123870
4	Feed	141123950
43	Feed	141124031
1	BlinkStart	141124204
1	BlinkEnd	141132052
1	NoFeedLowProb	141132132
4,43	BlinkStart	141132224
4,43	BlinkEnd	141134760
4	Feed	141134841
43	Feed	141134921
16,1	BlinkStart	141135088
16,1	BlinkEnd	141143964
1	0DropFeed	141144044
16	Feed	141144124
4,43,6	BlinkStart	141144274
4,43,6	BlinkEnd	141146371
4	Feed	141146451
43	Feed	141146531
14,1	BlinkStart	141146676
14,1	BlinkEnd	141154312
1	0DropFeed	141154392
14	NoFeedAbort	141154472
5	BlinkStart	141164538
5	BlinkEnd	141166828
5	NoFeedLowProb	141166908
2,38	BlinkStart	141166999
2,38	BlinkEnd	141169717
2	Feed	141169797
38	Feed	141169877
5	BlinkStart	141170073
5	BlinkEnd	141178082
5	NoFeedLowProb	141178162
2,38	BlinkStart	141178241
2,38	BlinkEnd	141180666
2	Feed	141180747
38	Feed	141180827
5	BlinkStart	141180987
5	BlinkEnd	141187165
5	NoFeedLowProb	141187245
2,38	BlinkStart	141187324
2,38	BlinkEnd	141189690
2	Feed	141189772
38	Feed	141189852
25,5	BlinkStart	141190034
25,5	BlinkEnd	141198536
5	0DropFeed	141198616
25	Feed	141198696
2,38,8,55	BlinkStart	141198864
2,38,8,55	BlinkEnd	141201064
2	Feed	141201144
38	Feed	141201224
23,5	BlinkStart	141201367
23,5	BlinkEnd	141208343
5	0DropFeed	141208423
23	NoFeedAbort	141208503
1	BlinkStart	141218600
1	BlinkEnd	141222481
1	NoFeedLowProb	141222561
6,49	BlinkStart	141222657
6,49	BlinkEnd	141225129
6	Feed	141225209
49	Feed	141225290
1	BlinkStart	141225458
1	BlinkEnd	141235959
1	NoFeedLowProb	141236039
6,49	BlinkStart	141236126
6,49	BlinkEnd	141238546
6	Feed	141238626
49	Feed	141238707
1	BlinkStart	141238873
1	BlinkEnd	141252143
1	NoFeedLowProb	141252223
6,49	BlinkStart	141252327
6,49	BlinkEnd	141254611
6	Feed	141254691
49	Feed	141254771
16,1	BlinkStart	141254947
16,1	BlinkEnd	141265560
1	0DropFeed	141265640
16	Feed	141265720
6,49,4,43	BlinkStart	141265899
6,49,4,43	BlinkEnd	141268208
4	Feed	141268288
43	Feed	141268368
14,1	BlinkStart	141268550
14,1	BlinkEnd	141276167
1	0DropFeed	141276248
14	NoFeedAbort	141276328
5	BlinkStart	141286407
5	BlinkEnd	141289265
5	NoFeedLowProb	141289345
2	BlinkStart	141289416
2	BlinkEnd	141291794
2	0DropFeed	141291874
5	BlinkStart	141292059
5	BlinkEnd	141296184
5	NoFeedLowProb	141296264
2	BlinkStart	141296343
2	BlinkEnd	141301418
2	0DropFeed	141301499
5	BlinkStart	141301703
5	BlinkEnd	141315558
5	NoFeedLowProb	141315638
2	BlinkStart	141315726
2	BlinkEnd	141325966
2	0DropFeed	141326046
25,5	BlinkStart	141326242
25,5	BlinkEnd	141351838
5	0DropFeed	141351918
25	Feed	141351998
8,52,2	BlinkStart	141352175
8,52,2	BlinkEnd	141366338
8	Feed	141366418
52	Feed	141366498
23,5	BlinkStart	141366655
23,5	BlinkEnd	141376205
5	0DropFeed	141376285
23	NoFeedAbort	141376365
1	BlinkStart	141386435
1	BlinkEnd	141388298
1	NoFeedLowProb	141388378
6,50	BlinkStart	141388476
6,50	BlinkEnd	141391012
6	Feed	141391092
50	Feed	141391173
1	BlinkStart	141391332
1	BlinkEnd	141405928
1	NoFeedLowProb	141406008
6,50	BlinkStart	141406092
6,50	BlinkEnd	141408634
6	Feed	141408715
50	Feed	141408795
1	BlinkStart	141408989
1	BlinkEnd	141421450
1	NoFeedLowProb	141421530
6,50	BlinkStart	141421624
6,50	BlinkEnd	141424399
6	Feed	141424480
50	Feed	141424560
16,1	BlinkStart	141424730
16,1	BlinkEnd	141437093
1	0DropFeed	141437173
16	Feed	141437254
6,50,4,42	BlinkStart	141437434
6,50,4,42	BlinkEnd	141439860
6	Feed	141439940
50	Feed	141440020
14,1	BlinkStart	141440170
14,1	BlinkEnd	141452677
1	0DropFeed	141452757
14	NoFeedAbort	141452837
5	BlinkStart	141462902
5	BlinkEnd	141465792
5	NoFeedLowProb	141465872
2,37	BlinkStart	141465960
2,37	BlinkEnd	141468801
2	Feed	141468881
37	Feed	141468962
5	BlinkStart	141469157
5	BlinkEnd	141475899
5	NoFeedLowProb	141475979
2,37	BlinkStart	141476076
2,37	BlinkEnd	141478908
2	Feed	141478988
37	Feed	141479068
5	BlinkStart	141479223
5	BlinkEnd	141486248
5	NoFeedLowProb	141486328
2,37	BlinkStart	141486405
2,37	BlinkEnd	141489139
2	Feed	141489219
37	Feed	141489300
25,5	BlinkStart	141489452
25,5	BlinkEnd	141498702
5	0DropFeed	141498782
25	Feed	141498862
2,37,8,56	BlinkStart	141499015
2,37,8,56	BlinkEnd	141501952
2	Feed	141502032
37	Feed	141502112
23,5	BlinkStart	141502302
23,5	BlinkEnd	141508813
5	0DropFeed	141508893
23	NoFeedAbort	141508973
1	BlinkStart	141519049
1	BlinkEnd	141526200
1	NoFeedLowProb	141526280
4,44	BlinkStart	141526403
4,44	BlinkEnd	141529147
4	Feed	141529227
44	Feed	141529307
1	BlinkStart	141529471
1	BlinkEnd	141539856
1	NoFeedLowProb	141539936
4,44	BlinkStart	141540022
4,44	BlinkEnd	141542925
4	Feed	141543005
44	Feed	141543085
1	BlinkStart	141543245
1	BlinkEnd	141555320
1	NoFeedLowProb	141555400
4,44	BlinkStart	141555495
4,44	BlinkEnd	141558207
4	Feed	141558287
44	Feed	141558368
16,1	BlinkStart	141558547
16,1	BlinkEnd	141589131
1	0DropFeed	141589211
16	Feed	141589291
4,44,6,50	BlinkStart	141589465
4,44,6,50	BlinkEnd	141591719
6	Feed	141591799
50	Feed	141591879
14,1	BlinkStart	141592047
14,1	BlinkEnd	141604655
1	0DropFeed	141604735
14	NoFeedAbort	141604815
5	BlinkStart	141614878
5	BlinkEnd	141619154
5	NoFeedLowProb	141619234
8,53	BlinkStart	141619335
8,53	BlinkEnd	141622102
8	Feed	141622182
53	Feed	141622263
5	BlinkStart	141622430
5	BlinkEnd	141630467
5	NoFeedLowProb	141630547
8,53	BlinkStart	141630637
8,53	BlinkEnd	141634376
8	Feed	141634456
53	Feed	141634536
5	BlinkStart	141634696
5	BlinkEnd	141644365
5	NoFeedLowProb	141644445
8,53	BlinkStart	141644527
8,53	BlinkEnd	141647853
8	Feed	141647933
53	Feed	141648013
25,5	BlinkStart	141648185
25,5	BlinkEnd	141656698
5	0DropFeed	141656778
25	Feed	141656858
8,53,2	BlinkStart	141657027
8,53,2	BlinkEnd	141659646
2	0DropFeed	141659726
23,5	BlinkStart	141659908
23,5	BlinkEnd	141665362
5	0DropFeed	141665442
23	NoFeedAbort	141665522
1	BlinkStart	141675590
1	BlinkEnd	141680946
1	NoFeedLowProb	141681026
6,47	BlinkStart	141681115
6,47	BlinkEnd	141684856
6	Feed	141684936
47	Feed	141685016
1	BlinkStart	141685173
1	BlinkEnd	141758017
1	NoFeedLowProb	141758097
6,47	BlinkStart	141758187
6,47	BlinkEnd	141760905
6	Feed	141760985
47	Feed	141761065
1	BlinkStart	141761246
1	BlinkEnd	141768426
1	NoFeedLowProb	141768506
6,47	BlinkStart	141768620
6,47	BlinkEnd	141771194
6	Feed	141771274
47	Feed	141771354
16,1	BlinkStart	141771494
16,1	BlinkEnd	141779557
1	0DropFeed	141779637
16	Feed	141779718
6,47,4,43	BlinkStart	141779877
6,47,4,43	BlinkEnd	141782024
6	Feed	141782104
47	Feed	141782184
14,1	BlinkStart	141782346
14,1	BlinkEnd	141789491
1	0DropFeed	141789571
14	NoFeedAbort	141789651
5	BlinkStart	141799750
5	BlinkEnd	141801638
5	NoFeedLowProb	141801718
8,52	BlinkStart	141801794
8,52	BlinkEnd	141804345
8	Feed	141804426
52	Feed	141804506
5	BlinkStart	141804675
5	BlinkEnd	141811264
5	NoFeedLowProb	141811344
8,52	BlinkStart	141811431
8,52	BlinkEnd	141814753
8	Feed	141814833
52	Feed	141814914
5	BlinkStart	141815076
5	BlinkEnd	141822394
5	NoFeedLowProb	141822474
8,52	BlinkStart	141822558
8,52	BlinkEnd	141825764
8	Feed	141825844
52	Feed	141825925
25,5	BlinkStart	141826135
25,5	BlinkEnd	141833765
5	0DropFeed	141833845
25	Feed	141833925
8,52,2,39	BlinkStart	141834091
8,52,2,39	BlinkEnd	141837438
2	Feed	141837518
39	Feed	141837598
23,5	BlinkStart	141837768
23,5	BlinkEnd	141848085
5	0DropFeed	141848165
23	NoFeedAbort	141848245
1	BlinkStart	141858329
1	BlinkEnd	141858592
1	NoFeedLowProb	141858672
4,46	BlinkStart	141858751
4,46	BlinkEnd	141862044
4	Feed	141862125
46	Feed	141862205
1	BlinkStart	141862366
1	BlinkEnd	141877327
1	NoFeedLowProb	141877407
4,46	BlinkStart	141877506
4,46	BlinkEnd	141879612
4	Feed	141879692
46	Feed	141879772
1	BlinkStart	141879939
1	BlinkEnd	141894054
1	NoFeedLowProb	141894134
4,46	BlinkStart	141894227
4,46	BlinkEnd	141896521
4	Feed	141896601
46	Feed	141896681
16,1	BlinkStart	141896838
16,1	BlinkEnd	141911982
1	0DropFeed	141912062
16	Feed	141912142
4,46,6	BlinkStart	141912307
4,46,6	BlinkEnd	141915291
4	Feed	141915371
46	Feed	141915451
14,1	BlinkStart	141915605
14,1	BlinkEnd	141930092
1	0DropFeed	141930172
14	NoFeedAbort	141930252
5	BlinkStart	141940317
5	BlinkEnd	141942308
5	NoFeedLowProb	141942388
8,53	BlinkStart	141942480
8,53	BlinkEnd	141945375
8	Feed	141945455
53	Feed	141945535
5	BlinkStart	141945692
5	BlinkEnd	141953919
5	NoFeedLowProb	141953999
8,53	BlinkStart	141954088
8,53	BlinkEnd	141956686
8	Feed	141956767
53	Feed	141956847
5	BlinkStart	141956990
5	BlinkEnd	141965290
5	NoFeedLowProb	141965370
8,53	BlinkStart	141965440
8,53	BlinkEnd	141968176
8	Feed	141968256
53	Feed	141968336
25,5	BlinkStart	141968531
25,5	BlinkEnd	141979488
5	0DropFeed	141979568
25	Feed	141979649
8,53,2,40	BlinkStart	141979802
8,53,2,40	BlinkEnd	141982136
8	Feed	141982216
53	Feed	141982297
23,5	BlinkStart	141982460
23,5	BlinkEnd	141990679
5	0DropFeed	141990759
23	NoFeedAbort	141990839
1	BlinkStart	142000907
1	BlinkEnd	142011616
1	NoFeedLowProb	142011696
4,44	BlinkStart	142011781
4,44	BlinkEnd	142014083
4	Feed	142014164
44	Feed	142014244
1	BlinkStart	142014407
1	BlinkEnd	142027560
1	NoFeedLowProb	142027640
4,44	BlinkStart	142027729
4,44	BlinkEnd	142030328
4	Feed	142030409
44	Feed	142030489
1	BlinkStart	142030657
1	BlinkEnd	142042301
1	NoFeedLowProb	142042381
4,44	BlinkStart	142042475
4,44	BlinkEnd	142045431
4	Feed	142045511
44	Feed	142045591
16,1	BlinkStart	142045752
16,1	BlinkEnd	142058665
1	0DropFeed	142058745
16	Feed	142058825
4,44,6,48	BlinkStart	142058984
4,44,6,48	BlinkEnd	142061493
4	Feed	142061573
44	Feed	142061653
14,1	BlinkStart	142061809
14,1	BlinkEnd	142074009
1	0DropFeed	142074089
14	NoFeedAbort	142074169
5	BlinkStart	142084232
5	BlinkEnd	142084958
5	NoFeedLowProb	142085038
8,55	BlinkStart	142085117
8,55	BlinkEnd	142087725
8	Feed	142087805
55	Feed	142087886
5	BlinkStart	142088047
5	BlinkEnd	142103370
5	NoFeedLowProb	142103450
8,55	BlinkStart	142103530
8,55	BlinkEnd	142106437
8	Feed	142106519
55	Feed	142106599
5	BlinkStart	142106758
5	BlinkEnd	142120397
5	NoFeedLowProb	142120477
8,55	BlinkStart	142120610
8,55	BlinkEnd	142123465
8	Feed	142123545
55	Feed	142123625
25,5	BlinkStart	142123769
25,5	BlinkEnd	142137845
5	0DropFeed	142137925
25	Feed	142138005
8,55,2,37	BlinkStart	142138192
8,55,2,37	BlinkEnd	142140852
8	Feed	142140933
55	Feed	142141013
23,5	BlinkStart	142141199
23,5	BlinkEnd	142154331
5	0DropFeed	142154411
23	NoFeedAbort	142154491
1	BlinkStart	142164556
1	BlinkEnd	142166785
1	NoFeedLowProb	142166865
6,47	BlinkStart	142166971
6,47	BlinkEnd	142169491
6	Feed	142169571
47	Feed	142169651
1	BlinkStart	142169813
1	BlinkEnd	142176712
1	NoFeedLowProb	142176792
6,47	BlinkStart	142176888
6,47	BlinkEnd	142179601
6	Feed	142179681
47	Feed	142179761
1	BlinkStart	142179922
1	BlinkEnd	142186158
1	NoFeedLowProb	142186238
6,47	BlinkStart	142186327
6,47	BlinkEnd	142189166
6	Feed	142189246
47	Feed	142189326
16,1	BlinkStart	142189485
16,1	BlinkEnd	142195964
1	0DropFeed	142196044
16	Feed	142196124
6,47,4,45	BlinkStart	142196278
6,47,4,45	BlinkEnd	142199758
6	Feed	142199838
47	Feed	142199918
14,1	BlinkStart	142200063
14,1	BlinkEnd	142207576
1	0DropFeed	142207657
14	NoFeedAbort	142207737
5	BlinkStart	142217802
5	BlinkEnd	142221907
5	NoFeedLowProb	142221987
2,39	BlinkStart	142222091
2,39	BlinkEnd	142224724
2	Feed	142224804
39	Feed	142224884
5	BlinkStart	142225078
5	BlinkEnd	142235132
5	NoFeedLowProb	142235212
2,39	BlinkStart	142235319
2,39	BlinkEnd	142237779
2	Feed	142237859
39	Feed	142237939
5	BlinkStart	142238132
5	BlinkEnd	142247346
5	NoFeedLowProb	142247426
2,39	BlinkStart	142247514
2,39	BlinkEnd	142250004
2	Feed	142250084
39	Feed	142250164
25,5	BlinkStart	142250358
25,5	BlinkEnd	142260463
5	0DropFeed	142260543
25	Feed	142260623
2,39,8,54	BlinkStart	142260792
2,39,8,54	BlinkEnd	142262989
2	Feed	142263069
39	Feed	142263149
23,5	BlinkStart	142263330
23,5	BlinkEnd	142272616
5	0DropFeed	142272696
23	NoFeedAbort	142272776
1	BlinkStart	142282842
1	BlinkEnd	142288138
1	NoFeedLowProb	142288218
6,51	BlinkStart	142288318
6,51	BlinkEnd	142290786
6	Feed	142290866
51	Feed	142290946
1	BlinkStart	142291102
1	BlinkEnd	142343130
1	NoFeedLowProb	142343210
6,51	BlinkStart	142343289
6,51	BlinkEnd	142347101
6	Feed	142347182
51	Feed	142347263
1	BlinkStart	142347424
1	BlinkEnd	142365512
1	NoFeedLowProb	142365592
6,51	BlinkStart	142365711
6,51	BlinkEnd	142368225
6	Feed	142368305
51	Feed	142368385
16,1	BlinkStart	142368538
16,1	BlinkEnd	142403596
1	0DropFeed	142403678
16	Feed	142403758
6,51,4,44	BlinkStart	142403945
6,51,4,44	BlinkEnd	142406003
6	Feed	142406083
51	Feed	142406164
14,1	BlinkStart	142406344
14,1	BlinkEnd	142421406
1	0DropFeed	142421486
14	NoFeedAbort	142421566
5	BlinkStart	142431630
5	BlinkEnd	142446384
5	NoFeedLowProb	142446464
8	BlinkStart	142446536
8	BlinkEnd	142450044
8	0DropFeed	142450124
5	BlinkStart	142450286
5	BlinkEnd	142457144
5	NoFeedLowProb	142457225
8	BlinkStart	142457304
8	BlinkEnd	142462921
8	0DropFeed	142463001
5	BlinkStart	142463192
5	BlinkEnd	142469660
5	NoFeedLowProb	142469741
8	BlinkStart	142469822
8	BlinkEnd	142484707
8	0DropFeed	142484787
25,5	BlinkStart	142484939
25,5	BlinkEnd	142503472
5	0DropFeed	142503552
25	Feed	142503632
2,40,8	BlinkStart	142503797
2,40,8	BlinkEnd	142506902
2	Feed	142506982
40	Feed	142507062
23,5	BlinkStart	142507224
23,5	BlinkEnd	142521171
5	0DropFeed	142521251
23	NoFeedAbort	142521331
1	BlinkStart	142531396
1	BlinkEnd	142534639
1	NoFeedLowProb	142534719
6,48	BlinkStart	142534821
6,48	BlinkEnd	142537948
6	Feed	142538028
48	Feed	142538108
1	BlinkStart	142538300
1	BlinkEnd	142549078
1	NoFeedLowProb	142549158
6,48	BlinkStart	142549283
6,48	BlinkEnd	142552930
6	Feed	142553010
48	Feed	142553090
1	BlinkStart	142553268
1	BlinkEnd	142564961
1	NoFeedLowProb	142565042
6,48	BlinkStart	142565126
6,48	BlinkEnd	142568451
6	Feed	142568532
48	Feed	142568613
16,1	BlinkStart	142568772
16,1	BlinkEnd	142581808
1	0DropFeed	142581888
16	Feed	142581968
6,48,4,42	BlinkStart	142582135
6,48,4,42	BlinkEnd	142585056
6	Feed	142585136
48	Feed	142585216
14,1	BlinkStart	142585403
14,1	BlinkEnd	142602625
1	0DropFeed	142602705
14	NoFeedAbort	142602786
5	BlinkStart	142612852
5	BlinkEnd	142617007
5	NoFeedLowProb	142617087
2,40	BlinkStart	142617178
2,40	BlinkEnd	142619593
2	Feed	142619674
40	Feed	142619754
5	BlinkStart	142619916
5	BlinkEnd	142632828
5	NoFeedLowProb	142632908
2,40	BlinkStart	142633012
2,40	BlinkEnd	142635717
2	Feed	142635797
40	Feed	142635877
5	BlinkStart	142636022
5	BlinkEnd	142649614
5	NoFeedLowProb	142649694
2,40	BlinkStart	142649796
2,40	BlinkEnd	142652924
2	Feed	142653004
40	Feed	142653084
25,5	BlinkStart	142653237
25,5	BlinkEnd	142667005
5	0DropFeed	142667085
25	Feed	142667165
2,40,8	BlinkStart	142667334
2,40,8	BlinkEnd	142670138
2	Feed	142670218
40	Feed	142670298
23,5	BlinkStart	142670457
23,5	BlinkEnd	142683970
5	0DropFeed	142684050
23	NoFeedAbort	142684130
1	BlinkStart	142694193
1	BlinkEnd	142698770
1	NoFeedLowProb	142698851
6,50	BlinkStart	142698942
6,50	BlinkEnd	142701418
6	Feed	142701498
50	Feed	142701578
1	BlinkStart	142701755
1	BlinkEnd	142717482
1	NoFeedLowProb	142717562
6,50	BlinkStart	142717655
6,50	BlinkEnd	142721513
6	Feed	142721593
50	Feed	142721673
1	BlinkStart	142721838
1	BlinkEnd	142737156
1	NoFeedLowProb	142737237
6,50	BlinkStart	142737328
6,50	BlinkEnd	142739870
6	Feed	142739950
50	Feed	142740030
16,1	BlinkStart	142740186
16,1	BlinkEnd	142754606
1	0DropFeed	142754686
16	Feed	142754767
6,50,4,42	BlinkStart	142754923
6,50,4,42	BlinkEnd	142758215
6	Feed	142758295
50	Feed	142758375
14,1	BlinkStart	142758540
14,1	BlinkEnd	142772052
1	0DropFeed	142772132
14	NoFeedAbort	142772212
5	BlinkStart	142782275
5	BlinkEnd	142782569
