Ver1.3	326664531	StartFile	12/8/2020	12:25:57 PM	E:\BehavioralExperiments\Twenty\Horizon\RawData\120820\SoundData.txt	326664531
327011712	Triggered	5,23,24,25,26,27,28,29,30,31,	 NoSound	40	2	327011712
327011913	Triggered	5,23,24,25,26,27,28,29,30,31,	 StopSoundShort	40	2	327011913
327031830	Triggered	4,42,43,44,45,46,	 NoSound	40	2	327031830
327032033	Triggered	4,42,43,44,45,46,	 File_beep1	40	2	327032033
327042793	Triggered	1,14,15,16,17,18,19,20,21,22,	 NoSound	40	2	327042793
327048140	Triggered	4,42,43,44,45,46,	 NoSound	40	2	327048140
327048340	Triggered	4,42,43,44,45,46,	 File_beep1	40	2	327048340
327056629	Triggered	1,14,15,16,17,18,19,20,21,22,	 NoSound	40	2	327056629
327060840	Triggered	4,42,43,44,45,46,	 NoSound	40	2	327060840
327061042	Triggered	4,42,43,44,45,46,	 File_beep1	40	2	327061042
327069863	Triggered	1,14,15,16,17,18,19,20,21,22,	 NoSound	40	2	327069863
327070067	Triggered	1,14,15,16,17,18,19,20,21,22,	 PureTone-1kHz	40	2	327070067
327074608	Triggered	6,47,48,49,50,51,	 NoSound	40	2	327074608
327090851	Triggered	1,14,15,16,17,18,19,20,21,22,	 NoSound	40	2	327090851
327091052	Triggered	1,14,15,16,17,18,19,20,21,22,	 StopSoundLong	40	2	327091052
327106759	Triggered	8,52,53,54,55,56,	 NoSound	40	2	327106759
327106963	Triggered	8,52,53,54,55,56,	 File_beep3	40	2	327106963
327120128	Triggered	5,23,24,25,26,27,28,29,30,31,	 NoSound	40	2	327120128
327127279	Triggered	8,52,53,54,55,56,	 NoSound	40	2	327127279
327127480	Triggered	8,52,53,54,55,56,	 File_beep3	40	2	327127480
327139311	Triggered	5,23,24,25,26,27,28,29,30,31,	 NoSound	40	2	327139311
327142786	Triggered	8,52,53,54,55,56,	 NoSound	40	2	327142786
327142987	Triggered	8,52,53,54,55,56,	 File_beep3	40	2	327142987
327158695	Triggered	5,23,24,25,26,27,28,29,30,31,	 NoSound	40	2	327158695
327158898	Triggered	5,23,24,25,26,27,28,29,30,31,	 PureTone-9kHz	40	2	327158898
327162505	Triggered	8,52,53,54,55,56,	 NoSound	40	2	327162505
327162708	Triggered	8,52,53,54,55,56,	 File_beep3	40	2	327162708
327175739	Triggered	5,23,24,25,26,27,28,29,30,31,	 NoSound	40	2	327175739
327175940	Triggered	5,23,24,25,26,27,28,29,30,31,	 PureTone-7kHz	40	2	327175940
327180223	Triggered	8,52,53,54,55,56,	 NoSound	40	2	327180223
327180425	Triggered	8,52,53,54,55,56,	 File_beep3	40	2	327180425
327192783	Triggered	5,23,24,25,26,27,28,29,30,31,	 NoSound	40	2	327192783
327192987	Triggered	5,23,24,25,26,27,28,29,30,31,	 PureTone-5kHz	40	2	327192987
327196526	Triggered	8,52,53,54,55,56,	 NoSound	40	2	327196526
327196728	Triggered	8,52,53,54,55,56,	 File_beep3	40	2	327196728
327208959	Triggered	5,23,24,25,26,27,28,29,30,31,	 NoSound	40	2	327208959
327209161	Triggered	5,23,24,25,26,27,28,29,30,31,	 PureTone-3kHz	40	2	327209161
327213705	Triggered	8,52,53,54,55,56,	 NoSound	40	2	327213705
327213907	Triggered	8,52,53,54,55,56,	 File_beep3	40	2	327213907
327224934	Triggered	5,23,24,25,26,27,28,29,30,31,	 NoSound	40	2	327224934
327225136	Triggered	5,23,24,25,26,27,28,29,30,31,	 PureTone-2kHz	40	2	327225136
327229078	Triggered	8,52,53,54,55,56,	 NoSound	40	2	327229078
327229280	Triggered	8,52,53,54,55,56,	 File_beep3	40	2	327229280
327240575	Triggered	5,23,24,25,26,27,28,29,30,31,	 NoSound	40	2	327240575
327240777	Triggered	5,23,24,25,26,27,28,29,30,31,	 PureTone-1kHz	40	2	327240777
327257218	Triggered	8,52,53,54,55,56,	 NoSound	40	2	327257218
327257419	Triggered	8,52,53,54,55,56,	 File_beep3	40	2	327257419
327268581	Triggered	5,23,24,25,26,27,28,29,30,31,	 NoSound	40	2	327268581
327268782	Triggered	5,23,24,25,26,27,28,29,30,31,	 StopSoundShort	40	2	327268782
327282216	Triggered	1,14,15,16,17,18,19,20,21,22,	 NoSound	40	2	327282216
327285559	Triggered	6,47,48,49,50,51,	 NoSound	40	2	327285559
327285760	Triggered	6,47,48,49,50,51,	 File_beep2	40	2	327285760
327294917	Triggered	1,14,15,16,17,18,19,20,21,22,	 NoSound	40	2	327294917
327302268	Triggered	6,47,48,49,50,51,	 NoSound	40	2	327302268
327302470	Triggered	6,47,48,49,50,51,	 File_beep2	40	2	327302470
327312027	Triggered	1,14,15,16,17,18,19,20,21,22,	 NoSound	40	2	327312027
327314968	Triggered	6,47,48,49,50,51,	 NoSound	40	2	327314968
327315180	Triggered	6,47,48,49,50,51,	 File_beep2	40	2	327315180
327325061	Triggered	1,14,15,16,17,18,19,20,21,22,	 NoSound	40	2	327325061
327325263	Triggered	1,14,15,16,17,18,19,20,21,22,	 PureTone-1kHz	40	2	327325263
327328537	Triggered	6,47,48,49,50,51,	 NoSound	40	2	327328537
327328738	Triggered	6,47,48,49,50,51,	 File_beep2	40	2	327328738
327338504	Triggered	1,14,15,16,17,18,19,20,21,22,	 NoSound	40	2	327338504
327338707	Triggered	1,14,15,16,17,18,19,20,21,22,	 StopSoundLong	40	2	327338707
327349191	Triggered	5,23,24,25,26,27,28,29,30,31,	 NoSound	40	2	327349191
327352536	Triggered	8,52,53,54,55,56,	 NoSound	40	2	327352536
327364764	Triggered	5,23,24,25,26,27,28,29,30,31,	 NoSound	40	2	327364764
327379537	Triggered	8,52,53,54,55,56,	 NoSound	40	2	327379537
327387224	Triggered	5,23,24,25,26,27,28,29,30,31,	 NoSound	40	2	327387224
327391034	Triggered	8,52,53,54,55,56,	 NoSound	40	2	327391034
327395444	Triggered	5,23,24,25,26,27,28,29,30,31,	 NoSound	40	2	327395444
327395647	Triggered	5,23,24,25,26,27,28,29,30,31,	 PureTone-9kHz	40	2	327395647
327408948	Triggered	2,37,38,39,40,41,	 NoSound	40	2	327408948
327409149	Triggered	2,37,38,39,40,41,	 File_beep1	40	2	327409149
327417370	Triggered	5,23,24,25,26,27,28,29,30,31,	 NoSound	40	2	327417370
327417574	Triggered	5,23,24,25,26,27,28,29,30,31,	 PureTone-7kHz	40	2	327417574
327420509	Triggered	8,52,53,54,55,56,	 NoSound	40	2	327420509
327425336	Triggered	5,23,24,25,26,27,28,29,30,31,	 NoSound	40	2	327425336
327425538	Triggered	5,23,24,25,26,27,28,29,30,31,	 PureTone-5kHz	40	2	327425538
327429132	Triggered	2,37,38,39,40,41,	 NoSound	40	2	327429132
327429333	Triggered	2,37,38,39,40,41,	 File_beep1	40	2	327429333
327436351	Triggered	5,23,24,25,26,27,28,29,30,31,	 NoSound	40	2	327436351
327436554	Triggered	5,23,24,25,26,27,28,29,30,31,	 PureTone-3kHz	40	2	327436554
327439627	Triggered	8,52,53,54,55,56,	 NoSound	40	2	327439627
327448584	Triggered	5,23,24,25,26,27,28,29,30,31,	 NoSound	40	2	327448584
327448786	Triggered	5,23,24,25,26,27,28,29,30,31,	 PureTone-2kHz	40	2	327448786
327454063	Triggered	2,37,38,39,40,41,	 NoSound	40	2	327454063
327454264	Triggered	2,37,38,39,40,41,	 File_beep1	40	2	327454264
327462218	Triggered	5,23,24,25,26,27,28,29,30,31,	 NoSound	40	2	327462218
327462420	Triggered	5,23,24,25,26,27,28,29,30,31,	 PureTone-1kHz	40	2	327462420
327465828	Triggered	8,52,53,54,55,56,	 NoSound	40	2	327465828
327469371	Triggered	5,23,24,25,26,27,28,29,30,31,	 NoSound	40	2	327469371
327469572	Triggered	5,23,24,25,26,27,28,29,30,31,	 StopSoundShort	40	2	327469572
327482945	Triggered	6,47,48,49,50,51,	 NoSound	40	2	327482945
327483147	Triggered	6,47,48,49,50,51,	 File_beep4	40	2	327483147
327496977	Triggered	1,14,15,16,17,18,19,20,21,22,	 NoSound	40	2	327496977
327499516	Triggered	6,47,48,49,50,51,	 NoSound	40	2	327499516
327499719	Triggered	6,47,48,49,50,51,	 File_beep4	40	2	327499719
327514755	Triggered	1,14,15,16,17,18,19,20,21,22,	 NoSound	40	2	327514755
327517229	Triggered	6,47,48,49,50,51,	 NoSound	40	2	327517229
327517431	Triggered	6,47,48,49,50,51,	 File_beep4	40	2	327517431
327531666	Triggered	1,14,15,16,17,18,19,20,21,22,	 NoSound	40	2	327531666
327531868	Triggered	1,14,15,16,17,18,19,20,21,22,	 PureTone-1kHz	40	2	327531868
327535075	Triggered	6,47,48,49,50,51,	 NoSound	40	2	327535075
327535278	Triggered	6,47,48,49,50,51,	 File_beep4	40	2	327535278
327549513	Triggered	1,14,15,16,17,18,19,20,21,22,	 NoSound	40	2	327549513
327549714	Triggered	1,14,15,16,17,18,19,20,21,22,	 StopSoundLong	40	2	327549714
327566022	Triggered	5,23,24,25,26,27,28,29,30,31,	 NoSound	40	2	327566022
327568896	Triggered	2,37,38,39,40,41,	 NoSound	40	2	327568896
327569097	Triggered	2,37,38,39,40,41,	 File_beep1	40	2	327569097
327575447	Triggered	5,23,24,25,26,27,28,29,30,31,	 NoSound	40	2	327575447
327593695	Triggered	2,37,38,39,40,41,	 NoSound	40	2	327593695
327593896	Triggered	2,37,38,39,40,41,	 File_beep1	40	2	327593896
327600847	Triggered	5,23,24,25,26,27,28,29,30,31,	 NoSound	40	2	327600847
327605191	Triggered	2,37,38,39,40,41,	 NoSound	40	2	327605191
327605391	Triggered	2,37,38,39,40,41,	 File_beep1	40	2	327605391
327618894	Triggered	5,23,24,25,26,27,28,29,30,31,	 NoSound	40	2	327618894
327619097	Triggered	5,23,24,25,26,27,28,29,30,31,	 PureTone-9kHz	40	2	327619097
327621901	Triggered	8,52,53,54,55,56,	 NoSound	40	2	327621901
327632530	Triggered	5,23,24,25,26,27,28,29,30,31,	 NoSound	40	2	327632530
327632733	Triggered	5,23,24,25,26,27,28,29,30,31,	 PureTone-7kHz	40	2	327632733
327638412	Triggered	2,37,38,39,40,41,	 NoSound	40	2	327638412
327638613	Triggered	2,37,38,39,40,41,	 File_beep1	40	2	327638613
327645899	Triggered	5,23,24,25,26,27,28,29,30,31,	 NoSound	40	2	327645899
327646102	Triggered	5,23,24,25,26,27,28,29,30,31,	 PureTone-5kHz	40	2	327646102
327648771	Triggered	2,37,38,39,40,41,	 NoSound	40	2	327648771
327648972	Triggered	2,37,38,39,40,41,	 File_beep1	40	2	327648972
327680455	Triggered	5,23,24,25,26,27,28,29,30,31,	 NoSound	40	2	327680455
327680657	Triggered	5,23,24,25,26,27,28,29,30,31,	 PureTone-3kHz	40	2	327680657
327683596	Triggered	8,52,53,54,55,56,	 NoSound	40	2	327683596
327688007	Triggered	5,23,24,25,26,27,28,29,30,31,	 NoSound	40	2	327688007
327688209	Triggered	5,23,24,25,26,27,28,29,30,31,	 PureTone-2kHz	40	2	327688209
327692018	Triggered	2,37,38,39,40,41,	 NoSound	40	2	327692018
327692218	Triggered	2,37,38,39,40,41,	 File_beep1	40	2	327692218
327703447	Triggered	5,23,24,25,26,27,28,29,30,31,	 NoSound	40	2	327703447
327703661	Triggered	5,23,24,25,26,27,28,29,30,31,	 PureTone-1kHz	40	2	327703661
327706724	Triggered	2,37,38,39,40,41,	 NoSound	40	2	327706724
327706927	Triggered	2,37,38,39,40,41,	 File_beep1	40	2	327706927
327713341	Triggered	5,23,24,25,26,27,28,29,30,31,	 NoSound	40	2	327713341
327713541	Triggered	5,23,24,25,26,27,28,29,30,31,	 StopSoundShort	40	2	327713541
327728713	Triggered	4,42,43,44,45,46,	 NoSound	40	2	327728713
327728918	Triggered	4,42,43,44,45,46,	 File_beep1	40	2	327728918
327736133	Triggered	1,14,15,16,17,18,19,20,21,22,	 NoSound	40	2	327736133
327739207	Triggered	4,42,43,44,45,46,	 NoSound	40	2	327739207
327739408	Triggered	4,42,43,44,45,46,	 File_beep1	40	2	327739408
327746425	Triggered	1,14,15,16,17,18,19,20,21,22,	 NoSound	40	2	327746425
327748900	Triggered	4,42,43,44,45,46,	 NoSound	40	2	327748900
327749101	Triggered	4,42,43,44,45,46,	 File_beep1	40	2	327749101
327755382	Triggered	1,14,15,16,17,18,19,20,21,22,	 NoSound	40	2	327755382
327755584	Triggered	1,14,15,16,17,18,19,20,21,22,	 PureTone-1kHz	40	2	327755584
327758392	Triggered	6,47,48,49,50,51,	 NoSound	40	2	327758392
327758594	Triggered	6,47,48,49,50,51,	 File_beep1	40	2	327758594
327767491	Triggered	1,14,15,16,17,18,19,20,21,22,	 NoSound	40	2	327767491
327767693	Triggered	1,14,15,16,17,18,19,20,21,22,	 StopSoundLong	40	2	327767693
327778577	Triggered	5,23,24,25,26,27,28,29,30,31,	 NoSound	40	2	327778577
327781383	Triggered	2,37,38,39,40,41,	 NoSound	40	2	327781383
327786331	Triggered	5,23,24,25,26,27,28,29,30,31,	 NoSound	40	2	327786331
327791276	Triggered	2,37,38,39,40,41,	 NoSound	40	2	327791276
327808121	Triggered	5,23,24,25,26,27,28,29,30,31,	 NoSound	40	2	327808121
327811662	Triggered	2,37,38,39,40,41,	 NoSound	40	2	327811662
327818547	Triggered	5,23,24,25,26,27,28,29,30,31,	 NoSound	40	2	327818547
327818751	Triggered	5,23,24,25,26,27,28,29,30,31,	 PureTone-9kHz	40	2	327818751
327822624	Triggered	8,52,53,54,55,56,	 NoSound	40	2	327822624
327822826	Triggered	8,52,53,54,55,56,	 File_beep2	40	2	327822826
327832383	Triggered	5,23,24,25,26,27,28,29,30,31,	 NoSound	40	2	327832383
327832587	Triggered	5,23,24,25,26,27,28,29,30,31,	 PureTone-7kHz	40	2	327832587
327835591	Triggered	8,52,53,54,55,56,	 NoSound	40	2	327835591
327835793	Triggered	8,52,53,54,55,56,	 File_beep2	40	2	327835793
327845083	Triggered	5,23,24,25,26,27,28,29,30,31,	 NoSound	40	2	327845083
327845299	Triggered	5,23,24,25,26,27,28,29,30,31,	 PureTone-5kHz	40	2	327845299
327848492	Triggered	8,52,53,54,55,56,	 NoSound	40	2	327848492
327848694	Triggered	8,52,53,54,55,56,	 File_beep2	40	2	327848694
327856981	Triggered	5,23,24,25,26,27,28,29,30,31,	 NoSound	40	2	327856981
327857198	Triggered	5,23,24,25,26,27,28,29,30,31,	 PureTone-3kHz	40	2	327857198
327860657	Triggered	8,52,53,54,55,56,	 NoSound	40	2	327860657
327860859	Triggered	8,52,53,54,55,56,	 File_beep2	40	2	327860859
327869814	Triggered	5,23,24,25,26,27,28,29,30,31,	 NoSound	40	2	327869814
327870015	Triggered	5,23,24,25,26,27,28,29,30,31,	 PureTone-2kHz	40	2	327870015
327873631	Triggered	8,52,53,54,55,56,	 NoSound	40	2	327873631
327873833	Triggered	8,52,53,54,55,56,	 File_beep2	40	2	327873833
327901898	Triggered	5,23,24,25,26,27,28,29,30,31,	 NoSound	40	2	327901898
327902101	Triggered	5,23,24,25,26,27,28,29,30,31,	 PureTone-1kHz	40	2	327902101
327905574	Triggered	2,37,38,39,40,41,	 NoSound	40	2	327905574
327909852	Triggered	5,23,24,25,26,27,28,29,30,31,	 NoSound	40	2	327909852
327910052	Triggered	5,23,24,25,26,27,28,29,30,31,	 StopSoundShort	40	2	327910052
327925160	Triggered	4,42,43,44,45,46,	 NoSound	40	2	327925160
327925362	Triggered	4,42,43,44,45,46,	 File_beep2	40	2	327925362
327937858	Triggered	1,14,15,16,17,18,19,20,21,22,	 NoSound	40	2	327937858
327940533	Triggered	4,42,43,44,45,46,	 NoSound	40	2	327940533
327940734	Triggered	4,42,43,44,45,46,	 File_beep2	40	2	327940734
327950758	Triggered	1,14,15,16,17,18,19,20,21,22,	 NoSound	40	2	327950758
327954235	Triggered	4,42,43,44,45,46,	 NoSound	40	2	327954235
327954436	Triggered	4,42,43,44,45,46,	 File_beep2	40	2	327954436
327963793	Triggered	1,14,15,16,17,18,19,20,21,22,	 NoSound	40	2	327963793
327963994	Triggered	1,14,15,16,17,18,19,20,21,22,	 PureTone-1kHz	40	2	327963994
327966800	Triggered	6,47,48,49,50,51,	 NoSound	40	2	327966800
327967017	Triggered	6,47,48,49,50,51,	 File_beep4	40	2	327967017
327979306	Triggered	1,14,15,16,17,18,19,20,21,22,	 NoSound	40	2	327979306
327979508	Triggered	1,14,15,16,17,18,19,20,21,22,	 StopSoundLong	40	2	327979508
327993336	Triggered	2,37,38,39,40,41,	 NoSound	40	2	327993336
327993540	Triggered	2,37,38,39,40,41,	 File_beep1	40	2	327993540
328000087	Triggered	5,23,24,25,26,27,28,29,30,31,	 NoSound	40	2	328000087
328003496	Triggered	2,37,38,39,40,41,	 NoSound	40	2	328003496
328003697	Triggered	2,37,38,39,40,41,	 File_beep1	40	2	328003697
328009846	Triggered	5,23,24,25,26,27,28,29,30,31,	 NoSound	40	2	328009846
328012653	Triggered	2,37,38,39,40,41,	 NoSound	40	2	328012653
328012854	Triggered	2,37,38,39,40,41,	 File_beep1	40	2	328012854
328018804	Triggered	5,23,24,25,26,27,28,29,30,31,	 NoSound	40	2	328018804
328019006	Triggered	5,23,24,25,26,27,28,29,30,31,	 PureTone-9kHz	40	2	328019006
328022346	Triggered	8,52,53,54,55,56,	 NoSound	40	2	328022346
328022548	Triggered	8,52,53,54,55,56,	 File_beep4	40	2	328022548
328034444	Triggered	5,23,24,25,26,27,28,29,30,31,	 NoSound	40	2	328034444
328034648	Triggered	5,23,24,25,26,27,28,29,30,31,	 PureTone-7kHz	40	2	328034648
328037250	Triggered	8,52,53,54,55,56,	 NoSound	40	2	328037250
328037453	Triggered	8,52,53,54,55,56,	 File_beep4	40	2	328037453
328050618	Triggered	5,23,24,25,26,27,28,29,30,31,	 NoSound	40	2	328050618
328050837	Triggered	5,23,24,25,26,27,28,29,30,31,	 PureTone-5kHz	40	2	328050837
328053293	Triggered	8,52,53,54,55,56,	 NoSound	40	2	328053293
328053495	Triggered	8,52,53,54,55,56,	 File_beep4	40	2	328053495
328065125	Triggered	5,23,24,25,26,27,28,29,30,31,	 NoSound	40	2	328065125
328065329	Triggered	5,23,24,25,26,27,28,29,30,31,	 PureTone-3kHz	40	2	328065329
328068200	Triggered	8,52,53,54,55,56,	 NoSound	40	2	328068200
328068402	Triggered	8,52,53,54,55,56,	 File_beep4	40	2	328068402
328080364	Triggered	5,23,24,25,26,27,28,29,30,31,	 NoSound	40	2	328080364
328080567	Triggered	5,23,24,25,26,27,28,29,30,31,	 PureTone-2kHz	40	2	328080567
328083906	Triggered	8,52,53,54,55,56,	 NoSound	40	2	328083906
328084122	Triggered	8,52,53,54,55,56,	 File_beep4	40	2	328084122
328096078	Triggered	5,23,24,25,26,27,28,29,30,31,	 NoSound	40	2	328096078
328096281	Triggered	5,23,24,25,26,27,28,29,30,31,	 PureTone-1kHz	40	2	328096281
328099078	Triggered	8,52,53,54,55,56,	 NoSound	40	2	328099078
328099283	Triggered	8,52,53,54,55,56,	 File_beep4	40	2	328099283
328111845	Triggered	5,23,24,25,26,27,28,29,30,31,	 NoSound	40	2	328111845
328112046	Triggered	5,23,24,25,26,27,28,29,30,31,	 StopSoundShort	40	2	328112046
328126817	Triggered	4,42,43,44,45,46,	 NoSound	40	2	328126817
328127022	Triggered	4,42,43,44,45,46,	 File_beep5	40	2	328127022
328139464	Triggered	1,14,15,16,17,18,19,20,21,22,	 NoSound	40	2	328139464
328142123	Triggered	4,42,43,44,45,46,	 NoSound	40	2	328142123
328142326	Triggered	4,42,43,44,45,46,	 File_beep5	40	2	328142326
328154824	Triggered	1,14,15,16,17,18,19,20,21,22,	 NoSound	40	2	328154824
328157497	Triggered	4,42,43,44,45,46,	 NoSound	40	2	328157497
328157700	Triggered	4,42,43,44,45,46,	 File_beep5	40	2	328157700
328170198	Triggered	1,14,15,16,17,18,19,20,21,22,	 NoSound	40	2	328170198
328170399	Triggered	1,14,15,16,17,18,19,20,21,22,	 PureTone-1kHz	40	2	328170399
328173539	Triggered	6,47,48,49,50,51,	 NoSound	40	2	328173539
328173741	Triggered	6,47,48,49,50,51,	 File_beep4	40	2	328173741
328187576	Triggered	1,14,15,16,17,18,19,20,21,22,	 NoSound	40	2	328187576
328187777	Triggered	1,14,15,16,17,18,19,20,21,22,	 StopSoundLong	40	2	328187777
328213912	Triggered	5,23,24,25,26,27,28,29,30,31,	 NoSound	40	2	328213912
328217187	Triggered	8,52,53,54,55,56,	 NoSound	40	2	328217187
328217388	Triggered	8,52,53,54,55,56,	 File_beep2	40	2	328217388
328226009	Triggered	5,23,24,25,26,27,28,29,30,31,	 NoSound	40	2	328226009
328229619	Triggered	8,52,53,54,55,56,	 NoSound	40	2	328229619
328229832	Triggered	8,52,53,54,55,56,	 File_beep2	40	2	328229832
328238576	Triggered	5,23,24,25,26,27,28,29,30,31,	 NoSound	40	2	328238576
328242184	Triggered	8,52,53,54,55,56,	 NoSound	40	2	328242184
328242386	Triggered	8,52,53,54,55,56,	 File_beep2	40	2	328242386
328251613	Triggered	5,23,24,25,26,27,28,29,30,31,	 NoSound	40	2	328251613
328251818	Triggered	5,23,24,25,26,27,28,29,30,31,	 PureTone-9kHz	40	2	328251818
328255353	Triggered	2,37,38,39,40,41,	 NoSound	40	2	328255353
328255554	Triggered	2,37,38,39,40,41,	 File_beep3	40	2	328255554
328265045	Triggered	5,23,24,25,26,27,28,29,30,31,	 NoSound	40	2	328265045
328265248	Triggered	5,23,24,25,26,27,28,29,30,31,	 PureTone-7kHz	40	2	328265248
328268855	Triggered	2,37,38,39,40,41,	 NoSound	40	2	328268855
328269057	Triggered	2,37,38,39,40,41,	 File_beep3	40	2	328269057
328278480	Triggered	5,23,24,25,26,27,28,29,30,31,	 NoSound	40	2	328278480
328278693	Triggered	5,23,24,25,26,27,28,29,30,31,	 PureTone-5kHz	40	2	328278693
328282023	Triggered	8,52,53,54,55,56,	 NoSound	40	2	328282023
328282225	Triggered	8,52,53,54,55,56,	 File_beep2	40	2	328282225
328292249	Triggered	5,23,24,25,26,27,28,29,30,31,	 NoSound	40	2	328292249
328292450	Triggered	5,23,24,25,26,27,28,29,30,31,	 PureTone-3kHz	40	2	328292450
328296393	Triggered	8,52,53,54,55,56,	 NoSound	40	2	328296393
328296597	Triggered	8,52,53,54,55,56,	 File_beep2	40	2	328296597
328309828	Triggered	5,23,24,25,26,27,28,29,30,31,	 NoSound	40	2	328309828
328310030	Triggered	5,23,24,25,26,27,28,29,30,31,	 PureTone-2kHz	40	2	328310030
328313575	Triggered	2,37,38,39,40,41,	 NoSound	40	2	328313575
328313777	Triggered	2,37,38,39,40,41,	 File_beep3	40	2	328313777
328326471	Triggered	5,23,24,25,26,27,28,29,30,31,	 NoSound	40	2	328326471
328326673	Triggered	5,23,24,25,26,27,28,29,30,31,	 PureTone-1kHz	40	2	328326673
328329947	Triggered	8,52,53,54,55,56,	 NoSound	40	2	328329947
328330148	Triggered	8,52,53,54,55,56,	 File_beep2	40	2	328330148
328339505	Triggered	5,23,24,25,26,27,28,29,30,31,	 NoSound	40	2	328339505
328339706	Triggered	5,23,24,25,26,27,28,29,30,31,	 StopSoundShort	40	2	328339706
328355613	Triggered	6,47,48,49,50,51,	 NoSound	40	2	328355613
328355817	Triggered	6,47,48,49,50,51,	 File_beep4	40	2	328355817
328370453	Triggered	1,14,15,16,17,18,19,20,21,22,	 NoSound	40	2	328370453
328373461	Triggered	6,47,48,49,50,51,	 NoSound	40	2	328373461
328373662	Triggered	6,47,48,49,50,51,	 File_beep4	40	2	328373662
328390571	Triggered	1,14,15,16,17,18,19,20,21,22,	 NoSound	40	2	328390571
328393647	Triggered	6,47,48,49,50,51,	 NoSound	40	2	328393647
328393849	Triggered	6,47,48,49,50,51,	 File_beep4	40	2	328393849
328410892	Triggered	1,14,15,16,17,18,19,20,21,22,	 NoSound	40	2	328410892
328411093	Triggered	1,14,15,16,17,18,19,20,21,22,	 PureTone-1kHz	40	2	328411093
328414302	Triggered	6,47,48,49,50,51,	 NoSound	40	2	328414302
328414503	Triggered	6,47,48,49,50,51,	 File_beep4	40	2	328414503
328436697	Triggered	1,14,15,16,17,18,19,20,21,22,	 NoSound	40	2	328436697
328436899	Triggered	1,14,15,16,17,18,19,20,21,22,	 StopSoundLong	40	2	328436899
328448055	Triggered	5,23,24,25,26,27,28,29,30,31,	 NoSound	40	2	328448055
328451331	Triggered	8,52,53,54,55,56,	 NoSound	40	2	328451331
328451533	Triggered	8,52,53,54,55,56,	 File_beep4	40	2	328451533
328464501	Triggered	5,23,24,25,26,27,28,29,30,31,	 NoSound	40	2	328464501
328467573	Triggered	8,52,53,54,55,56,	 NoSound	40	2	328467573
328467774	Triggered	8,52,53,54,55,56,	 File_beep4	40	2	328467774
328480941	Triggered	5,23,24,25,26,27,28,29,30,31,	 NoSound	40	2	328480941
328484015	Triggered	8,52,53,54,55,56,	 NoSound	40	2	328484015
328484217	Triggered	8,52,53,54,55,56,	 File_beep4	40	2	328484217
328497317	Triggered	5,23,24,25,26,27,28,29,30,31,	 NoSound	40	2	328497317
328497520	Triggered	5,23,24,25,26,27,28,29,30,31,	 PureTone-9kHz	40	2	328497520
328500791	Triggered	8,52,53,54,55,56,	 NoSound	40	2	328500791
328500994	Triggered	8,52,53,54,55,56,	 File_beep4	40	2	328500994
328516099	Triggered	5,23,24,25,26,27,28,29,30,31,	 NoSound	40	2	328516099
328516302	Triggered	5,23,24,25,26,27,28,29,30,31,	 PureTone-7kHz	40	2	328516302
328519440	Triggered	8,52,53,54,55,56,	 NoSound	40	2	328519440
328519643	Triggered	8,52,53,54,55,56,	 File_beep4	40	2	328519643
328535950	Triggered	5,23,24,25,26,27,28,29,30,31,	 NoSound	40	2	328535950
328536151	Triggered	5,23,24,25,26,27,28,29,30,31,	 PureTone-5kHz	40	2	328536151
328539894	Triggered	2,37,38,39,40,41,	 NoSound	40	2	328539894
328540097	Triggered	2,37,38,39,40,41,	 File_beep5	40	2	328540097
328553061	Triggered	5,23,24,25,26,27,28,29,30,31,	 NoSound	40	2	328553061
328553264	Triggered	5,23,24,25,26,27,28,29,30,31,	 PureTone-3kHz	40	2	328553264
328557539	Triggered	8,52,53,54,55,56,	 NoSound	40	2	328557539
328557742	Triggered	8,52,53,54,55,56,	 File_beep4	40	2	328557742
328577861	Triggered	5,23,24,25,26,27,28,29,30,31,	 NoSound	40	2	328577861
328578064	Triggered	5,23,24,25,26,27,28,29,30,31,	 PureTone-2kHz	40	2	328578064
328582070	Triggered	8,52,53,54,55,56,	 NoSound	40	2	328582070
328582272	Triggered	8,52,53,54,55,56,	 File_beep4	40	2	328582272
328601588	Triggered	5,23,24,25,26,27,28,29,30,31,	 NoSound	40	2	328601588
328601805	Triggered	5,23,24,25,26,27,28,29,30,31,	 PureTone-1kHz	40	2	328601805
328606200	Triggered	2,37,38,39,40,41,	 NoSound	40	2	328606200
328606403	Triggered	2,37,38,39,40,41,	 File_beep5	40	2	328606403
328620310	Triggered	5,23,24,25,26,27,28,29,30,31,	 NoSound	40	2	328620310
328620512	Triggered	5,23,24,25,26,27,28,29,30,31,	 StopSoundShort	40	2	328620512
328653323	Triggered	1,14,15,16,17,18,19,20,21,22,	 NoSound	40	2	328653323
328656397	Triggered	6,47,48,49,50,51,	 NoSound	40	2	328656397
328656600	Triggered	6,47,48,49,50,51,	 File_beep5	40	2	328656600
328677452	Triggered	1,14,15,16,17,18,19,20,21,22,	 NoSound	40	2	328677452
328680526	Triggered	6,47,48,49,50,51,	 NoSound	40	2	328680526
328680729	Triggered	6,47,48,49,50,51,	 File_beep5	40	2	328680729
328701514	Triggered	1,14,15,16,17,18,19,20,21,22,	 NoSound	40	2	328701514
328704656	Triggered	6,47,48,49,50,51,	 NoSound	40	2	328704656
328704859	Triggered	6,47,48,49,50,51,	 File_beep5	40	2	328704859
328727384	Triggered	1,14,15,16,17,18,19,20,21,22,	 NoSound	40	2	328727384
328727586	Triggered	1,14,15,16,17,18,19,20,21,22,	 PureTone-1kHz	40	2	328727586
328731259	Triggered	6,47,48,49,50,51,	 NoSound	40	2	328731259
328731462	Triggered	6,47,48,49,50,51,	 File_beep5	40	2	328731462
328757461	Triggered	1,14,15,16,17,18,19,20,21,22,	 NoSound	40	2	328757461
328757663	Triggered	1,14,15,16,17,18,19,20,21,22,	 StopSoundLong	40	2	328757663
328771298	Triggered	5,23,24,25,26,27,28,29,30,31,	 NoSound	40	2	328771298
328774707	Triggered	2,37,38,39,40,41,	 NoSound	40	2	328774707
328774908	Triggered	2,37,38,39,40,41,	 File_beep2	40	2	328774908
328786538	Triggered	5,23,24,25,26,27,28,29,30,31,	 NoSound	40	2	328786538
328792219	Triggered	2,37,38,39,40,41,	 NoSound	40	2	328792219
328792421	Triggered	2,37,38,39,40,41,	 File_beep2	40	2	328792421
328804584	Triggered	5,23,24,25,26,27,28,29,30,31,	 NoSound	40	2	328804584
328809396	Triggered	2,37,38,39,40,41,	 NoSound	40	2	328809396
328809597	Triggered	2,37,38,39,40,41,	 File_beep2	40	2	328809597
328821295	Triggered	5,23,24,25,26,27,28,29,30,31,	 NoSound	40	2	328821295
328821497	Triggered	5,23,24,25,26,27,28,29,30,31,	 PureTone-9kHz	40	2	328821497
328825438	Triggered	8,52,53,54,55,56,	 NoSound	40	2	328825438
328825639	Triggered	8,52,53,54,55,56,	 File_beep5	40	2	328825639
328844288	Triggered	5,23,24,25,26,27,28,29,30,31,	 NoSound	40	2	328844288
328844492	Triggered	5,23,24,25,26,27,28,29,30,31,	 PureTone-7kHz	40	2	328844492
328847763	Triggered	8,52,53,54,55,56,	 NoSound	40	2	328847763
328847964	Triggered	8,52,53,54,55,56,	 File_beep5	40	2	328847964
328866680	Triggered	5,23,24,25,26,27,28,29,30,31,	 NoSound	40	2	328866680
328866884	Triggered	5,23,24,25,26,27,28,29,30,31,	 PureTone-5kHz	40	2	328866884
328870357	Triggered	8,52,53,54,55,56,	 NoSound	40	2	328870357
328870558	Triggered	8,52,53,54,55,56,	 File_beep5	40	2	328870558
328889071	Triggered	5,23,24,25,26,27,28,29,30,31,	 NoSound	40	2	328889071
328889273	Triggered	5,23,24,25,26,27,28,29,30,31,	 PureTone-3kHz	40	2	328889273
328892747	Triggered	8,52,53,54,55,56,	 NoSound	40	2	328892747
328892960	Triggered	8,52,53,54,55,56,	 File_beep5	40	2	328892960
328914537	Triggered	5,23,24,25,26,27,28,29,30,31,	 NoSound	40	2	328914537
328914738	Triggered	5,23,24,25,26,27,28,29,30,31,	 PureTone-2kHz	40	2	328914738
328918682	Triggered	8,52,53,54,55,56,	 NoSound	40	2	328918682
328918896	Triggered	8,52,53,54,55,56,	 File_beep5	40	2	328918896
328936595	Triggered	5,23,24,25,26,27,28,29,30,31,	 NoSound	40	2	328936595
328936797	Triggered	5,23,24,25,26,27,28,29,30,31,	 PureTone-1kHz	40	2	328936797
328940739	Triggered	8,52,53,54,55,56,	 NoSound	40	2	328940739
328940941	Triggered	8,52,53,54,55,56,	 File_beep5	40	2	328940941
328958585	Triggered	5,23,24,25,26,27,28,29,30,31,	 NoSound	40	2	328958585
328958785	Triggered	5,23,24,25,26,27,28,29,30,31,	 StopSoundShort	40	2	328958785
328975698	Triggered	1,14,15,16,17,18,19,20,21,22,	 NoSound	40	2	328975698
328978972	Triggered	6,47,48,49,50,51,	 NoSound	40	2	328978972
328979175	Triggered	6,47,48,49,50,51,	 File_beep3	40	2	328979175
328995949	Triggered	1,14,15,16,17,18,19,20,21,22,	 NoSound	40	2	328995949
328999627	Triggered	6,47,48,49,50,51,	 NoSound	40	2	328999627
328999829	Triggered	6,47,48,49,50,51,	 File_beep3	40	2	328999829
329016410	Triggered	1,14,15,16,17,18,19,20,21,22,	 NoSound	40	2	329016410
329022094	Triggered	6,47,48,49,50,51,	 NoSound	40	2	329022094
329022296	Triggered	6,47,48,49,50,51,	 File_beep3	40	2	329022296
329126624	Triggered	1,14,15,16,17,18,19,20,21,22,	 NoSound	40	2	329126624
329126826	Triggered	1,14,15,16,17,18,19,20,21,22,	 PureTone-1kHz	40	2	329126826
329131636	Triggered	4,42,43,44,45,46,	 NoSound	40	2	329131636
329226218	Triggered	1,14,15,16,17,18,19,20,21,22,	 NoSound	40	2	329226218
329226420	Triggered	1,14,15,16,17,18,19,20,21,22,	 StopSoundLong	40	2	329226420
329240862	Triggered	5,23,24,25,26,27,28,29,30,31,	 NoSound	40	2	329240862
329244541	Triggered	8,52,53,54,55,56,	 NoSound	40	2	329244541
329244743	Triggered	8,52,53,54,55,56,	 File_beep3	40	2	329244743
329276279	Triggered	5,23,24,25,26,27,28,29,30,31,	 NoSound	40	2	329276279
329281561	Triggered	8,52,53,54,55,56,	 NoSound	40	2	329281561
329281763	Triggered	8,52,53,54,55,56,	 File_beep3	40	2	329281763
329300610	Triggered	5,23,24,25,26,27,28,29,30,31,	 NoSound	40	2	329300610
329305022	Triggered	8,52,53,54,55,56,	 NoSound	40	2	329305022
329305237	Triggered	8,52,53,54,55,56,	 File_beep3	40	2	329305237
329333696	Triggered	5,23,24,25,26,27,28,29,30,31,	 NoSound	40	2	329333696
329333899	Triggered	5,23,24,25,26,27,28,29,30,31,	 PureTone-9kHz	40	2	329333899
329340387	Triggered	8,52,53,54,55,56,	 NoSound	40	2	329340387
329340590	Triggered	8,52,53,54,55,56,	 File_beep3	40	2	329340590
329355954	Triggered	5,23,24,25,26,27,28,29,30,31,	 NoSound	40	2	329355954
329356156	Triggered	5,23,24,25,26,27,28,29,30,31,	 PureTone-7kHz	40	2	329356156
329360300	Triggered	8,52,53,54,55,56,	 NoSound	40	2	329360300
329360502	Triggered	8,52,53,54,55,56,	 File_beep3	40	2	329360502
329374336	Triggered	5,23,24,25,26,27,28,29,30,31,	 NoSound	40	2	329374336
329374540	Triggered	5,23,24,25,26,27,28,29,30,31,	 PureTone-5kHz	40	2	329374540
329378546	Triggered	8,52,53,54,55,56,	 NoSound	40	2	329378546
329378748	Triggered	8,52,53,54,55,56,	 File_beep3	40	2	329378748
329393855	Triggered	5,23,24,25,26,27,28,29,30,31,	 NoSound	40	2	329393855
329394056	Triggered	5,23,24,25,26,27,28,29,30,31,	 PureTone-3kHz	40	2	329394056
329397930	Triggered	8,52,53,54,55,56,	 NoSound	40	2	329397930
329398132	Triggered	8,52,53,54,55,56,	 File_beep3	40	2	329398132
329411834	Triggered	5,23,24,25,26,27,28,29,30,31,	 NoSound	40	2	329411834
329412035	Triggered	5,23,24,25,26,27,28,29,30,31,	 PureTone-2kHz	40	2	329412035
329415910	Triggered	8,52,53,54,55,56,	 NoSound	40	2	329415910
329416111	Triggered	8,52,53,54,55,56,	 File_beep3	40	2	329416111
329431217	Triggered	5,23,24,25,26,27,28,29,30,31,	 NoSound	40	2	329431217
329431432	Triggered	5,23,24,25,26,27,28,29,30,31,	 PureTone-1kHz	40	2	329431432
329435763	Triggered	8,52,53,54,55,56,	 NoSound	40	2	329435763
329435965	Triggered	8,52,53,54,55,56,	 File_beep3	40	2	329435965
329452807	Triggered	5,23,24,25,26,27,28,29,30,31,	 NoSound	40	2	329452807
329453008	Triggered	5,23,24,25,26,27,28,29,30,31,	 StopSoundShort	40	2	329453008
329479143	Triggered	1,14,15,16,17,18,19,20,21,22,	 NoSound	40	2	329479143
329483153	Triggered	4,42,43,44,45,46,	 NoSound	40	2	329483153
329483355	Triggered	4,42,43,44,45,46,	 File_beep4	40	2	329483355
329516507	Triggered	1,14,15,16,17,18,19,20,21,22,	 NoSound	40	2	329516507
329521453	Triggered	4,42,43,44,45,46,	 NoSound	40	2	329521453
329521655	Triggered	4,42,43,44,45,46,	 File_beep4	40	2	329521655
329537695	Triggered	1,14,15,16,17,18,19,20,21,22,	 NoSound	40	2	329537695
329542173	Triggered	4,42,43,44,45,46,	 NoSound	40	2	329542173
329542377	Triggered	4,42,43,44,45,46,	 File_beep4	40	2	329542377
329557947	Triggered	1,14,15,16,17,18,19,20,21,22,	 NoSound	40	2	329557947
329558149	Triggered	1,14,15,16,17,18,19,20,21,22,	 PureTone-1kHz	40	2	329558149
329561631	Triggered	6,47,48,49,50,51,	 NoSound	40	2	329561631
329573121	Triggered	1,14,15,16,17,18,19,20,21,22,	 NoSound	40	2	329573121
329573321	Triggered	1,14,15,16,17,18,19,20,21,22,	 StopSoundLong	40	2	329573321
329624321	Triggered	5,23,24,25,26,27,28,29,30,31,	 NoSound	40	2	329624321
329628398	Triggered	2,37,38,39,40,41,	 NoSound	40	2	329628398
329628600	Triggered	2,37,38,39,40,41,	 File_beep3	40	2	329628600
329646244	Triggered	5,23,24,25,26,27,28,29,30,31,	 NoSound	40	2	329646244
329650388	Triggered	2,37,38,39,40,41,	 NoSound	40	2	329650388
329650590	Triggered	2,37,38,39,40,41,	 File_beep3	40	2	329650590
329664224	Triggered	5,23,24,25,26,27,28,29,30,31,	 NoSound	40	2	329664224
329668034	Triggered	2,37,38,39,40,41,	 NoSound	40	2	329668034
329668236	Triggered	2,37,38,39,40,41,	 File_beep3	40	2	329668236
329681603	Triggered	5,23,24,25,26,27,28,29,30,31,	 NoSound	40	2	329681603
329681806	Triggered	5,23,24,25,26,27,28,29,30,31,	 PureTone-9kHz	40	2	329681806
329685423	Triggered	8,52,53,54,55,56,	 NoSound	40	2	329685423
329685624	Triggered	8,52,53,54,55,56,	 File_beep2	40	2	329685624
329702927	Triggered	5,23,24,25,26,27,28,29,30,31,	 NoSound	40	2	329702927
329703130	Triggered	5,23,24,25,26,27,28,29,30,31,	 PureTone-7kHz	40	2	329703130
329707939	Triggered	8,52,53,54,55,56,	 NoSound	40	2	329707939
329708140	Triggered	8,52,53,54,55,56,	 File_beep2	40	2	329708140
329721707	Triggered	5,23,24,25,26,27,28,29,30,31,	 NoSound	40	2	329721707
329721908	Triggered	5,23,24,25,26,27,28,29,30,31,	 PureTone-5kHz	40	2	329721908
329727255	Triggered	2,37,38,39,40,41,	 NoSound	40	2	329727255
329727457	Triggered	2,37,38,39,40,41,	 File_beep3	40	2	329727457
329745704	Triggered	5,23,24,25,26,27,28,29,30,31,	 NoSound	40	2	329745704
329745906	Triggered	5,23,24,25,26,27,28,29,30,31,	 PureTone-3kHz	40	2	329745906
329750381	Triggered	8,52,53,54,55,56,	 NoSound	40	2	329750381
329750583	Triggered	8,52,53,54,55,56,	 File_beep2	40	2	329750583
329782197	Triggered	5,23,24,25,26,27,28,29,30,31,	 NoSound	40	2	329782197
329782400	Triggered	5,23,24,25,26,27,28,29,30,31,	 PureTone-2kHz	40	2	329782400
329787020	Triggered	2,37,38,39,40,41,	 NoSound	40	2	329787020
329787222	Triggered	2,37,38,39,40,41,	 File_beep3	40	2	329787222
329802518	Triggered	5,23,24,25,26,27,28,29,30,31,	 NoSound	40	2	329802518
329802720	Triggered	5,23,24,25,26,27,28,29,30,31,	 PureTone-1kHz	40	2	329802720
329807463	Triggered	8,52,53,54,55,56,	 NoSound	40	2	329807463
329807665	Triggered	8,52,53,54,55,56,	 File_beep2	40	2	329807665
329819096	Triggered	5,23,24,25,26,27,28,29,30,31,	 NoSound	40	2	329819096
329819307	Triggered	5,23,24,25,26,27,28,29,30,31,	 StopSoundShort	40	2	329819307
329835670	Triggered	1,14,15,16,17,18,19,20,21,22,	 NoSound	40	2	329835670
329839348	Triggered	6,47,48,49,50,51,	 NoSound	40	2	329839348
329839549	Triggered	6,47,48,49,50,51,	 File_beep4	40	2	329839549
329858665	Triggered	1,14,15,16,17,18,19,20,21,22,	 NoSound	40	2	329858665
329861940	Triggered	6,47,48,49,50,51,	 NoSound	40	2	329861940
329862143	Triggered	6,47,48,49,50,51,	 File_beep4	40	2	329862143
329881661	Triggered	1,14,15,16,17,18,19,20,21,22,	 NoSound	40	2	329881661
329885134	Triggered	6,47,48,49,50,51,	 NoSound	40	2	329885134
329885336	Triggered	6,47,48,49,50,51,	 File_beep4	40	2	329885336
329995287	Triggered	1,14,15,16,17,18,19,20,21,22,	 NoSound	40	2	329995287
329995489	Triggered	1,14,15,16,17,18,19,20,21,22,	 PureTone-1kHz	40	2	329995489
330000835	Triggered	6,47,48,49,50,51,	 NoSound	40	2	330000835
330001036	Triggered	6,47,48,49,50,51,	 File_beep4	40	2	330001036
330020287	Triggered	1,14,15,16,17,18,19,20,21,22,	 NoSound	40	2	330020287
330020487	Triggered	1,14,15,16,17,18,19,20,21,22,	 StopSoundLong	40	2	330020487
330035191	Triggered	8,52,53,54,55,56,	 NoSound	40	2	330035191
330035395	Triggered	8,52,53,54,55,56,	 File_beep3	40	2	330035395
330050831	Triggered	5,23,24,25,26,27,28,29,30,31,	 NoSound	40	2	330050831
330055177	Triggered	8,52,53,54,55,56,	 NoSound	40	2	330055177
330055379	Triggered	8,52,53,54,55,56,	 File_beep3	40	2	330055379
330077836	Triggered	5,23,24,25,26,27,28,29,30,31,	 NoSound	40	2	330077836
330081913	Triggered	8,52,53,54,55,56,	 NoSound	40	2	330081913
330082114	Triggered	8,52,53,54,55,56,	 File_beep3	40	2	330082114
330889351	Triggered	5,23,24,25,26,27,28,29,30,31,	 NoSound	40	2	330889351
330889554	Triggered	5,23,24,25,26,27,28,29,30,31,	 PureTone-9kHz	40	2	330889554
330894633	Triggered	8,52,53,54,55,56,	 NoSound	40	2	330894633
330894835	Triggered	8,52,53,54,55,56,	 File_beep3	40	2	330894835
330913814	Triggered	5,23,24,25,26,27,28,29,30,31,	 NoSound	40	2	330913814
330914017	Triggered	5,23,24,25,26,27,28,29,30,31,	 PureTone-7kHz	40	2	330914017
330918895	Triggered	8,52,53,54,55,56,	 NoSound	40	2	330918895
330919097	Triggered	8,52,53,54,55,56,	 File_beep3	40	2	330919097
330938278	Triggered	5,23,24,25,26,27,28,29,30,31,	 NoSound	40	2	330938278
330938482	Triggered	5,23,24,25,26,27,28,29,30,31,	 PureTone-5kHz	40	2	330938482
330942823	Triggered	2,37,38,39,40,41,	 NoSound	40	2	330942823
330969827	Triggered	5,23,24,25,26,27,28,29,30,31,	 NoSound	40	2	330969827
330970028	Triggered	5,23,24,25,26,27,28,29,30,31,	 PureTone-3kHz	40	2	330970028
330975241	Triggered	8,52,53,54,55,56,	 NoSound	40	2	330975241
330975442	Triggered	8,52,53,54,55,56,	 File_beep3	40	2	330975442
330993287	Triggered	5,23,24,25,26,27,28,29,30,31,	 NoSound	40	2	330993287
330993490	Triggered	5,23,24,25,26,27,28,29,30,31,	 PureTone-2kHz	40	2	330993490
330997570	Triggered	8,52,53,54,55,56,	 NoSound	40	2	330997570
330997773	Triggered	8,52,53,54,55,56,	 File_beep3	40	2	330997773
331020831	Triggered	5,23,24,25,26,27,28,29,30,31,	 NoSound	40	2	331020831
331021032	Triggered	5,23,24,25,26,27,28,29,30,31,	 PureTone-1kHz	40	2	331021032
331026107	Triggered	8,52,53,54,55,56,	 NoSound	40	2	331026107
331026308	Triggered	8,52,53,54,55,56,	 File_beep3	40	2	331026308
331040878	Triggered	5,23,24,25,26,27,28,29,30,31,	 NoSound	40	2	331040878
331041079	Triggered	5,23,24,25,26,27,28,29,30,31,	 StopSoundShort	40	2	331041079
