Ver1.3	1700437251	StartFile	11/30/2020	10:51:14 AM	E:\BehavioralExperiments\Bobo\RawData\113020\SoundData.txt	1700437251
1700742785	Triggered	5,23,24,25,26,27,28,29,30,31,	 NoSound	40	2	1700742785
1700742988	Triggered	5,23,24,25,26,27,28,29,30,31,	 StopSoundShort	40	2	1700742988
1701029054	Triggered	1,14,15,16,17,18,19,20,21,22,	 NoSound	40	2	1701029054
1701040550	Triggered	4,42,43,44,45,46,	 NoSound	40	2	1701040550
1701040752	Triggered	4,42,43,44,45,46,	 File_beep3	40	2	1701040752
1701054721	Triggered	1,14,15,16,17,18,19,20,21,22,	 NoSound	40	2	1701054721
1701058599	Triggered	4,42,43,44,45,46,	 NoSound	40	2	1701058599
1701058801	Triggered	4,42,43,44,45,46,	 File_beep3	40	2	1701058801
1701073905	Triggered	1,14,15,16,17,18,19,20,21,22,	 NoSound	40	2	1701073905
1701078852	Triggered	6,47,48,49,50,51,	 NoSound	40	2	1701078852
1701079054	Triggered	6,47,48,49,50,51,	 File_beep1	40	2	1701079054
1701088276	Triggered	1,14,15,16,17,18,19,20,21,22,	 NoSound	40	2	1701088276
1701094893	Triggered	6,47,48,49,50,51,	 NoSound	40	2	1701094893
1701095094	Triggered	6,47,48,49,50,51,	 File_beep1	40	2	1701095094
1701114143	Triggered	1,14,15,16,17,18,19,20,21,22,	 NoSound	40	2	1701114143
1701114346	Triggered	1,14,15,16,17,18,19,20,21,22,	 PureTone-9kHz	40	2	1701114346
1701120828	Triggered	4,42,43,44,45,46,	 NoSound	40	2	1701120828
1701121042	Triggered	4,42,43,44,45,46,	 File_beep3	40	2	1701121042
1701136267	Triggered	1,14,15,16,17,18,19,20,21,22,	 NoSound	40	2	1701136267
1701136469	Triggered	1,14,15,16,17,18,19,20,21,22,	 PureTone-7kHz	40	2	1701136469
1701141147	Triggered	4,42,43,44,45,46,	 NoSound	40	2	1701141147
1701141349	Triggered	4,42,43,44,45,46,	 File_beep3	40	2	1701141349
1701155049	Triggered	1,14,15,16,17,18,19,20,21,22,	 NoSound	40	2	1701155049
1701155253	Triggered	1,14,15,16,17,18,19,20,21,22,	 PureTone-5kHz	40	2	1701155253
1701159996	Triggered	6,47,48,49,50,51,	 NoSound	40	2	1701159996
1701160197	Triggered	6,47,48,49,50,51,	 File_beep1	40	2	1701160197
1701167415	Triggered	1,14,15,16,17,18,19,20,21,22,	 NoSound	40	2	1701167415
1701167618	Triggered	1,14,15,16,17,18,19,20,21,22,	 PureTone-3kHz	40	2	1701167618
1701172896	Triggered	6,47,48,49,50,51,	 NoSound	40	2	1701172896
1701173097	Triggered	6,47,48,49,50,51,	 File_beep1	40	2	1701173097
1701182056	Triggered	1,14,15,16,17,18,19,20,21,22,	 NoSound	40	2	1701182056
1701182259	Triggered	1,14,15,16,17,18,19,20,21,22,	 PureTone-2kHz	40	2	1701182259
1701187408	Triggered	6,47,48,49,50,51,	 NoSound	40	2	1701187408
1701187610	Triggered	6,47,48,49,50,51,	 File_beep1	40	2	1701187610
1701196159	Triggered	1,14,15,16,17,18,19,20,21,22,	 NoSound	40	2	1701196159
1701196361	Triggered	1,14,15,16,17,18,19,20,21,22,	 PureTone-1kHz	40	2	1701196361
1701202974	Triggered	6,47,48,49,50,51,	 NoSound	40	2	1701202974
1701203174	Triggered	6,47,48,49,50,51,	 File_beep1	40	2	1701203174
1701211798	Triggered	1,14,15,16,17,18,19,20,21,22,	 NoSound	40	2	1701211798
1701211999	Triggered	1,14,15,16,17,18,19,20,21,22,	 StopSoundShort	40	2	1701211999
1701225439	Triggered	5,23,24,25,26,27,28,29,30,31,	 NoSound	40	2	1701225439
1701230854	Triggered	2,37,38,39,40,41,	 NoSound	40	2	1701230854
1701231056	Triggered	2,37,38,39,40,41,	 File_beep3	40	2	1701231056
1701254308	Triggered	5,23,24,25,26,27,28,29,30,31,	 NoSound	40	2	1701254308
1701259455	Triggered	2,37,38,39,40,41,	 NoSound	40	2	1701259455
1701259658	Triggered	2,37,38,39,40,41,	 File_beep3	40	2	1701259658
1701279113	Triggered	5,23,24,25,26,27,28,29,30,31,	 NoSound	40	2	1701279113
1701284455	Triggered	2,37,38,39,40,41,	 NoSound	40	2	1701284455
1701284656	Triggered	2,37,38,39,40,41,	 File_beep3	40	2	1701284656
1701298423	Triggered	5,23,24,25,26,27,28,29,30,31,	 NoSound	40	2	1701298423
1701303972	Triggered	2,37,38,39,40,41,	 NoSound	40	2	1701303972
1701304173	Triggered	2,37,38,39,40,41,	 File_beep3	40	2	1701304173
1701317273	Triggered	5,23,24,25,26,27,28,29,30,31,	 NoSound	40	2	1701317273
1701317476	Triggered	5,23,24,25,26,27,28,29,30,31,	 PureTone-9kHz	40	2	1701317476
1701322626	Triggered	8,52,53,54,55,56,	 NoSound	40	2	1701322626
1701322828	Triggered	8,52,53,54,55,56,	 File_beep1	40	2	1701322828
1701330508	Triggered	5,23,24,25,26,27,28,29,30,31,	 NoSound	40	2	1701330508
1701330712	Triggered	5,23,24,25,26,27,28,29,30,31,	 PureTone-7kHz	40	2	1701330712
1701336055	Triggered	8,52,53,54,55,56,	 NoSound	40	2	1701336055
1701336255	Triggered	8,52,53,54,55,56,	 File_beep1	40	2	1701336255
1701344077	Triggered	5,23,24,25,26,27,28,29,30,31,	 NoSound	40	2	1701344077
1701344281	Triggered	5,23,24,25,26,27,28,29,30,31,	 PureTone-5kHz	40	2	1701344281
1701351696	Triggered	2,37,38,39,40,41,	 NoSound	40	2	1701351696
1701351897	Triggered	2,37,38,39,40,41,	 File_beep3	40	2	1701351897
1701365464	Triggered	5,23,24,25,26,27,28,29,30,31,	 NoSound	40	2	1701365464
1701365667	Triggered	5,23,24,25,26,27,28,29,30,31,	 PureTone-3kHz	40	2	1701365667
1701371614	Triggered	8,52,53,54,55,56,	 NoSound	40	2	1701371614
1701371816	Triggered	8,52,53,54,55,56,	 File_beep1	40	2	1701371816
1701379033	Triggered	5,23,24,25,26,27,28,29,30,31,	 NoSound	40	2	1701379033
1701379234	Triggered	5,23,24,25,26,27,28,29,30,31,	 PureTone-2kHz	40	2	1701379234
1701385987	Triggered	2,37,38,39,40,41,	 NoSound	40	2	1701385987
1701386189	Triggered	2,37,38,39,40,41,	 File_beep3	40	2	1701386189
1701400155	Triggered	5,23,24,25,26,27,28,29,30,31,	 NoSound	40	2	1701400155
1701400357	Triggered	5,23,24,25,26,27,28,29,30,31,	 PureTone-1kHz	40	2	1701400357
1701409657	Triggered	2,37,38,39,40,41,	 NoSound	40	2	1701409657
1701409865	Triggered	2,37,38,39,40,41,	 File_beep3	40	2	1701409865
1701421946	Triggered	5,23,24,25,26,27,28,29,30,31,	 NoSound	40	2	1701421946
1701422147	Triggered	5,23,24,25,26,27,28,29,30,31,	 StopSoundShort	40	2	1701422147
1701454698	Triggered	1,14,15,16,17,18,19,20,21,22,	 NoSound	40	2	1701454698
1701459043	Triggered	6,47,48,49,50,51,	 NoSound	40	2	1701459043
1701459244	Triggered	6,47,48,49,50,51,	 File_beep1	40	2	1701459244
1701467397	Triggered	1,14,15,16,17,18,19,20,21,22,	 NoSound	40	2	1701467397
1701471943	Triggered	6,47,48,49,50,51,	 NoSound	40	2	1701471943
1701472144	Triggered	6,47,48,49,50,51,	 File_beep1	40	2	1701472144
1701479764	Triggered	1,14,15,16,17,18,19,20,21,22,	 NoSound	40	2	1701479764
1701484241	Triggered	6,47,48,49,50,51,	 NoSound	40	2	1701484241
1701484442	Triggered	6,47,48,49,50,51,	 File_beep1	40	2	1701484442
1701493199	Triggered	1,14,15,16,17,18,19,20,21,22,	 NoSound	40	2	1701493199
1701497082	Triggered	4,42,43,44,45,46,	 NoSound	40	2	1701497082
1701497284	Triggered	4,42,43,44,45,46,	 File_beep3	40	2	1701497284
1701509107	Triggered	1,14,15,16,17,18,19,20,21,22,	 NoSound	40	2	1701509107
1701509312	Triggered	1,14,15,16,17,18,19,20,21,22,	 PureTone-9kHz	40	2	1701509312
1701513454	Triggered	6,47,48,49,50,51,	 NoSound	40	2	1701513454
1701513656	Triggered	6,47,48,49,50,51,	 File_beep1	40	2	1701513656
1701521472	Triggered	1,14,15,16,17,18,19,20,21,22,	 NoSound	40	2	1701521472
1701521674	Triggered	1,14,15,16,17,18,19,20,21,22,	 PureTone-7kHz	40	2	1701521674
1701527086	Triggered	6,47,48,49,50,51,	 NoSound	40	2	1701527086
1701527287	Triggered	6,47,48,49,50,51,	 File_beep1	40	2	1701527287
1701534572	Triggered	1,14,15,16,17,18,19,20,21,22,	 NoSound	40	2	1701534572
1701534774	Triggered	1,14,15,16,17,18,19,20,21,22,	 PureTone-5kHz	40	2	1701534774
1701538783	Triggered	6,47,48,49,50,51,	 NoSound	40	2	1701538783
1701538996	Triggered	6,47,48,49,50,51,	 File_beep1	40	2	1701538996
1701547272	Triggered	1,14,15,16,17,18,19,20,21,22,	 NoSound	40	2	1701547272
1701547474	Triggered	1,14,15,16,17,18,19,20,21,22,	 PureTone-3kHz	40	2	1701547474
1701551283	Triggered	6,47,48,49,50,51,	 NoSound	40	2	1701551283
1701551485	Triggered	6,47,48,49,50,51,	 File_beep1	40	2	1701551485
1701559905	Triggered	1,14,15,16,17,18,19,20,21,22,	 NoSound	40	2	1701559905
1701560107	Triggered	1,14,15,16,17,18,19,20,21,22,	 PureTone-2kHz	40	2	1701560107
1701564786	Triggered	6,47,48,49,50,51,	 NoSound	40	2	1701564786
1701564988	Triggered	6,47,48,49,50,51,	 File_beep1	40	2	1701564988
1701572805	Triggered	1,14,15,16,17,18,19,20,21,22,	 NoSound	40	2	1701572805
1701573006	Triggered	1,14,15,16,17,18,19,20,21,22,	 PureTone-1kHz	40	2	1701573006
1701577552	Triggered	6,47,48,49,50,51,	 NoSound	40	2	1701577552
1701577752	Triggered	6,47,48,49,50,51,	 File_beep1	40	2	1701577752
1701585906	Triggered	1,14,15,16,17,18,19,20,21,22,	 NoSound	40	2	1701585906
1701586106	Triggered	1,14,15,16,17,18,19,20,21,22,	 StopSoundShort	40	2	1701586106
1701599809	Triggered	5,23,24,25,26,27,28,29,30,31,	 NoSound	40	2	1701599809
1701604222	Triggered	8,52,53,54,55,56,	 NoSound	40	2	1701604222
1701604424	Triggered	8,52,53,54,55,56,	 File_beep1	40	2	1701604424
1701619995	Triggered	5,23,24,25,26,27,28,29,30,31,	 NoSound	40	2	1701619995
1701624474	Triggered	2,37,38,39,40,41,	 NoSound	40	2	1701624474
1701624677	Triggered	2,37,38,39,40,41,	 File_beep3	40	2	1701624677
1701637842	Triggered	5,23,24,25,26,27,28,29,30,31,	 NoSound	40	2	1701637842
1701677212	Triggered	8,52,53,54,55,56,	 NoSound	40	2	1701677212
1701677413	Triggered	8,52,53,54,55,56,	 File_beep1	40	2	1701677413
1701695593	Triggered	5,23,24,25,26,27,28,29,30,31,	 NoSound	40	2	1701695593
1701701743	Triggered	2,37,38,39,40,41,	 NoSound	40	2	1701701743
1701701945	Triggered	2,37,38,39,40,41,	 File_beep3	40	2	1701701945
1701717050	Triggered	5,23,24,25,26,27,28,29,30,31,	 NoSound	40	2	1701717050
1701717253	Triggered	5,23,24,25,26,27,28,29,30,31,	 PureTone-9kHz	40	2	1701717253
1701721927	Triggered	8,52,53,54,55,56,	 NoSound	40	2	1701721927
1701722128	Triggered	8,52,53,54,55,56,	 File_beep1	40	2	1701722128
1701729681	Triggered	5,23,24,25,26,27,28,29,30,31,	 NoSound	40	2	1701729681
1701729885	Triggered	5,23,24,25,26,27,28,29,30,31,	 PureTone-7kHz	40	2	1701729885
1701736031	Triggered	2,37,38,39,40,41,	 NoSound	40	2	1701736031
1701736232	Triggered	2,37,38,39,40,41,	 File_beep3	40	2	1701736232
1701749400	Triggered	5,23,24,25,26,27,28,29,30,31,	 NoSound	40	2	1701749400
1701749604	Triggered	5,23,24,25,26,27,28,29,30,31,	 PureTone-5kHz	40	2	1701749604
1701753820	Triggered	2,37,38,39,40,41,	 NoSound	40	2	1701753820
1701754021	Triggered	2,37,38,39,40,41,	 File_beep3	40	2	1701754021
1701766645	Triggered	5,23,24,25,26,27,28,29,30,31,	 NoSound	40	2	1701766645
1701766847	Triggered	5,23,24,25,26,27,28,29,30,31,	 PureTone-3kHz	40	2	1701766847
1701771331	Triggered	2,37,38,39,40,41,	 NoSound	40	2	1701771331
1701771532	Triggered	2,37,38,39,40,41,	 File_beep3	40	2	1701771532
1701783823	Triggered	5,23,24,25,26,27,28,29,30,31,	 NoSound	40	2	1701783823
1701784027	Triggered	5,23,24,25,26,27,28,29,30,31,	 PureTone-2kHz	40	2	1701784027
1701788166	Triggered	2,37,38,39,40,41,	 NoSound	40	2	1701788166
1701788368	Triggered	2,37,38,39,40,41,	 File_beep3	40	2	1701788368
1701803208	Triggered	5,23,24,25,26,27,28,29,30,31,	 NoSound	40	2	1701803208
1701803409	Triggered	5,23,24,25,26,27,28,29,30,31,	 PureTone-1kHz	40	2	1701803409
1701807885	Triggered	2,37,38,39,40,41,	 NoSound	40	2	1701807885
1701808087	Triggered	2,37,38,39,40,41,	 File_beep3	40	2	1701808087
1701820518	Triggered	5,23,24,25,26,27,28,29,30,31,	 NoSound	40	2	1701820518
1701820719	Triggered	5,23,24,25,26,27,28,29,30,31,	 StopSoundShort	40	2	1701820719
1701841907	Triggered	1,14,15,16,17,18,19,20,21,22,	 NoSound	40	2	1701841907
1701845783	Triggered	6,47,48,49,50,51,	 NoSound	40	2	1701845783
1701845984	Triggered	6,47,48,49,50,51,	 File_beep1	40	2	1701845984
1701853076	Triggered	1,14,15,16,17,18,19,20,21,22,	 NoSound	40	2	1701853076
1701857548	Triggered	6,47,48,49,50,51,	 NoSound	40	2	1701857548
1701857748	Triggered	6,47,48,49,50,51,	 File_beep1	40	2	1701857748
1701865703	Triggered	1,14,15,16,17,18,19,20,21,22,	 NoSound	40	2	1701865703
1701870247	Triggered	6,47,48,49,50,51,	 NoSound	40	2	1701870247
1701870447	Triggered	6,47,48,49,50,51,	 File_beep1	40	2	1701870447
1701878603	Triggered	1,14,15,16,17,18,19,20,21,22,	 NoSound	40	2	1701878603
1701885421	Triggered	4,42,43,44,45,46,	 NoSound	40	2	1701885421
1701885624	Triggered	4,42,43,44,45,46,	 File_beep3	40	2	1701885624
1701897052	Triggered	1,14,15,16,17,18,19,20,21,22,	 NoSound	40	2	1701897052
1701897255	Triggered	1,14,15,16,17,18,19,20,21,22,	 PureTone-9kHz	40	2	1701897255
1701901195	Triggered	6,47,48,49,50,51,	 NoSound	40	2	1701901195
1701901396	Triggered	6,47,48,49,50,51,	 File_beep1	40	2	1701901396
1701908948	Triggered	1,14,15,16,17,18,19,20,21,22,	 NoSound	40	2	1701908948
1701909152	Triggered	1,14,15,16,17,18,19,20,21,22,	 PureTone-7kHz	40	2	1701909152
1701913762	Triggered	6,47,48,49,50,51,	 NoSound	40	2	1701913762
1701913963	Triggered	6,47,48,49,50,51,	 File_beep1	40	2	1701913963
1701926460	Triggered	1,14,15,16,17,18,19,20,21,22,	 NoSound	40	2	1701926460
1701926664	Triggered	1,14,15,16,17,18,19,20,21,22,	 PureTone-5kHz	40	2	1701926664
1701931875	Triggered	6,47,48,49,50,51,	 NoSound	40	2	1701931875
1701932076	Triggered	6,47,48,49,50,51,	 File_beep1	40	2	1701932076
1701940097	Triggered	1,14,15,16,17,18,19,20,21,22,	 NoSound	40	2	1701940097
1701940299	Triggered	1,14,15,16,17,18,19,20,21,22,	 PureTone-3kHz	40	2	1701940299
1701981671	Triggered	4,42,43,44,45,46,	 NoSound	40	2	1701981671
1701981885	Triggered	4,42,43,44,45,46,	 File_beep3	40	2	1701981885
1701996710	Triggered	1,14,15,16,17,18,19,20,21,22,	 NoSound	40	2	1701996710
1701996913	Triggered	1,14,15,16,17,18,19,20,21,22,	 PureTone-2kHz	40	2	1701996913
1702001523	Triggered	6,47,48,49,50,51,	 NoSound	40	2	1702001523
1702001724	Triggered	6,47,48,49,50,51,	 File_beep1	40	2	1702001724
1702010748	Triggered	1,14,15,16,17,18,19,20,21,22,	 NoSound	40	2	1702010748
1702010949	Triggered	1,14,15,16,17,18,19,20,21,22,	 PureTone-1kHz	40	2	1702010949
1702015760	Triggered	4,42,43,44,45,46,	 NoSound	40	2	1702015760
1702015962	Triggered	4,42,43,44,45,46,	 File_beep3	40	2	1702015962
1702030198	Triggered	1,14,15,16,17,18,19,20,21,22,	 NoSound	40	2	1702030198
1702030399	Triggered	1,14,15,16,17,18,19,20,21,22,	 StopSoundShort	40	2	1702030399
1702048378	Triggered	5,23,24,25,26,27,28,29,30,31,	 NoSound	40	2	1702048378
1702059143	Triggered	8,52,53,54,55,56,	 NoSound	40	2	1702059143
1702059345	Triggered	8,52,53,54,55,56,	 File_beep1	40	2	1702059345
1702081131	Triggered	5,23,24,25,26,27,28,29,30,31,	 NoSound	40	2	1702081131
1702085208	Triggered	2,37,38,39,40,41,	 NoSound	40	2	1702085208
1702085409	Triggered	2,37,38,39,40,41,	 File_beep3	40	2	1702085409
1702102252	Triggered	5,23,24,25,26,27,28,29,30,31,	 NoSound	40	2	1702102252
1702110614	Triggered	2,37,38,39,40,41,	 NoSound	40	2	1702110614
1702110815	Triggered	2,37,38,39,40,41,	 File_beep3	40	2	1702110815
1702124109	Triggered	5,23,24,25,26,27,28,29,30,31,	 NoSound	40	2	1702124109
1702131864	Triggered	2,37,38,39,40,41,	 NoSound	40	2	1702131864
1702132077	Triggered	2,37,38,39,40,41,	 File_beep3	40	2	1702132077
1702146168	Triggered	5,23,24,25,26,27,28,29,30,31,	 NoSound	40	2	1702146168
1702146371	Triggered	5,23,24,25,26,27,28,29,30,31,	 PureTone-9kHz	40	2	1702146371
1702154459	Triggered	2,37,38,39,40,41,	 NoSound	40	2	1702154459
1702154660	Triggered	2,37,38,39,40,41,	 File_beep3	40	2	1702154660
1702167623	Triggered	5,23,24,25,26,27,28,29,30,31,	 NoSound	40	2	1702167623
1702167827	Triggered	5,23,24,25,26,27,28,29,30,31,	 PureTone-7kHz	40	2	1702167827
1702174106	Triggered	2,37,38,39,40,41,	 NoSound	40	2	1702174106
1702174309	Triggered	2,37,38,39,40,41,	 File_beep3	40	2	1702174309
1702188343	Triggered	5,23,24,25,26,27,28,29,30,31,	 NoSound	40	2	1702188343
1702188547	Triggered	5,23,24,25,26,27,28,29,30,31,	 PureTone-5kHz	40	2	1702188547
1702196164	Triggered	2,37,38,39,40,41,	 NoSound	40	2	1702196164
1702196367	Triggered	2,37,38,39,40,41,	 File_beep3	40	2	1702196367
1702215147	Triggered	5,23,24,25,26,27,28,29,30,31,	 NoSound	40	2	1702215147
1702215348	Triggered	5,23,24,25,26,27,28,29,30,31,	 PureTone-3kHz	40	2	1702215348
1702224972	Triggered	2,37,38,39,40,41,	 NoSound	40	2	1702224972
1702225185	Triggered	2,37,38,39,40,41,	 File_beep3	40	2	1702225185
1702238006	Triggered	5,23,24,25,26,27,28,29,30,31,	 NoSound	40	2	1702238006
1702238208	Triggered	5,23,24,25,26,27,28,29,30,31,	 PureTone-2kHz	40	2	1702238208
1702246361	Triggered	2,37,38,39,40,41,	 NoSound	40	2	1702246361
1702246563	Triggered	2,37,38,39,40,41,	 File_beep3	40	2	1702246563
1702258327	Triggered	5,23,24,25,26,27,28,29,30,31,	 NoSound	40	2	1702258327
1702258529	Triggered	5,23,24,25,26,27,28,29,30,31,	 PureTone-1kHz	40	2	1702258529
1702280651	Triggered	2,37,38,39,40,41,	 NoSound	40	2	1702280651
1702280853	Triggered	2,37,38,39,40,41,	 File_beep3	40	2	1702280853
1702293351	Triggered	5,23,24,25,26,27,28,29,30,31,	 NoSound	40	2	1702293351
1702293552	Triggered	5,23,24,25,26,27,28,29,30,31,	 StopSoundShort	40	2	1702293552
1702344818	Triggered	1,14,15,16,17,18,19,20,21,22,	 NoSound	40	2	1702344818
1702350033	Triggered	4,42,43,44,45,46,	 NoSound	40	2	1702350033
1702350236	Triggered	4,42,43,44,45,46,	 File_beep3	40	2	1702350236
1702363400	Triggered	1,14,15,16,17,18,19,20,21,22,	 NoSound	40	2	1702363400
1702368212	Triggered	4,42,43,44,45,46,	 NoSound	40	2	1702368212
1702368414	Triggered	4,42,43,44,45,46,	 File_beep3	40	2	1702368414
1702381714	Triggered	1,14,15,16,17,18,19,20,21,22,	 NoSound	40	2	1702381714
1702387395	Triggered	4,42,43,44,45,46,	 NoSound	40	2	1702387395
1702387596	Triggered	4,42,43,44,45,46,	 File_beep3	40	2	1702387596
1702401500	Triggered	1,14,15,16,17,18,19,20,21,22,	 NoSound	40	2	1702401500
1702406980	Triggered	4,42,43,44,45,46,	 NoSound	40	2	1702406980
1702407182	Triggered	4,42,43,44,45,46,	 File_beep3	40	2	1702407182
1702421752	Triggered	1,14,15,16,17,18,19,20,21,22,	 NoSound	40	2	1702421752
1702421954	Triggered	1,14,15,16,17,18,19,20,21,22,	 PureTone-9kHz	40	2	1702421954
1702426832	Triggered	6,47,48,49,50,51,	 NoSound	40	2	1702426832
1702427032	Triggered	6,47,48,49,50,51,	 File_beep1	40	2	1702427032
1702435855	Triggered	1,14,15,16,17,18,19,20,21,22,	 NoSound	40	2	1702435855
1702436059	Triggered	1,14,15,16,17,18,19,20,21,22,	 PureTone-7kHz	40	2	1702436059
1702445012	Triggered	4,42,43,44,45,46,	 NoSound	40	2	1702445012
1702445214	Triggered	4,42,43,44,45,46,	 File_beep3	40	2	1702445214
1702459584	Triggered	1,14,15,16,17,18,19,20,21,22,	 NoSound	40	2	1702459584
1702459788	Triggered	1,14,15,16,17,18,19,20,21,22,	 PureTone-5kHz	40	2	1702459788
1702464597	Triggered	6,47,48,49,50,51,	 NoSound	40	2	1702464597
1702464797	Triggered	6,47,48,49,50,51,	 File_beep1	40	2	1702464797
1702472354	Triggered	1,14,15,16,17,18,19,20,21,22,	 NoSound	40	2	1702472354
1702472556	Triggered	1,14,15,16,17,18,19,20,21,22,	 PureTone-3kHz	40	2	1702472556
1702480773	Triggered	4,42,43,44,45,46,	 NoSound	40	2	1702480773
1702480987	Triggered	4,42,43,44,45,46,	 File_beep3	40	2	1702480987
1702494208	Triggered	1,14,15,16,17,18,19,20,21,22,	 NoSound	40	2	1702494208
1702494410	Triggered	1,14,15,16,17,18,19,20,21,22,	 PureTone-2kHz	40	2	1702494410
1702499889	Triggered	4,42,43,44,45,46,	 NoSound	40	2	1702499889
1702500092	Triggered	4,42,43,44,45,46,	 File_beep3	40	2	1702500092
1702513725	Triggered	1,14,15,16,17,18,19,20,21,22,	 NoSound	40	2	1702513725
1702513928	Triggered	1,14,15,16,17,18,19,20,21,22,	 PureTone-1kHz	40	2	1702513928
1702539861	Triggered	6,47,48,49,50,51,	 NoSound	40	2	1702539861
1702540062	Triggered	6,47,48,49,50,51,	 File_beep1	40	2	1702540062
1702548016	Triggered	1,14,15,16,17,18,19,20,21,22,	 NoSound	40	2	1702548016
1702548218	Triggered	1,14,15,16,17,18,19,20,21,22,	 StopSoundShort	40	2	1702548218
1702567999	Triggered	5,23,24,25,26,27,28,29,30,31,	 NoSound	40	2	1702567999
1702572478	Triggered	2,37,38,39,40,41,	 NoSound	40	2	1702572478
1702572680	Triggered	2,37,38,39,40,41,	 File_beep3	40	2	1702572680
1702594602	Triggered	5,23,24,25,26,27,28,29,30,31,	 NoSound	40	2	1702594602
1702603358	Triggered	8,52,53,54,55,56,	 NoSound	40	2	1702603358
1702603559	Triggered	8,52,53,54,55,56,	 File_beep1	40	2	1702603559
1702613050	Triggered	5,23,24,25,26,27,28,29,30,31,	 NoSound	40	2	1702613050
1702628491	Triggered	2,37,38,39,40,41,	 NoSound	40	2	1702628491
1702628693	Triggered	2,37,38,39,40,41,	 File_beep3	40	2	1702628693
1702643330	Triggered	5,23,24,25,26,27,28,29,30,31,	 NoSound	40	2	1702643330
1702655161	Triggered	8,52,53,54,55,56,	 NoSound	40	2	1702655161
1702655363	Triggered	8,52,53,54,55,56,	 File_beep1	40	2	1702655363
1702664317	Triggered	5,23,24,25,26,27,28,29,30,31,	 NoSound	40	2	1702664317
1702664522	Triggered	5,23,24,25,26,27,28,29,30,31,	 PureTone-9kHz	40	2	1702664522
1702672071	Triggered	2,37,38,39,40,41,	 NoSound	40	2	1702672071
1702672273	Triggered	2,37,38,39,40,41,	 File_beep3	40	2	1702672273
1702687244	Triggered	5,23,24,25,26,27,28,29,30,31,	 NoSound	40	2	1702687244
1702687449	Triggered	5,23,24,25,26,27,28,29,30,31,	 PureTone-7kHz	40	2	1702687449
1702710304	Triggered	2,37,38,39,40,41,	 NoSound	40	2	1702710304
1702710516	Triggered	2,37,38,39,40,41,	 File_beep3	40	2	1702710516
1702723205	Triggered	5,23,24,25,26,27,28,29,30,31,	 NoSound	40	2	1702723205
1702723409	Triggered	5,23,24,25,26,27,28,29,30,31,	 PureTone-5kHz	40	2	1702723409
1702730022	Triggered	2,37,38,39,40,41,	 NoSound	40	2	1702730022
1702730224	Triggered	2,37,38,39,40,41,	 File_beep3	40	2	1702730224
1702744794	Triggered	5,23,24,25,26,27,28,29,30,31,	 NoSound	40	2	1702744794
1702744997	Triggered	5,23,24,25,26,27,28,29,30,31,	 PureTone-3kHz	40	2	1702744997
1703238816	Triggered	2,37,38,39,40,41,	 NoSound	40	2	1703238816
1703239017	Triggered	2,37,38,39,40,41,	 File_beep3	40	2	1703239017
1703253257	Triggered	5,23,24,25,26,27,28,29,30,31,	 NoSound	40	2	1703253257
1703253461	Triggered	5,23,24,25,26,27,28,29,30,31,	 PureTone-2kHz	40	2	1703253461
1703262151	Triggered	2,37,38,39,40,41,	 NoSound	40	2	1703262151
1703262353	Triggered	2,37,38,39,40,41,	 File_beep3	40	2	1703262353
1703278920	Triggered	5,23,24,25,26,27,28,29,30,31,	 NoSound	40	2	1703278920
1703279122	Triggered	5,23,24,25,26,27,28,29,30,31,	 PureTone-1kHz	40	2	1703279122
1703287410	Triggered	2,37,38,39,40,41,	 NoSound	40	2	1703287410
1703287612	Triggered	2,37,38,39,40,41,	 File_beep3	40	2	1703287612
1703300843	Triggered	5,23,24,25,26,27,28,29,30,31,	 NoSound	40	2	1703300843
1703301044	Triggered	5,23,24,25,26,27,28,29,30,31,	 StopSoundShort	40	2	1703301044
