Wednesday, December 23, 2020	12:51:38 PM	Game1.txt	1189619517
Cued	Now	1189632039
9	BlinkStart	1189632057
9	BlinkEnd	1189911614
23,5	BlinkStart	1189911709
23,5	BlinkEnd	1189928117
5	0DropFeed	1189928197
23	NoFeedAbort	1189928277
1	BlinkStart	1189938297
1	BlinkEnd	1189942957
1	NoFeedLowProb	1189943037
6,49	BlinkStart	1189943068
6,49	BlinkEnd	1189946237
6	Feed	1189946318
49	Feed	1189946398
1	BlinkStart	1189946489
1	BlinkEnd	1189958261
1	NoFeedLowProb	1189958341
6,49	BlinkStart	1189958353
6,49	BlinkEnd	1189961203
6	Feed	1189961283
49	Feed	1189961363
1	BlinkStart	1189961452
1	BlinkEnd	1189972031
1	NoFeedLowProb	1189972112
6,49	BlinkStart	1189972124
6,49	BlinkEnd	1189975172
6	Feed	1189975252
49	Feed	1189975332
21,1	BlinkStart	1189975420
21,1	BlinkEnd	1189983862
1	0DropFeed	1189983942
21	Feed	1189984022
6,49,4,45	BlinkStart	1189984109
6,49,4,45	BlinkEnd	1189986802
6	Feed	1189986882
49	Feed	1189986962
20,1	BlinkStart	1189987070
20,1	BlinkEnd	1189997171
1	0DropFeed	1189997251
20	Feed	1189997331
6,49,4,45	BlinkStart	1189997433
6,49,4,45	BlinkEnd	1190001173
6	Feed	1190001253
49	Feed	1190001333
19,1	BlinkStart	1190001422
19,1	BlinkEnd	1190011267
1	0DropFeed	1190011347
19	Feed	1190011427
6,49,4,45	BlinkStart	1190011525
6,49,4,45	BlinkEnd	1190014273
6	Feed	1190014353
49	Feed	1190014433
18,1	BlinkStart	1190014523
18,1	BlinkEnd	1190022762
1	0DropFeed	1190022842
18	Feed	1190022922
6,49,4,45	BlinkStart	1190023030
6,49,4,45	BlinkEnd	1190025704
6	Feed	1190025784
49	Feed	1190025865
17,1	BlinkStart	1190025963
17,1	BlinkEnd	1190034796
1	0DropFeed	1190034876
17	Feed	1190034956
6,49,4,45	BlinkStart	1190035054
6,49,4,45	BlinkEnd	1190037801
6	Feed	1190037881
49	Feed	1190037961
16,1	BlinkStart	1190038053
16,1	BlinkEnd	1190047024
1	0DropFeed	1190047104
16	Feed	1190047185
6,49,4,45	BlinkStart	1190047284
6,49,4,45	BlinkEnd	1190050235
6	Feed	1190050315
49	Feed	1190050395
14,1	BlinkStart	1190050486
14,1	BlinkEnd	1190058857
1	0DropFeed	1190058937
14	NoFeedAbort	1190059017
5	BlinkStart	1190069032
5	BlinkEnd	1190076504
5	NoFeedLowProb	1190076584
2,37	BlinkStart	1190076603
2,37	BlinkEnd	1190079715
2	Feed	1190079795
37	Feed	1190079875
5	BlinkStart	1190079979
5	BlinkEnd	1190085995
5	NoFeedLowProb	1190086075
2,37	BlinkStart	1190086091
2,37	BlinkEnd	1190089470
2	Feed	1190089550
37	Feed	1190089631
5	BlinkStart	1190089723
5	BlinkEnd	1190094683
5	NoFeedLowProb	1190094763
2,37	BlinkStart	1190094787
2,37	BlinkEnd	1190098159
2	Feed	1190098239
37	Feed	1190098320
30,5	BlinkStart	1190098416
30,5	BlinkEnd	1190103640
5	0DropFeed	1190103720
30	Feed	1190103801
2,37,8,53	BlinkStart	1190103888
2,37,8,53	BlinkEnd	1190107115
8	Feed	1190107195
53	Feed	1190107276
29,5	BlinkStart	1190107415
29,5	BlinkEnd	1190114335
5	0DropFeed	1190114416
29	Feed	1190114497
2,37,8,53	BlinkStart	1190114645
2,37,8,53	BlinkEnd	1190117676
8	Feed	1190117756
53	Feed	1190117836
28,5	BlinkStart	1190117976
28,5	BlinkEnd	1190123425
5	0DropFeed	1190123505
28	Feed	1190123585
2,37,8,53	BlinkStart	1190123748
2,37,8,53	BlinkEnd	1190126566
8	Feed	1190126646
53	Feed	1190126727
27,5	BlinkStart	1190126868
27,5	BlinkEnd	1190133252
5	0DropFeed	1190133332
27	Feed	1190133412
2,37,8,53	BlinkStart	1190133582
2,37,8,53	BlinkEnd	1190136124
8	Feed	1190136205
53	Feed	1190136285
26,5	BlinkStart	1190136426
26,5	BlinkEnd	1190142542
5	0DropFeed	1190142622
26	Feed	1190142702
2,37,8,53	BlinkStart	1190142861
2,37,8,53	BlinkEnd	1190145618
8	Feed	1190145698
53	Feed	1190145778
25,5	BlinkStart	1190145930
25,5	BlinkEnd	1190153838
5	0DropFeed	1190153918
25	Feed	1190153998
2,37,8,53	BlinkStart	1190154161
2,37,8,53	BlinkEnd	1190157045
8	Feed	1190157125
53	Feed	1190157205
23,5	BlinkStart	1190157357
23,5	BlinkEnd	1190164332
5	0DropFeed	1190164412
23	NoFeedAbort	1190164492
1	BlinkStart	1190174571
1	BlinkEnd	1190178702
1	NoFeedLowProb	1190178782
4,46	BlinkStart	1190178863
4,46	BlinkEnd	1190181510
4	Feed	1190181590
46	Feed	1190181670
1	BlinkStart	1190181821
1	BlinkEnd	1190199021
1	NoFeedLowProb	1190199101
4,46	BlinkStart	1190199207
4,46	BlinkEnd	1190201695
4	Feed	1190201776
46	Feed	1190201856
1	BlinkStart	1190202011
1	BlinkEnd	1190212123
1	NoFeedLowProb	1190212203
4,46	BlinkStart	1190212287
4,46	BlinkEnd	1190214729
4	Feed	1190214809
46	Feed	1190214889
21,1	BlinkStart	1190215034
21,1	BlinkEnd	1190225156
1	0DropFeed	1190225236
21	Feed	1190225316
4,46,6	BlinkStart	1190225472
4,46,6	BlinkEnd	1190227563
4	Feed	1190227643
46	Feed	1190227723
20,1	BlinkStart	1190227879
20,1	BlinkEnd	1190238323
1	0DropFeed	1190238403
20	Feed	1190238483
4,46,6	BlinkStart	1190238624
4,46,6	BlinkEnd	1190241332
4	Feed	1190241412
46	Feed	1190241492
19,1	BlinkStart	1190241637
19,1	BlinkEnd	1190253096
1	0DropFeed	1190253176
19	Feed	1190253256
4,46,6	BlinkStart	1190253418
4,46,6	BlinkEnd	1190256171
6	0DropFeed	1190256251
18,1	BlinkStart	1190256393
18,1	BlinkEnd	1190262254
1	0DropFeed	1190262335
18	Feed	1190262415
4,46,6	BlinkStart	1190262565
4,46,6	BlinkEnd	1190275287
4	Feed	1190275367
46	Feed	1190275447
17,1	BlinkStart	1190275588
17,1	BlinkEnd	1190286383
1	0DropFeed	1190286463
17	Feed	1190286543
4,46,6	BlinkStart	1190286691
4,46,6	BlinkEnd	1190289258
6	0DropFeed	1190289338
16,1	BlinkStart	1190289498
16,1	BlinkEnd	1190292599
1	0DropFeed	1190292680
16	Feed	1190292760
4,46,6	BlinkStart	1190292919
4,46,6	BlinkEnd	1190296008
4	Feed	1190296088
46	Feed	1190296168
14,1	BlinkStart	1190296315
14,1	BlinkEnd	1190308307
1	0DropFeed	1190308387
14	NoFeedAbort	1190308467
5	BlinkStart	1190318538
5	BlinkEnd	1190322810
5	NoFeedLowProb	1190322890
8,52	BlinkStart	1190322965
8,52	BlinkEnd	1190325552
8	Feed	1190325632
52	Feed	1190325712
5	BlinkStart	1190325870
5	BlinkEnd	1190332905
5	NoFeedLowProb	1190332985
8,52	BlinkStart	1190333051
8,52	BlinkEnd	1190336045
8	Feed	1190336125
52	Feed	1190336205
5	BlinkStart	1190336350
5	BlinkEnd	1190341593
5	NoFeedLowProb	1190341673
8,52	BlinkStart	1190341742
8,52	BlinkEnd	1190346005
8	Feed	1190346086
52	Feed	1190346166
30,5	BlinkStart	1190346304
30,5	BlinkEnd	1190354560
5	0DropFeed	1190354641
30	Feed	1190354722
8,52,2,38	BlinkStart	1190354876
8,52,2,38	BlinkEnd	1190357302
2	Feed	1190357382
38	Feed	1190357462
29,5	BlinkStart	1190357635
29,5	BlinkEnd	1190363584
5	0DropFeed	1190363664
29	Feed	1190363744
8,52,2,38	BlinkStart	1190363910
8,52,2,38	BlinkEnd	1190366189
2	Feed	1190366269
38	Feed	1190366349
28,5	BlinkStart	1190366507
28,5	BlinkEnd	1190372140
5	0DropFeed	1190372220
28	Feed	1190372301
8,52,2,38	BlinkStart	1190372454
8,52,2,38	BlinkEnd	1190375080
2	Feed	1190375160
38	Feed	1190375240
27,5	BlinkStart	1190375383
27,5	BlinkEnd	1190380829
5	0DropFeed	1190380909
27	Feed	1190380989
8,52,2,38	BlinkStart	1190381139
8,52,2,38	BlinkEnd	1190383769
8	Feed	1190383849
52	Feed	1190383929
26,5	BlinkStart	1190384088
26,5	BlinkEnd	1190388917
5	0DropFeed	1190388997
26	Feed	1190389077
8,52,2,38	BlinkStart	1190389241
8,52,2,38	BlinkEnd	1190392526
2	Feed	1190392606
38	Feed	1190392686
25,5	BlinkStart	1190392830
25,5	BlinkEnd	1190398809
5	0DropFeed	1190398889
25	Feed	1190398969
8,52,2,38	BlinkStart	1190399139
8,52,2,38	BlinkEnd	1190402018
8	Feed	1190402098
52	Feed	1190402179
23,5	BlinkStart	1190402348
23,5	BlinkEnd	1190407498
5	0DropFeed	1190407578
23	NoFeedAbort	1190407659
1	BlinkStart	1190417727
1	BlinkEnd	1190421076
1	NoFeedLowProb	1190421156
4	BlinkStart	1190421233
4	BlinkEnd	1190423874
4	0DropFeed	1190423954
1	BlinkStart	1190424101
1	BlinkEnd	1190430090
1	NoFeedLowProb	1190430170
4	BlinkStart	1190430240
4	BlinkEnd	1190439785
4	0DropFeed	1190439865
1	BlinkStart	1190440032
1	BlinkEnd	1190443392
1	NoFeedLowProb	1190443472
4	BlinkStart	1190443538
4	BlinkEnd	1190448338
4	0DropFeed	1190448418
21,1	BlinkStart	1190448574
21,1	BlinkEnd	1190457495
1	0DropFeed	1190457575
21	Feed	1190457655
6,48,4	BlinkStart	1190457799
6,48,4	BlinkEnd	1190461438
6	Feed	1190461518
48	Feed	1190461598
20,1	BlinkStart	1190461740
20,1	BlinkEnd	1190470329
1	0DropFeed	1190470409
20	Feed	1190470489
6,48,4	BlinkStart	1190470643
6,48,4	BlinkEnd	1190472936
6	Feed	1190473016
48	Feed	1190473096
19,1	BlinkStart	1190473236
19,1	BlinkEnd	1190480689
1	0DropFeed	1190480770
19	Feed	1190480850
6,48,4	BlinkStart	1190480993
6,48,4	BlinkEnd	1190483229
6	Feed	1190483309
48	Feed	1190483389
18,1	BlinkStart	1190483546
18,1	BlinkEnd	1190490248
1	0DropFeed	1190490328
18	Feed	1190490408
6,48,4	BlinkStart	1190490564
6,48,4	BlinkEnd	1190493199
6	Feed	1190493279
48	Feed	1190493360
17,1	BlinkStart	1190493500
17,1	BlinkEnd	1190501542
1	0DropFeed	1190501622
17	Feed	1190501702
6,48,4	BlinkStart	1190501849
6,48,4	BlinkEnd	1190504217
6	Feed	1190504298
48	Feed	1190504378
16,1	BlinkStart	1190504526
16,1	BlinkEnd	1190513039
1	0DropFeed	1190513119
16	Feed	1190513199
6,48,4	BlinkStart	1190513346
6,48,4	BlinkEnd	1190516248
6	Feed	1190516328
48	Feed	1190516408
14,1	BlinkStart	1190516548
14,1	BlinkEnd	1190524737
1	0DropFeed	1190524817
14	NoFeedAbort	1190524897
5	BlinkStart	1190534959
5	BlinkEnd	1190545063
5	NoFeedLowProb	1190545143
8,53	BlinkStart	1190545234
8,53	BlinkEnd	1190547931
8	Feed	1190548012
53	Feed	1190548092
5	BlinkStart	1190548230
5	BlinkEnd	1190554549
5	NoFeedLowProb	1190554629
8,53	BlinkStart	1190554706
8,53	BlinkEnd	1190557689
8	Feed	1190557770
53	Feed	1190557850
5	BlinkStart	1190558012
5	BlinkEnd	1190564440
5	NoFeedLowProb	1190564520
8,53	BlinkStart	1190564620
8,53	BlinkEnd	1190567583
8	Feed	1190567663
53	Feed	1190567743
30,5	BlinkStart	1190567897
30,5	BlinkEnd	1190573396
5	0DropFeed	1190573477
30	Feed	1190573557
8,53,2,38	BlinkStart	1190573718
8,53,2,38	BlinkEnd	1190576472
2	Feed	1190576552
38	Feed	1190576632
29,5	BlinkStart	1190576798
29,5	BlinkEnd	1190582821
5	0DropFeed	1190582901
29	Feed	1190582981
8,53,2,38	BlinkStart	1190583138
8,53,2,38	BlinkEnd	1190585964
2	Feed	1190586044
38	Feed	1190586124
28,5	BlinkStart	1190586271
28,5	BlinkEnd	1190592915
5	0DropFeed	1190592995
28	Feed	1190593075
8,53,2,38	BlinkStart	1190593229
8,53,2,38	BlinkEnd	1190595790
2	Feed	1190595870
38	Feed	1190595950
27,5	BlinkStart	1190596105
27,5	BlinkEnd	1190602205
5	0DropFeed	1190602285
27	Feed	1190602366
8,53,2,38	BlinkStart	1190602518
8,53,2,38	BlinkEnd	1190605413
2	Feed	1190605493
38	Feed	1190605573
26,5	BlinkStart	1190605721
26,5	BlinkEnd	1190611451
5	0DropFeed	1190611531
26	Feed	1190611612
8,53,2,38	BlinkStart	1190611775
8,53,2,38	BlinkEnd	1190614772
8	Feed	1190614852
53	Feed	1190614933
25,5	BlinkStart	1190615076
25,5	BlinkEnd	1190621523
5	0DropFeed	1190621603
25	Feed	1190621683
8,53,2,38	BlinkStart	1190621845
8,53,2,38	BlinkEnd	1190624997
8	Feed	1190625077
53	Feed	1190625157
23,5	BlinkStart	1190625306
23,5	BlinkEnd	1190631414
5	0DropFeed	1190631494
23	NoFeedAbort	1190631574
1	BlinkStart	1190641648
1	BlinkEnd	1190646723
1	NoFeedLowProb	1190646803
6	BlinkStart	1190646863
6	BlinkEnd	1190649462
6	0DropFeed	1190649543
1	BlinkStart	1190649723
1	BlinkEnd	1190657215
1	NoFeedLowProb	1190657296
6	BlinkStart	1190657379
6	BlinkEnd	1190660758
6	0DropFeed	1190660838
1	BlinkStart	1190661000
1	BlinkEnd	1190671921
1	NoFeedLowProb	1190672001
6	BlinkStart	1190672087
6	BlinkEnd	1190676532
6	0DropFeed	1190676612
21,1	BlinkStart	1190676772
21,1	BlinkEnd	1190681211
1	0DropFeed	1190681291
21	Feed	1190681371
4,43,6	BlinkStart	1190681520
4,43,6	BlinkEnd	1190684419
4	Feed	1190684499
43	Feed	1190684579
20,1	BlinkStart	1190684722
20,1	BlinkEnd	1190693644
1	0DropFeed	1190693724
20	Feed	1190693805
4,43,6	BlinkStart	1190693954
4,43,6	BlinkEnd	1190698055
4	Feed	1190698135
43	Feed	1190698215
19,1	BlinkStart	1190698379
19,1	BlinkEnd	1190705676
1	0DropFeed	1190705756
19	Feed	1190705836
4,43,6	BlinkStart	1190705995
4,43,6	BlinkEnd	1190708750
4	Feed	1190708830
43	Feed	1190708910
18,1	BlinkStart	1190709060
18,1	BlinkEnd	1190717308
1	0DropFeed	1190717388
18	Feed	1190717468
4,43,6	BlinkStart	1190717614
4,43,6	BlinkEnd	1190720781
4	Feed	1190720861
43	Feed	1190720942
17,1	BlinkStart	1190721082
17,1	BlinkEnd	1190728267
1	0DropFeed	1190728347
17	Feed	1190728427
4,43,6	BlinkStart	1190728580
4,43,6	BlinkEnd	1190731876
6	0DropFeed	1190731956
16,1	BlinkStart	1190732136
16,1	BlinkEnd	1190735486
1	0DropFeed	1190735567
16	Feed	1190735647
4,43,6	BlinkStart	1190735802
4,43,6	BlinkEnd	1190739231
4	Feed	1190739311
43	Feed	1190739391
14,1	BlinkStart	1190739543
14,1	BlinkEnd	1190747518
1	0DropFeed	1190747599
14	NoFeedAbort	1190747679
5	BlinkStart	1190757748
5	BlinkEnd	1190759615
5	NoFeedLowProb	1190759695
8,55	BlinkStart	1190759760
8,55	BlinkEnd	1190762356
8	Feed	1190762436
55	Feed	1190762516
5	BlinkStart	1190762666
5	BlinkEnd	1190771181
5	NoFeedLowProb	1190771261
8,55	BlinkStart	1190771325
8,55	BlinkEnd	1190774921
8	Feed	1190775001
55	Feed	1190775081
5	BlinkStart	1190775238
5	BlinkEnd	1190783880
5	NoFeedLowProb	1190783960
8,55	BlinkStart	1190784041
8,55	BlinkEnd	1190786820
8	Feed	1190786900
55	Feed	1190786980
30,5	BlinkStart	1190787143
30,5	BlinkEnd	1190795375
5	0DropFeed	1190795455
30	Feed	1190795535
8,55,2,37	BlinkStart	1190795690
8,55,2,37	BlinkEnd	1190798251
8	Feed	1190798331
55	Feed	1190798411
29,5	BlinkStart	1190798559
29,5	BlinkEnd	1190807741
5	0DropFeed	1190807821
29	Feed	1190807901
8,55,2,37	BlinkStart	1190808066
8,55,2,37	BlinkEnd	1190810616
8	Feed	1190810696
55	Feed	1190810776
28,5	BlinkStart	1190810943
28,5	BlinkEnd	1190818703
5	0DropFeed	1190818783
28	Feed	1190818863
8,55,2,37	BlinkStart	1190819028
8,55,2,37	BlinkEnd	1190821910
8	Feed	1190821990
55	Feed	1190822070
27,5	BlinkStart	1190822227
27,5	BlinkEnd	1190830734
5	0DropFeed	1190830814
27	Feed	1190830895
8,55,2,37	BlinkStart	1190831056
8,55,2,37	BlinkEnd	1190833608
8	Feed	1190833688
55	Feed	1190833768
26,5	BlinkStart	1190833911
26,5	BlinkEnd	1190844837
5	0DropFeed	1190844917
26	Feed	1190844997
8,55,2,37	BlinkStart	1190845158
8,55,2,37	BlinkEnd	1190847980
8	Feed	1190848060
55	Feed	1190848140
25,5	BlinkStart	1190848297
25,5	BlinkEnd	1190858405
5	0DropFeed	1190858485
25	Feed	1190858565
8,55,2,37	BlinkStart	1190858730
8,55,2,37	BlinkEnd	1190861948
8	Feed	1190862028
55	Feed	1190862108
23,5	BlinkStart	1190862261
23,5	BlinkEnd	1190871575
5	0DropFeed	1190871655
23	NoFeedAbort	1190871735
1	BlinkStart	1190881801
1	BlinkEnd	1190882540
1	NoFeedLowProb	1190882620
4,44	BlinkStart	1190882698
4,44	BlinkEnd	1190885343
4	Feed	1190885423
44	Feed	1190885503
1	BlinkStart	1190885654
1	BlinkEnd	1190895502
1	NoFeedLowProb	1190895582
4,44	BlinkStart	1190895655
4,44	BlinkEnd	1190899178
4	Feed	1190899258
44	Feed	1190899339
1	BlinkStart	1190899495
1	BlinkEnd	1190909474
1	NoFeedLowProb	1190909555
4,44	BlinkStart	1190909672
4,44	BlinkEnd	1190918563
4	Feed	1190918643
44	Feed	1190918724
21,1	BlinkStart	1190918860
21,1	BlinkEnd	1190931931
1	0DropFeed	1190932011
21	Feed	1190932091
4,44,6,48	BlinkStart	1190932249
4,44,6,48	BlinkEnd	1190935005
6	Feed	1190935085
48	Feed	1190935165
20,1	BlinkStart	1190935311
20,1	BlinkEnd	1190942892
1	0DropFeed	1190942972
20	Feed	1190943053
4,44,6,48	BlinkStart	1190943205
4,44,6,48	BlinkEnd	1190945503
6	Feed	1190945584
48	Feed	1190945664
19,1	BlinkStart	1190945822
19,1	BlinkEnd	1190956339
1	0DropFeed	1190956419
19	Feed	1190956499
4,44,6,48	BlinkStart	1190956651
4,44,6,48	BlinkEnd	1190958800
6	Feed	1190958881
48	Feed	1190958962
18,1	BlinkStart	1190959126
18,1	BlinkEnd	1190967155
1	0DropFeed	1190967236
18	Feed	1190967316
4,44,6,48	BlinkStart	1190967477
4,44,6,48	BlinkEnd	1190969895
6	Feed	1190969975
48	Feed	1190970055
17,1	BlinkStart	1190970200
17,1	BlinkEnd	1190977583
1	0DropFeed	1190977663
17	Feed	1190977743
4,44,6,48	BlinkStart	1190977905
4,44,6,48	BlinkEnd	1190980458
6	Feed	1190980538
48	Feed	1190980619
16,1	BlinkStart	1190980761
16,1	BlinkEnd	1190989082
1	0DropFeed	1190989162
16	Feed	1190989242
4,44,6,48	BlinkStart	1190989403
4,44,6,48	BlinkEnd	1190992622
4	Feed	1190992702
44	Feed	1190992782
14,1	BlinkStart	1190992943
14,1	BlinkEnd	1191001044
1	0DropFeed	1191001124
14	NoFeedAbort	1191001204
5	BlinkStart	1191011265
5	BlinkEnd	1191026378
5	NoFeedLowProb	1191026458
2,41	BlinkStart	1191026534
2,41	BlinkEnd	1191029720
2	Feed	1191029800
41	Feed	1191029880
5	BlinkStart	1191030025
5	BlinkEnd	1191039678
5	NoFeedLowProb	1191039758
2,41	BlinkStart	1191039834
2,41	BlinkEnd	1191042619
2	Feed	1191042700
41	Feed	1191042780
5	BlinkStart	1191042943
5	BlinkEnd	1191052379
5	NoFeedLowProb	1191052459
2,41	BlinkStart	1191052522
2,41	BlinkEnd	1191055719
2	Feed	1191055799
41	Feed	1191055879
30,5	BlinkStart	1191056025
30,5	BlinkEnd	1191066481
5	0DropFeed	1191066561
30	Feed	1191066641
2,41,8,56	BlinkStart	1191066790
2,41,8,56	BlinkEnd	1191069430
8	Feed	1191069510
56	Feed	1191069590
29,5	BlinkStart	1191069730
29,5	BlinkEnd	1191083526
5	0DropFeed	1191083606
29	Feed	1191083686
2,41,8,56	BlinkStart	1191083847
2,41,8,56	BlinkEnd	1191087135
8	Feed	1191087215
56	Feed	1191087295
28,5	BlinkStart	1191087455
28,5	BlinkEnd	1191101105
5	0DropFeed	1191101185
28	Feed	1191101265
2,41,8,56	BlinkStart	1191101440
2,41,8,56	BlinkEnd	1191104387
8	Feed	1191104467
56	Feed	1191104547
27,5	BlinkStart	1191104700
27,5	BlinkEnd	1191115888
5	0DropFeed	1191115968
27	Feed	1191116048
2,41,8,56	BlinkStart	1191116212
2,41,8,56	BlinkEnd	1191119352
8	Feed	1191119432
56	Feed	1191119512
26,5	BlinkStart	1191119657
26,5	BlinkEnd	1191131785
5	0DropFeed	1191131865
26	Feed	1191131945
2,41,8,56	BlinkStart	1191132095
2,41,8,56	BlinkEnd	1191135128
8	Feed	1191135208
56	Feed	1191135288
25,5	BlinkStart	1191135447
25,5	BlinkEnd	1191145821
5	0DropFeed	1191145901
25	Feed	1191145981
2,41,8,56	BlinkStart	1191146144
2,41,8,56	BlinkEnd	1191149699
8	Feed	1191149779
56	Feed	1191149859
23,5	BlinkStart	1191150033
23,5	BlinkEnd	1191160659
5	0DropFeed	1191160740
23	NoFeedAbort	1191160821
1	BlinkStart	1191170882
1	BlinkEnd	1191172090
1	NoFeedLowProb	1191172171
6,50	BlinkStart	1191172238
6,50	BlinkEnd	1191175698
6	Feed	1191175778
50	Feed	1191175858
1	BlinkStart	1191176001
1	BlinkEnd	1191187129
1	NoFeedLowProb	1191187210
6,50	BlinkStart	1191187306
6,50	BlinkEnd	1191189802
6	Feed	1191189882
50	Feed	1191189962
1	BlinkStart	1191190110
1	BlinkEnd	1191200831
1	NoFeedLowProb	1191200911
6,50	BlinkStart	1191200973
6,50	BlinkEnd	1191203504
6	Feed	1191203584
50	Feed	1191203664
21,1	BlinkStart	1191203822
21,1	BlinkEnd	1191214801
1	0DropFeed	1191214881
21	Feed	1191214961
6,50,4,45	BlinkStart	1191215119
6,50,4,45	BlinkEnd	1191217674
6	Feed	1191217755
50	Feed	1191217835
20,1	BlinkStart	1191217995
20,1	BlinkEnd	1191229441
1	0DropFeed	1191229521
20	Feed	1191229601
6,50,4,45	BlinkStart	1191229770
6,50,4,45	BlinkEnd	1191232380
6	Feed	1191232460
50	Feed	1191232541
19,1	BlinkStart	1191232698
19,1	BlinkEnd	1191244680
1	0DropFeed	1191244760
19	Feed	1191244840
6,50,4,45	BlinkStart	1191244995
6,50,4,45	BlinkEnd	1191247754
6	Feed	1191247835
50	Feed	1191247916
18,1	BlinkStart	1191248056
18,1	BlinkEnd	1191260788
1	0DropFeed	1191260868
18	Feed	1191260949
6,50,4,45	BlinkStart	1191261108
6,50,4,45	BlinkEnd	1191263863
6	Feed	1191263943
50	Feed	1191264023
17,1	BlinkStart	1191264164
17,1	BlinkEnd	1191275159
1	0DropFeed	1191275239
17	Feed	1191275319
6,50,4,45	BlinkStart	1191275476
6,50,4,45	BlinkEnd	1191279175
6	Feed	1191279255
50	Feed	1191279335
16,1	BlinkStart	1191279486
16,1	BlinkEnd	1191292537
1	0DropFeed	1191292617
16	Feed	1191292697
6,50,4,45	BlinkStart	1191292857
6,50,4,45	BlinkEnd	1191296013
4	Feed	1191296093
45	Feed	1191296173
14,1	BlinkStart	1191296310
14,1	BlinkEnd	1191308117
1	0DropFeed	1191308198
14	NoFeedAbort	1191308278
5	BlinkStart	1191318340
5	BlinkEnd	1191321546
5	NoFeedLowProb	1191321626
2,38	BlinkStart	1191321712
2,38	BlinkEnd	1191324622
2	Feed	1191324703
38	Feed	1191324783
5	BlinkStart	1191324947
5	BlinkEnd	1191335248
5	NoFeedLowProb	1191335328
2,38	BlinkStart	1191335401
2,38	BlinkEnd	1191338924
2	Feed	1191339005
38	Feed	1191339085
5	BlinkStart	1191339242
5	BlinkEnd	1191350087
5	NoFeedLowProb	1191350167
2,38	BlinkStart	1191350277
2,38	BlinkEnd	1191354433
2	Feed	1191354513
38	Feed	1191354593
30,5	BlinkStart	1191354752
30,5	BlinkEnd	1191363990
5	0DropFeed	1191364070
30	Feed	1191364150
2,38,8,54	BlinkStart	1191364316
2,38,8,54	BlinkEnd	1191367738
8	Feed	1191367818
54	Feed	1191367898
29,5	BlinkStart	1191368044
29,5	BlinkEnd	1191379163
5	0DropFeed	1191379243
29	Feed	1191379324
2,38,8,54	BlinkStart	1191379498
2,38,8,54	BlinkEnd	1191382704
8	Feed	1191382784
54	Feed	1191382864
28,5	BlinkStart	1191383002
28,5	BlinkEnd	1191392731
5	0DropFeed	1191392811
28	Feed	1191392891
2,38,8,54	BlinkStart	1191393057
2,38,8,54	BlinkEnd	1191396140
8	Feed	1191396220
54	Feed	1191396300
27,5	BlinkStart	1191396465
27,5	BlinkEnd	1191406243
5	0DropFeed	1191406323
27	Feed	1191406403
2,38,8,54	BlinkStart	1191406559
2,38,8,54	BlinkEnd	1191410043
8	Feed	1191410123
54	Feed	1191410203
26,5	BlinkStart	1191410348
26,5	BlinkEnd	1191420937
5	0DropFeed	1191421017
26	Feed	1191421097
2,38,8,54	BlinkStart	1191421263
2,38,8,54	BlinkEnd	1191424622
8	Feed	1191424702
54	Feed	1191424782
25,5	BlinkStart	1191424934
25,5	BlinkEnd	1191434373
5	0DropFeed	1191434453
25	Feed	1191434533
2,38,8,54	BlinkStart	1191434685
2,38,8,54	BlinkEnd	1191438517
8	Feed	1191438597
54	Feed	1191438677
23,5	BlinkStart	1191438823
23,5	BlinkEnd	1191451016
5	0DropFeed	1191451096
23	NoFeedAbort	1191451176
1	BlinkStart	1191461267
1	BlinkEnd	1191461530
1	NoFeedLowProb	1191461610
6	BlinkStart	1191461684
6	BlinkEnd	1191465389
6	0DropFeed	1191465469
1	BlinkStart	1191465633
1	BlinkEnd	1191490050
1	NoFeedLowProb	1191490131
6	BlinkStart	1191490211
6	BlinkEnd	1191493392
6	0DropFeed	1191493472
1	BlinkStart	1191493632
1	BlinkEnd	1191499743
1	NoFeedLowProb	1191499823
6	BlinkStart	1191499908
6	BlinkEnd	1191508231
6	0DropFeed	1191508312
21,1	BlinkStart	1191508469
21,1	BlinkEnd	1191519863
1	0DropFeed	1191519943
21	Feed	1191520024
4,46,6	BlinkStart	1191520167
4,46,6	BlinkEnd	1191523739
4	Feed	1191523820
46	Feed	1191523900
20,1	BlinkStart	1191524041
20,1	BlinkEnd	1191538178
1	0DropFeed	1191538258
20	Feed	1191538338
4,46,6	BlinkStart	1191538486
4,46,6	BlinkEnd	1191543263
4	Feed	1191543343
46	Feed	1191543423
19,1	BlinkStart	1191543562
19,1	BlinkEnd	1191560235
1	0DropFeed	1191560315
19	Feed	1191560395
4,46,6	BlinkStart	1191560564
4,46,6	BlinkEnd	1191563576
4	Feed	1191563656
46	Feed	1191563736
18,1	BlinkStart	1191563899
18,1	BlinkEnd	1191577346
1	0DropFeed	1191577426
18	Feed	1191577506
4,46,6	BlinkStart	1191577658
4,46,6	BlinkEnd	1191580754
4	Feed	1191580834
46	Feed	1191580915
17,1	BlinkStart	1191581055
17,1	BlinkEnd	1191594791
1	0DropFeed	1191594871
17	Feed	1191594951
4,46,6	BlinkStart	1191595112
4,46,6	BlinkEnd	1191598141
4	Feed	1191598222
46	Feed	1191598302
16,1	BlinkStart	1191598443
16,1	BlinkEnd	1191621995
1	0DropFeed	1191622075
16	Feed	1191622155
4,46,6	BlinkStart	1191622307
4,46,6	BlinkEnd	1191625939
4	Feed	1191626019
46	Feed	1191626100
14,1	BlinkStart	1191626239
14,1	BlinkEnd	1191643652
1	0DropFeed	1191643732
14	NoFeedAbort	1191643812
5	BlinkStart	1191653875
5	BlinkEnd	1191687500
5	NoFeedLowProb	1191687580
2,40	BlinkStart	1191687661
2,40	BlinkEnd	1191692244
2	Feed	1191692324
40	Feed	1191692404
5	BlinkStart	1191692552
5	BlinkEnd	1191709023
5	NoFeedLowProb	1191709103
2,40	BlinkStart	1191709198
2,40	BlinkEnd	1191715038
2	Feed	1191715118
40	Feed	1191715199
5	BlinkStart	1191715352
5	BlinkEnd	1191730477
5	NoFeedLowProb	1191730557
2,40	BlinkStart	1191730666
2,40	BlinkEnd	1191735959
2	Feed	1191736039
40	Feed	1191736120
30,5	BlinkStart	1191736261
30,5	BlinkEnd	1191748190
5	0DropFeed	1191748270
30	Feed	1191748350
2,40,8	BlinkStart	1191748503
2,40,8	BlinkEnd	1191752000
8	0DropFeed	1191752080
29,5	BlinkStart	1191752248
29,5	BlinkEnd	1191760222
5	0DropFeed	1191760302
29	Feed	1191760382
2,40,8	BlinkStart	1191760541
2,40,8	BlinkEnd	1191771253
2	Feed	1191771333
40	Feed	1191771413
28,5	BlinkStart	1191771554
28,5	BlinkEnd	1191791036
5	0DropFeed	1191791116
28	Feed	1191791196
2,40,8	BlinkStart	1191791347
2,40,8	BlinkEnd	1191795648
8	0DropFeed	1191795728
27,5	BlinkStart	1191795881
27,5	BlinkEnd	1191804002
5	0DropFeed	1191804082
27	Feed	1191804163
2,40,8	BlinkStart	1191804309
2,40,8	BlinkEnd	1191822184
2	Feed	1191822265
40	Feed	1191822345
26,5	BlinkStart	1191822509
26,5	BlinkEnd	1191837825
5	0DropFeed	1191837905
26	Feed	1191837985
2,40,8	BlinkStart	1191838141
2,40,8	BlinkEnd	1191844041
8	0DropFeed	1191844121
25,5	BlinkStart	1191844290
25,5	BlinkEnd	1191850390
5	0DropFeed	1191850471
25	Feed	1191850551
2,40,8	BlinkStart	1191850701
2,40,8	BlinkEnd	1191856606
2	Feed	1191856686
40	Feed	1191856766
23,5	BlinkStart	1191856935
23,5	BlinkEnd	1191869038
5	0DropFeed	1191869118
23	NoFeedAbort	1191869198
0	StopTraining	1191879199
0	StopTraining	1191879200
0	StopTraining	1191879200
0	StopTraining	1191879201
0	StopTraining	1191879202
0	StopTraining	1191879202
0	StopTraining	1191879203
0	StopTraining	1191879203
1	BlinkStart	1191879261
1	BlinkEnd	1191879524
