Friday, October 16, 2020	1:22:50 PM	Game1.txt	324543939
Cued	Now	324559979
9	BlinkStart	324560197
9	BlinkEnd	324838642
23,5	BlinkStart	324838748
23,5	BlinkEnd	324849745
5	0DropFeed	324849825
23	NoFeedAbort	324849905
1	BlinkStart	324859926
1	BlinkEnd	324887049
1	NoFeedLowProb	324887129
4,43	BlinkStart	324887157
4,43	BlinkEnd	324891982
4	Feed	324892062
43	Feed	324892142
1	BlinkStart	324892250
1	BlinkEnd	324905038
1	NoFeedLowProb	324905118
4,43	BlinkStart	324905141
4,43	BlinkEnd	324908527
4	Feed	324908607
43	Feed	324908687
1	BlinkStart	324908803
1	BlinkEnd	324917794
1	NoFeedLowProb	324917874
4,43	BlinkStart	324917894
4,43	BlinkEnd	324921284
4	Feed	324921364
43	Feed	324921444
22,1	BlinkStart	324921552
22,1	BlinkEnd	324937588
1	0DropFeed	324937668
22	Feed	324937749
4,43,6,49	BlinkStart	324937836
4,43,6,49	BlinkEnd	324941257
4	Feed	324941338
43	Feed	324941418
22,1	BlinkStart	324941518
22,1	BlinkEnd	324980546
1	0DropFeed	324980627
22	Feed	324980708
4,43,6,49	BlinkStart	324980820
4,43,6,49	BlinkEnd	324983976
4	Feed	324984056
43	Feed	324984136
22,1	BlinkStart	324984235
22,1	BlinkEnd	324992459
1	0DropFeed	324992539
22	Feed	324992619
4,43,6,49	BlinkStart	324992735
4,43,6,49	BlinkEnd	324995467
4	Feed	324995547
43	Feed	324995627
22,1	BlinkStart	324995740
22,1	BlinkEnd	325004071
1	0DropFeed	325004151
22	Feed	325004231
4,43,6,49	BlinkStart	325004333
4,43,6,49	BlinkEnd	325007380
4	Feed	325007460
43	Feed	325007540
22,1	BlinkStart	325007634
22,1	BlinkEnd	325015755
1	0DropFeed	325015836
22	Feed	325015916
4,43,6,49	BlinkStart	325016030
4,43,6,49	BlinkEnd	325019053
4	Feed	325019133
43	Feed	325019213
22,1	BlinkStart	325019326
22,1	BlinkEnd	325064419
1	0DropFeed	325064499
22	Feed	325064579
4,43,6,49	BlinkStart	325064691
4,43,6,49	BlinkEnd	325067064
4	Feed	325067144
43	Feed	325067224
22,1	BlinkStart	325067331
22,1	BlinkEnd	325075247
1	0DropFeed	325075327
22	Feed	325075407
4,43,6,49	BlinkStart	325075523
4,43,6,49	BlinkEnd	325078209
4	Feed	325078289
43	Feed	325078369
22,1	BlinkStart	325078480
22,1	BlinkEnd	325086498
1	0DropFeed	325086579
22	Feed	325086659
4,43,6,49	BlinkStart	325086761
4,43,6,49	BlinkEnd	325089206
4	Feed	325089286
43	Feed	325089366
22,1	BlinkStart	325089455
22,1	BlinkEnd	325097148
1	0DropFeed	325097228
22	Feed	325097308
4,43,6,49	BlinkStart	325097417
4,43,6,49	BlinkEnd	325099795
4	Feed	325099875
43	Feed	325099955
21,1	BlinkStart	325100066
21,1	BlinkEnd	325107078
1	0DropFeed	325107158
21	Feed	325107238
4,43,6,49	BlinkStart	325107361
4,43,6,49	BlinkEnd	325110083
4	Feed	325110163
43	Feed	325110243
20,1	BlinkStart	325110351
20,1	BlinkEnd	325118386
1	0DropFeed	325118466
20	Feed	325118546
4,43,6,49	BlinkStart	325118720
4,43,6,49	BlinkEnd	325120973
4	Feed	325121053
43	Feed	325121133
19,1	BlinkStart	325121312
19,1	BlinkEnd	325128314
1	0DropFeed	325128394
19	Feed	325128474
4,43,6,49	BlinkStart	325128632
4,43,6,49	BlinkEnd	325130901
4	Feed	325130981
43	Feed	325131062
18,1	BlinkStart	325131224
18,1	BlinkEnd	325139203
1	0DropFeed	325139283
18	Feed	325139363
4,43,6,49	BlinkStart	325139536
4,43,6,49	BlinkEnd	325142167
4	Feed	325142247
43	Feed	325142327
17,1	BlinkStart	325142473
17,1	BlinkEnd	325151176
1	0DropFeed	325151256
17	Feed	325151336
4,43,6,49	BlinkStart	325151505
4,43,6,49	BlinkEnd	325155027
6	Feed	325155107
49	Feed	325155188
16,1	BlinkStart	325155330
16,1	BlinkEnd	325165377
1	0DropFeed	325165457
16	Feed	325165538
4,43,6,49	BlinkStart	325165704
4,43,6,49	BlinkEnd	325167962
4	Feed	325168043
43	Feed	325168123
14,1	BlinkStart	325168286
14,1	BlinkEnd	325176942
1	0DropFeed	325177023
14	NoFeedAbort	325177103
5	BlinkStart	325187181
5	BlinkEnd	325199431
5	NoFeedLowProb	325199511
2	BlinkStart	325199587
2	BlinkEnd	325202437
2	0DropFeed	325202518
5	BlinkStart	325202660
5	BlinkEnd	325210379
5	NoFeedLowProb	325210459
2	BlinkStart	325210554
2	BlinkEnd	325213870
2	0DropFeed	325213952
5	BlinkStart	325214119
5	BlinkEnd	325261340
5	NoFeedLowProb	325261420
2	BlinkStart	325261521
2	BlinkEnd	325265854
2	0DropFeed	325265934
31,5	BlinkStart	325266136
31,5	BlinkEnd	325280052
5	0DropFeed	325280132
31	Feed	325280213
8,52,2	BlinkStart	325280398
8,52,2	BlinkEnd	325283361
2	0DropFeed	325283441
31,5	BlinkStart	325283645
31,5	BlinkEnd	325287271
5	0DropFeed	325287351
31	Feed	325287431
8,52,2	BlinkStart	325287580
8,52,2	BlinkEnd	325304660
8	Feed	325304741
52	Feed	325304822
31,5	BlinkStart	325304984
31,5	BlinkEnd	325329509
5	0DropFeed	325329589
31	Feed	325329669
8,52,2	BlinkStart	325329834
8,52,2	BlinkEnd	325332877
8	Feed	325332957
52	Feed	325333037
31,5	BlinkStart	325333202
31,5	BlinkEnd	325341902
5	0DropFeed	325341982
31	Feed	325342062
8,52,2	BlinkStart	325342246
8,52,2	BlinkEnd	325345572
2	0DropFeed	325345653
31,5	BlinkStart	325345816
31,5	BlinkEnd	325350809
5	0DropFeed	325350889
31	Feed	325350970
8,52,2	BlinkStart	325351129
8,52,2	BlinkEnd	325363201
8	Feed	325363281
52	Feed	325363361
31,5	BlinkStart	325363521
31,5	BlinkEnd	325408566
5	0DropFeed	325408647
31	Feed	325408727
8,52,2	BlinkStart	325408904
8,52,2	BlinkEnd	325412062
2	0DropFeed	325412142
31,5	BlinkStart	325412329
31,5	BlinkEnd	325417531
5	0DropFeed	325417611
31	Feed	325417691
8,52,2	BlinkStart	325417852
8,52,2	BlinkEnd	325427517
2	0DropFeed	325427597
31,5	BlinkStart	325427768
31,5	BlinkEnd	325476256
5	0DropFeed	325476336
31	Feed	325476416
8,52,2	BlinkStart	325476603
8,52,2	BlinkEnd	325480342
2	0DropFeed	325480423
31,5	BlinkStart	325480587
31,5	BlinkEnd	325486239
5	0DropFeed	325486319
31	Feed	325486400
8,52,2	BlinkStart	325486562
8,52,2	BlinkEnd	325490573
2	0DropFeed	325490653
30,5	BlinkStart	325490842
30,5	BlinkEnd	325512471
5	0DropFeed	325512551
30	Feed	325512631
8,52,2	BlinkStart	325512784
8,52,2	BlinkEnd	325516987
8	Feed	325517067
52	Feed	325517147
29,5	BlinkStart	325517304
29,5	BlinkEnd	325531543
5	0DropFeed	325531623
29	Feed	325531703
8,52,2	BlinkStart	325531855
8,52,2	BlinkEnd	325535274
2	0DropFeed	325535354
28,5	BlinkStart	325535515
28,5	BlinkEnd	325539547
5	0DropFeed	325539627
28	Feed	325539707
8,52,2	BlinkStart	325539858
8,52,2	BlinkEnd	325544720
8	Feed	325544800
52	Feed	325544880
27,5	BlinkStart	325545024
27,5	BlinkEnd	325554105
5	0DropFeed	325554185
27	Feed	325554265
8,52,2	BlinkStart	325554415
8,52,2	BlinkEnd	325558499
2	0DropFeed	325558579
26,5	BlinkStart	325558736
26,5	BlinkEnd	325562410
5	0DropFeed	325562490
26	Feed	325562570
8,52,2	BlinkStart	325562726
8,52,2	BlinkEnd	325566801
8	Feed	325566881
52	Feed	325566961
25,5	BlinkStart	325567112
25,5	BlinkEnd	325577451
5	0DropFeed	325577531
25	Feed	325577611
8,52,2	BlinkStart	325577793
8,52,2	BlinkEnd	325580580
8	Feed	325580660
52	Feed	325580740
23,5	BlinkStart	325580888
23,5	BlinkEnd	325590147
5	0DropFeed	325590227
23	NoFeedAbort	325590307
1	BlinkStart	325600373
1	BlinkEnd	325611022
1	NoFeedLowProb	325611102
4,46	BlinkStart	325611234
4,46	BlinkEnd	325613851
4	Feed	325613931
46	Feed	325614011
1	BlinkStart	325614172
1	BlinkEnd	325629855
1	NoFeedLowProb	325629935
4,46	BlinkStart	325630041
4,46	BlinkEnd	325633103
4	Feed	325633183
46	Feed	325633263
1	BlinkStart	325633447
1	BlinkEnd	325649589
1	NoFeedLowProb	325649669
4,46	BlinkStart	325649769
4,46	BlinkEnd	325652417
4	Feed	325652497
46	Feed	325652577
22,1	BlinkStart	325652719
22,1	BlinkEnd	325669744
1	0DropFeed	325669824
22	Feed	325669904
4,46,6,47	BlinkStart	325670102
4,46,6,47	BlinkEnd	325672211
4	Feed	325672291
46	Feed	325672371
22,1	BlinkStart	325672531
22,1	BlinkEnd	325685749
1	0DropFeed	325685829
22	Feed	325685909
4,46,6,47	BlinkStart	325686093
4,46,6,47	BlinkEnd	325688699
4	Feed	325688779
46	Feed	325688859
22,1	BlinkStart	325689008
22,1	BlinkEnd	325702294
1	0DropFeed	325702374
22	Feed	325702454
4,46,6,47	BlinkStart	325702612
4,46,6,47	BlinkEnd	325704882
4	Feed	325704962
46	Feed	325705042
22,1	BlinkStart	325705190
22,1	BlinkEnd	325720223
1	0DropFeed	325720303
22	Feed	325720383
4,46,6,47	BlinkStart	325720549
4,46,6,47	BlinkEnd	325722691
4	Feed	325722771
46	Feed	325722852
22,1	BlinkStart	325723031
22,1	BlinkEnd	325736236
1	0DropFeed	325736316
22	Feed	325736396
4,46,6,47	BlinkStart	325736561
4,46,6,47	BlinkEnd	325738755
4	Feed	325738835
46	Feed	325738915
22,1	BlinkStart	325739078
22,1	BlinkEnd	325752474
1	0DropFeed	325752554
22	Feed	325752634
4,46,6,47	BlinkStart	325752822
4,46,6,47	BlinkEnd	325755301
4	Feed	325755381
46	Feed	325755461
22,1	BlinkStart	325755646
22,1	BlinkEnd	325768778
1	0DropFeed	325768858
22	Feed	325768938
4,46,6,47	BlinkStart	325769107
4,46,6,47	BlinkEnd	325771244
4	Feed	325771325
46	Feed	325771405
22,1	BlinkStart	325771583
22,1	BlinkEnd	325784060
1	0DropFeed	325784140
22	Feed	325784220
4,46,6,47	BlinkStart	325784399
4,46,6,47	BlinkEnd	325786586
4	Feed	325786666
46	Feed	325786746
22,1	BlinkStart	325786905
22,1	BlinkEnd	325802772
1	0DropFeed	325802852
22	Feed	325802932
4,46,6,47	BlinkStart	325803106
4,46,6,47	BlinkEnd	325805359
4	Feed	325805440
46	Feed	325805520
21,1	BlinkStart	325805681
21,1	BlinkEnd	325819076
1	0DropFeed	325819156
21	Feed	325819236
4,46,6,47	BlinkStart	325819423
4,46,6,47	BlinkEnd	325821603
4	Feed	325821683
46	Feed	325821763
20,1	BlinkStart	325821940
20,1	BlinkEnd	325836704
1	0DropFeed	325836784
20	Feed	325836864
4,46,6,47	BlinkStart	325837049
4,46,6,47	BlinkEnd	325839233
4	Feed	325839313
46	Feed	325839393
19,1	BlinkStart	325839574
19,1	BlinkEnd	325851928
1	0DropFeed	325852008
19	Feed	325852089
4,46,6,47	BlinkStart	325852271
4,46,6,47	BlinkEnd	325854515
4	Feed	325854595
46	Feed	325854675
18,1	BlinkStart	325854854
18,1	BlinkEnd	325869194
1	0DropFeed	325869274
18	Feed	325869354
4,46,6,47	BlinkStart	325869522
4,46,6,47	BlinkEnd	325871783
4	Feed	325871863
46	Feed	325871943
17,1	BlinkStart	325872123
17,1	BlinkEnd	325884176
1	0DropFeed	325884256
17	Feed	325884336
4,46,6,47	BlinkStart	325884485
4,46,6,47	BlinkEnd	325887063
4	Feed	325887143
46	Feed	325887223
16,1	BlinkStart	325887371
16,1	BlinkEnd	325901744
1	0DropFeed	325901824
16	Feed	325901904
4,46,6,47	BlinkStart	325902055
4,46,6,47	BlinkEnd	325904331
4	Feed	325904411
46	Feed	325904492
14,1	BlinkStart	325904669
14,1	BlinkEnd	325917868
1	0DropFeed	325917948
14	NoFeedAbort	325918028
5	BlinkStart	325928103
5	BlinkEnd	325948494
5	NoFeedLowProb	325948574
8	BlinkStart	325948656
8	BlinkEnd	325951261
8	0DropFeed	325951341
5	BlinkStart	325951488
5	BlinkEnd	325956389
5	NoFeedLowProb	325956469
8	BlinkStart	325956584
8	BlinkEnd	325960766
8	0DropFeed	325960846
5	BlinkStart	325961005
5	BlinkEnd	325978653
5	NoFeedLowProb	325978733
8	BlinkStart	325978800
8	BlinkEnd	325983218
8	0DropFeed	325983298
31,5	BlinkStart	325983485
31,5	BlinkEnd	325996264
5	0DropFeed	325996344
31	Feed	325996425
2,8	BlinkStart	325996576
2,8	BlinkEnd	326000115
2	0DropFeed	326000195
31,5	BlinkStart	326000355
31,5	BlinkEnd	326006433
5	0DropFeed	326006513
31	Feed	326006593
2,8	BlinkStart	326006730
2,8	BlinkEnd	326009983
8	0DropFeed	326010063
31,5	BlinkStart	326010228
31,5	BlinkEnd	326014855
5	0DropFeed	326014935
31	Feed	326015015
2,8	BlinkStart	326015177
2,8	BlinkEnd	326018104
2	0DropFeed	326018184
31,5	BlinkStart	326018367
31,5	BlinkEnd	326022445
5	0DropFeed	326022525
31	Feed	326022605
2,8	BlinkStart	326022747
2,8	BlinkEnd	326030198
8	0DropFeed	326030278
31,5	BlinkStart	326030454
31,5	BlinkEnd	326037899
5	0DropFeed	326037979
31	Feed	326038059
2,8	BlinkStart	326038220
2,8	BlinkEnd	326050174
8	0DropFeed	326050255
31,5	BlinkStart	326050435
31,5	BlinkEnd	326055889
5	0DropFeed	326055969
31	Feed	326056050
2,8	BlinkStart	326056199
2,8	BlinkEnd	326066662
8	0DropFeed	326066742
31,5	BlinkStart	326066917
31,5	BlinkEnd	326083626
5	0DropFeed	326083706
31	Feed	326083787
2,8	BlinkStart	326083960
2,8	BlinkEnd	326357078
8	0DropFeed	326357158
31,5	BlinkStart	326357320
31,5	BlinkEnd	326410265
5	0DropFeed	326410345
31	Feed	326410426
2,8	BlinkStart	326410564
2,8	BlinkEnd	326420674
8	0DropFeed	326420754
31,5	BlinkStart	326420937
31,5	BlinkEnd	326501837
5	0DropFeed	326501917
31	Feed	326501997
2,8	BlinkStart	326502136
2,8	BlinkEnd	326516157
2	0DropFeed	326516237
30,5	BlinkStart	326516387
30,5	BlinkEnd	326530008
5	0DropFeed	326530088
30	Feed	326530169
2,8	BlinkStart	326530348
2,8	BlinkEnd	327163540
2	0DropFeed	327163620
29,5	BlinkStart	327163795
29,5	BlinkEnd	327261429
5	0DropFeed	327261509
29	Feed	327261589
2,8	BlinkStart	327261762
2,8	BlinkEnd	327265041
2	0DropFeed	327265121
28,5	BlinkStart	327265288
28,5	BlinkEnd	327270214
5	0DropFeed	327270295
28	Feed	327270375
2,8	BlinkStart	327270515
2,8	BlinkEnd	327281584
8	0DropFeed	327281664
27,5	BlinkStart	327281847
27,5	BlinkEnd	327290670
5	0DropFeed	327290751
27	Feed	327290831
2,8	BlinkStart	327290986
2,8	BlinkEnd	327298672
2	0DropFeed	327298752
26,5	BlinkStart	327298927
26,5	BlinkEnd	327303184
5	0DropFeed	327303264
26	Feed	327303344
2,8	BlinkStart	327303482
2,8	BlinkEnd	327389283
8	0DropFeed	327389363
25,5	BlinkStart	327389521
25,5	BlinkEnd	327399152
5	0DropFeed	327399233
25	Feed	327399313
2,8	BlinkStart	327399497
2,8	BlinkEnd	327404504
8	0DropFeed	327404584
23,5	BlinkStart	327404763
23,5	BlinkEnd	327459675
5	0DropFeed	327459755
23	NoFeedAbort	327459836
1	BlinkStart	327469902
1	BlinkEnd	327473275
1	NoFeedLowProb	327473355
6,50	BlinkStart	327473467
6,50	BlinkEnd	327477184
6	Feed	327477264
50	Feed	327477344
1	BlinkStart	327477513
1	BlinkEnd	327493128
1	NoFeedLowProb	327493208
6,50	BlinkStart	327493326
6,50	BlinkEnd	327496557
6	Feed	327496637
50	Feed	327496717
1	BlinkStart	327496873
1	BlinkEnd	327514909
1	NoFeedLowProb	327514989
6,50	BlinkStart	327515075
6,50	BlinkEnd	327517496
6	Feed	327517576
50	Feed	327517656
22,1	BlinkStart	327517829
22,1	BlinkEnd	327533619
1	0DropFeed	327533699
22	Feed	327533779
6,50,4,42	BlinkStart	327533939
6,50,4,42	BlinkEnd	327536508
6	Feed	327536588
50	Feed	327536668
22,1	BlinkStart	327536829
22,1	BlinkEnd	327551610
1	0DropFeed	327551690
22	Feed	327551770
6,50,4,42	BlinkStart	327551934
6,50,4,42	BlinkEnd	327554197
6	Feed	327554277
50	Feed	327554357
22,1	BlinkStart	327554504
22,1	BlinkEnd	327568335
1	0DropFeed	327568416
22	Feed	327568496
6,50,4,42	BlinkStart	327568682
6,50,4,42	BlinkEnd	327570982
6	Feed	327571062
50	Feed	327571142
22,1	BlinkStart	327571298
22,1	BlinkEnd	327584880
1	0DropFeed	327584960
22	Feed	327585040
6,50,4,42	BlinkStart	327585210
6,50,4,42	BlinkEnd	327587408
6	Feed	327587488
50	Feed	327587568
22,1	BlinkStart	327587746
22,1	BlinkEnd	327602871
1	0DropFeed	327602951
22	Feed	327603031
6,50,4,42	BlinkStart	327603198
6,50,4,42	BlinkEnd	327605526
6	Feed	327605606
50	Feed	327605686
22,1	BlinkStart	327605855
22,1	BlinkEnd	327621160
1	0DropFeed	327621241
22	Feed	327621321
6,50,4,42	BlinkStart	327621472
6,50,4,42	BlinkEnd	327623809
6	Feed	327623889
50	Feed	327623969
22,1	BlinkStart	327624145
22,1	BlinkEnd	327636804
1	0DropFeed	327636884
22	Feed	327636964
6,50,4,42	BlinkStart	327637157
6,50,4,42	BlinkEnd	327639572
6	Feed	327639652
50	Feed	327639732
22,1	BlinkStart	327639885
22,1	BlinkEnd	327654193
1	0DropFeed	327654274
22	Feed	327654354
6,50,4,42	BlinkStart	327654524
6,50,4,42	BlinkEnd	327656478
6	Feed	327656559
50	Feed	327656639
22,1	BlinkStart	327656781
22,1	BlinkEnd	327670436
1	0DropFeed	327670516
22	Feed	327670596
6,50,4,42	BlinkStart	327670753
6,50,4,42	BlinkEnd	327672964
6	Feed	327673044
50	Feed	327673124
21,1	BlinkStart	327673298
21,1	BlinkEnd	327687102
1	0DropFeed	327687182
21	Feed	327687262
6,50,4,42	BlinkStart	327687450
6,50,4,42	BlinkEnd	327689508
6	Feed	327689588
50	Feed	327689668
20,1	BlinkStart	327689846
20,1	BlinkEnd	327706174
1	0DropFeed	327706254
20	Feed	327706334
6,50,4,42	BlinkStart	327706481
6,50,4,42	BlinkEnd	327708702
6	Feed	327708782
50	Feed	327708862
19,1	BlinkStart	327709006
19,1	BlinkEnd	327723803
1	0DropFeed	327723884
19	Feed	327723964
6,50,4,42	BlinkStart	327724146
6,50,4,42	BlinkEnd	327726149
6	Feed	327726230
50	Feed	327726310
18,1	BlinkStart	327726491
18,1	BlinkEnd	327740589
1	0DropFeed	327740669
18	Feed	327740749
6,50,4,42	BlinkStart	327740907
6,50,4,42	BlinkEnd	327743118
6	Feed	327743198
50	Feed	327743278
17,1	BlinkStart	327743442
17,1	BlinkEnd	327760504
1	0DropFeed	327760584
17	Feed	327760664
6,50,4,42	BlinkStart	327760842
6,50,4,42	BlinkEnd	327763339
6	Feed	327763419
50	Feed	327763499
16,1	BlinkStart	327763664
16,1	BlinkEnd	327777592
1	0DropFeed	327777672
16	Feed	327777752
6,50,4,42	BlinkStart	327777923
6,50,4,42	BlinkEnd	327780419
6	Feed	327780499
50	Feed	327780580
14,1	BlinkStart	327780756
14,1	BlinkEnd	327795340
1	0DropFeed	327795420
14	NoFeedAbort	327795500
5	BlinkStart	327805577
5	BlinkEnd	327830176
5	NoFeedLowProb	327830256
8,54	BlinkStart	327830345
8,54	BlinkEnd	327833547
8	Feed	327833627
54	Feed	327833707
5	BlinkStart	327833879
5	BlinkEnd	327846542
5	NoFeedLowProb	327846622
8,54	BlinkStart	327846707
8,54	BlinkEnd	327850212
8	Feed	327850292
54	Feed	327850373
5	BlinkStart	327850522
5	BlinkEnd	327861163
5	NoFeedLowProb	327861243
8,54	BlinkStart	327861340
8,54	BlinkEnd	327864472
8	Feed	327864552
54	Feed	327864632
31,5	BlinkStart	327864795
31,5	BlinkEnd	327873917
5	0DropFeed	327873997
31	Feed	327874077
8,54,2,41	BlinkStart	327874269
8,54,2,41	BlinkEnd	327876926
2	Feed	327877006
41	Feed	327877086
31,5	BlinkStart	327877248
31,5	BlinkEnd	327889026
5	0DropFeed	327889107
31	Feed	327889187
8,54,2,41	BlinkStart	327889345
8,54,2,41	BlinkEnd	327892327
2	Feed	327892407
41	Feed	327892487
31,5	BlinkStart	327892648
31,5	BlinkEnd	327906648
5	0DropFeed	327906728
31	Feed	327906808
8,54,2,41	BlinkStart	327906983
8,54,2,41	BlinkEnd	327909655
2	Feed	327909735
41	Feed	327909815
31,5	BlinkStart	327909969
31,5	BlinkEnd	327923615
5	0DropFeed	327923695
31	Feed	327923775
8,54,2,41	BlinkStart	327923949
8,54,2,41	BlinkEnd	327926683
2	Feed	327926763
41	Feed	327926843
31,5	BlinkStart	327927007
31,5	BlinkEnd	327939257
5	0DropFeed	327939337
31	Feed	327939417
8,54,2,41	BlinkStart	327939576
8,54,2,41	BlinkEnd	327941904
2	Feed	327941984
41	Feed	327942064
31,5	BlinkStart	327942243
31,5	BlinkEnd	327955442
5	0DropFeed	327955522
31	Feed	327955602
8,54,2,41	BlinkStart	327955759
8,54,2,41	BlinkEnd	327958692
2	Feed	327958772
41	Feed	327958852
31,5	BlinkStart	327959010
31,5	BlinkEnd	327972950
5	0DropFeed	327973030
31	Feed	327973110
8,54,2,41	BlinkStart	327973306
8,54,2,41	BlinkEnd	327975898
2	Feed	327975978
41	Feed	327976058
31,5	BlinkStart	327976249
31,5	BlinkEnd	327989797
5	0DropFeed	327989877
31	Feed	327989957
8,54,2,41	BlinkStart	327990107
8,54,2,41	BlinkEnd	327993406
8	Feed	327993486
54	Feed	327993567
31,5	BlinkStart	327993729
31,5	BlinkEnd	328004731
5	0DropFeed	328004811
31	Feed	328004891
8,54,2,41	BlinkStart	328005051
8,54,2,41	BlinkEnd	328008028
2	Feed	328008108
41	Feed	328008188
30,5	BlinkStart	328008332
30,5	BlinkEnd	328021684
5	0DropFeed	328021764
30	Feed	328021844
8,54,2,41	BlinkStart	328022010
8,54,2,41	BlinkEnd	328024813
2	Feed	328024893
41	Feed	328024973
29,5	BlinkStart	328025123
29,5	BlinkEnd	328040156
5	0DropFeed	328040236
29	Feed	328040317
8,54,2,41	BlinkStart	328040489
8,54,2,41	BlinkEnd	328042865
2	Feed	328042945
41	Feed	328043025
28,5	BlinkStart	328043211
28,5	BlinkEnd	328056039
5	0DropFeed	328056119
28	Feed	328056200
8,54,2,41	BlinkStart	328056370
8,54,2,41	BlinkEnd	328059227
2	Feed	328059307
41	Feed	328059387
27,5	BlinkStart	328059565
27,5	BlinkEnd	328073426
5	0DropFeed	328073506
27	Feed	328073587
8,54,2,41	BlinkStart	328073748
8,54,2,41	BlinkEnd	328076375
2	Feed	328076455
41	Feed	328076535
26,5	BlinkStart	328076691
26,5	BlinkEnd	328089913
5	0DropFeed	328089993
26	Feed	328090073
8,54,2,41	BlinkStart	328090256
8,54,2,41	BlinkEnd	328094124
8	Feed	328094204
54	Feed	328094284
25,5	BlinkStart	328094439
25,5	BlinkEnd	328104292
5	0DropFeed	328104372
25	Feed	328104452
8,54,2,41	BlinkStart	328104631
8,54,2,41	BlinkEnd	328108143
2	Feed	328108223
41	Feed	328108303
23,5	BlinkStart	328108465
23,5	BlinkEnd	328121739
5	0DropFeed	328121819
23	NoFeedAbort	328121899
1	BlinkStart	328131972
1	BlinkEnd	328160427
1	NoFeedLowProb	328160507
4,45	BlinkStart	328160616
4,45	BlinkEnd	328163494
4	Feed	328163575
45	Feed	328163655
1	BlinkStart	328163835
1	BlinkEnd	328178115
1	NoFeedLowProb	328178195
4,45	BlinkStart	328178313
4,45	BlinkEnd	328181312
4	Feed	328181392
45	Feed	328181472
1	BlinkStart	328181624
1	BlinkEnd	328193698
1	NoFeedLowProb	328193778
4,45	BlinkStart	328193883
4,45	BlinkEnd	328196526
4	Feed	328196606
45	Feed	328196686
22,1	BlinkStart	328196823
22,1	BlinkEnd	328209642
1	0DropFeed	328209722
22	Feed	328209802
4,45,6	BlinkStart	328209953
4,45,6	BlinkEnd	328212650
4	Feed	328212730
45	Feed	328212810
22,1	BlinkStart	328212964
22,1	BlinkEnd	328226007
1	0DropFeed	328226087
22	Feed	328226167
4,45,6	BlinkStart	328226347
4,45,6	BlinkEnd	328228715
6	0DropFeed	328228795
22,1	BlinkStart	328228953
22,1	BlinkEnd	328233288
1	0DropFeed	328233368
22	Feed	328233449
4,45,6	BlinkStart	328233604
4,45,6	BlinkEnd	328236475
4	Feed	328236555
45	Feed	328236635
22,1	BlinkStart	328236779
22,1	BlinkEnd	328250433
1	0DropFeed	328250513
22	Feed	328250593
4,45,6	BlinkStart	328250761
4,45,6	BlinkEnd	328253141
6	0DropFeed	328253221
22,1	BlinkStart	328253384
22,1	BlinkEnd	328258015
1	0DropFeed	328258095
22	Feed	328258175
4,45,6	BlinkStart	328258329
4,45,6	BlinkEnd	328261145
4	Feed	328261225
45	Feed	328261306
22,1	BlinkStart	328261464
22,1	BlinkEnd	328274380
1	0DropFeed	328274460
22	Feed	328274540
4,45,6	BlinkStart	328274692
4,45,6	BlinkEnd	328277163
4	Feed	328277243
45	Feed	328277323
22,1	BlinkStart	328277509
22,1	BlinkEnd	328310960
1	0DropFeed	328311040
22	Feed	328311120
4,45,6	BlinkStart	328311304
4,45,6	BlinkEnd	328314270
4	Feed	328314350
45	Feed	328314430
22,1	BlinkStart	328314589
22,1	BlinkEnd	328329371
1	0DropFeed	328329451
22	Feed	328329531
4,45,6	BlinkStart	328329688
4,45,6	BlinkEnd	328332921
4	Feed	328333001
45	Feed	328333081
22,1	BlinkStart	328333224
22,1	BlinkEnd	328348810
1	0DropFeed	328348890
22	Feed	328348970
4,45,6	BlinkStart	328349133
4,45,6	BlinkEnd	328352115
6	0DropFeed	328352195
21,1	BlinkStart	328352357
21,1	BlinkEnd	328385446
1	0DropFeed	328385526
21	Feed	328385606
4,45,6	BlinkStart	328385761
4,45,6	BlinkEnd	328390381
4	Feed	328390461
45	Feed	328390541
20,1	BlinkStart	328390687
20,1	BlinkEnd	328412159
1	0DropFeed	328412239
20	Feed	328412319
4,45,6	BlinkStart	328412472
4,45,6	BlinkEnd	328415769
6	0DropFeed	328415850
19,1	BlinkStart	328416032
19,1	BlinkEnd	328462400
1	0DropFeed	328462480
19	Feed	328462560
4,45,6	BlinkStart	328462723
4,45,6	BlinkEnd	328466317
6	0DropFeed	328466397
18,1	BlinkStart	328466559
18,1	BlinkEnd	328479612
1	0DropFeed	328479692
18	Feed	328479772
4,45,6	BlinkStart	328479943
4,45,6	BlinkEnd	328484600
4	Feed	328484680
45	Feed	328484760
17,1	BlinkStart	328484916
17,1	BlinkEnd	328517451
1	0DropFeed	328517531
17	Feed	328517611
4,45,6	BlinkStart	328517783
4,45,6	BlinkEnd	328696371
