Ver1.3	1376510	StartFile	7/22/2020	9:19:18 AM	E:\BehavioralExperiments\Ratzo\RatData_Ratzo\Rawdata\072220A\SoundData.txt	1376510
2000663	Triggered	5,23,24,25,26,27,28,29,30,31,	 NoSound	40	2	2000663
2000865	Triggered	5,23,24,25,26,27,28,29,30,31,	 StopSoundShort	40	2	2000865
2038494	Triggered	1,14,15,16,17,18,19,20,21,22,	 NoSound	40	2	2038494
2044712	Triggered	6,47,48,49,50,51,	 NoSound	40	2	2044712
2060285	Triggered	1,14,15,16,17,18,19,20,21,22,	 NoSound	40	2	2060285
2060486	Triggered	1,14,15,16,17,18,19,20,21,22,	 PureTone-1kHz	40	2	2060486
2066903	Triggered	4,42,43,44,45,46,	 NoSound	40	2	2066903
2067104	Triggered	4,42,43,44,45,46,	 File_beep1	40	2	2067104
2085686	Triggered	1,14,15,16,17,18,19,20,21,22,	 NoSound	40	2	2085686
2085899	Triggered	1,14,15,16,17,18,19,20,21,22,	 StopSoundLong	40	2	2085899
2105469	Triggered	5,23,24,25,26,27,28,29,30,31,	 NoSound	40	2	2105469
2110014	Triggered	2,37,38,39,40,41,	 NoSound	40	2	2110014
2110217	Triggered	2,37,38,39,40,41,	 File_beep5	40	2	2110217
2131938	Triggered	5,23,24,25,26,27,28,29,30,31,	 NoSound	40	2	2131938
2132142	Triggered	5,23,24,25,26,27,28,29,30,31,	 PureTone-9kHz	40	2	2132142
2136020	Triggered	2,37,38,39,40,41,	 NoSound	40	2	2136020
2136222	Triggered	2,37,38,39,40,41,	 File_beep5	40	2	2136222
2153261	Triggered	5,23,24,25,26,27,28,29,30,31,	 NoSound	40	2	2153261
2153463	Triggered	5,23,24,25,26,27,28,29,30,31,	 PureTone-7kHz	40	2	2153463
2156814	Triggered	2,37,38,39,40,41,	 NoSound	40	2	2156814
2157018	Triggered	2,37,38,39,40,41,	 File_beep5	40	2	2157018
2172243	Triggered	5,23,24,25,26,27,28,29,30,31,	 NoSound	40	2	2172243
2172445	Triggered	5,23,24,25,26,27,28,29,30,31,	 PureTone-5kHz	40	2	2172445
2177591	Triggered	2,37,38,39,40,41,	 NoSound	40	2	2177591
2177826	Triggered	2,37,38,39,40,41,	 File_beep5	40	2	2177826
2194902	Triggered	5,23,24,25,26,27,28,29,30,31,	 NoSound	40	2	2194902
2195106	Triggered	5,23,24,25,26,27,28,29,30,31,	 PureTone-3kHz	40	2	2195106
2198979	Triggered	2,37,38,39,40,41,	 NoSound	40	2	2198979
2199182	Triggered	2,37,38,39,40,41,	 File_beep5	40	2	2199182
2213417	Triggered	5,23,24,25,26,27,28,29,30,31,	 NoSound	40	2	2213417
2213620	Triggered	5,23,24,25,26,27,28,29,30,31,	 PureTone-2kHz	40	2	2213620
2216960	Triggered	2,37,38,39,40,41,	 NoSound	40	2	2216960
2217162	Triggered	2,37,38,39,40,41,	 File_beep5	40	2	2217162
2234004	Triggered	5,23,24,25,26,27,28,29,30,31,	 NoSound	40	2	2234004
2234205	Triggered	5,23,24,25,26,27,28,29,30,31,	 PureTone-1kHz	40	2	2234205
2237414	Triggered	2,37,38,39,40,41,	 NoSound	40	2	2237414
2237615	Triggered	2,37,38,39,40,41,	 File_beep5	40	2	2237615
2251649	Triggered	5,23,24,25,26,27,28,29,30,31,	 NoSound	40	2	2251649
2251851	Triggered	5,23,24,25,26,27,28,29,30,31,	 StopSoundShort	40	2	2251851
2264282	Triggered	1,14,15,16,17,18,19,20,21,22,	 NoSound	40	2	2264282
2267758	Triggered	4,42,43,44,45,46,	 NoSound	40	2	2267758
2267960	Triggered	4,42,43,44,45,46,	 File_beep4	40	2	2267960
2279790	Triggered	1,14,15,16,17,18,19,20,21,22,	 NoSound	40	2	2279790
2280005	Triggered	1,14,15,16,17,18,19,20,21,22,	 PureTone-1kHz	40	2	2280005
2283333	Triggered	4,42,43,44,45,46,	 NoSound	40	2	2283333
2283536	Triggered	4,42,43,44,45,46,	 File_beep4	40	2	2283536
2296300	Triggered	1,14,15,16,17,18,19,20,21,22,	 NoSound	40	2	2296300
2296501	Triggered	1,14,15,16,17,18,19,20,21,22,	 StopSoundLong	40	2	2296501
2311474	Triggered	2,37,38,39,40,41,	 NoSound	40	2	2311474
2311679	Triggered	2,37,38,39,40,41,	 File_beep2	40	2	2311679
2321165	Triggered	5,23,24,25,26,27,28,29,30,31,	 NoSound	40	2	2321165
2321382	Triggered	5,23,24,25,26,27,28,29,30,31,	 PureTone-9kHz	40	2	2321382
2324708	Triggered	2,37,38,39,40,41,	 NoSound	40	2	2324708
2324911	Triggered	2,37,38,39,40,41,	 File_beep2	40	2	2324911
2335069	Triggered	5,23,24,25,26,27,28,29,30,31,	 NoSound	40	2	2335069
2335274	Triggered	5,23,24,25,26,27,28,29,30,31,	 PureTone-7kHz	40	2	2335274
2338676	Triggered	2,37,38,39,40,41,	 NoSound	40	2	2338676
2338876	Triggered	2,37,38,39,40,41,	 File_beep2	40	2	2338876
2349638	Triggered	5,23,24,25,26,27,28,29,30,31,	 NoSound	40	2	2349638
2349843	Triggered	5,23,24,25,26,27,28,29,30,31,	 PureTone-5kHz	40	2	2349843
2353983	Triggered	2,37,38,39,40,41,	 NoSound	40	2	2353983
2354185	Triggered	2,37,38,39,40,41,	 File_beep2	40	2	2354185
2364143	Triggered	5,23,24,25,26,27,28,29,30,31,	 NoSound	40	2	2364143
2364346	Triggered	5,23,24,25,26,27,28,29,30,31,	 PureTone-3kHz	40	2	2364346
2368421	Triggered	2,37,38,39,40,41,	 NoSound	40	2	2368421
2368623	Triggered	2,37,38,39,40,41,	 File_beep2	40	2	2368623
2379115	Triggered	5,23,24,25,26,27,28,29,30,31,	 NoSound	40	2	2379115
2379318	Triggered	5,23,24,25,26,27,28,29,30,31,	 PureTone-2kHz	40	2	2379318
2382860	Triggered	2,37,38,39,40,41,	 NoSound	40	2	2382860
2383062	Triggered	2,37,38,39,40,41,	 File_beep2	40	2	2383062
2392684	Triggered	5,23,24,25,26,27,28,29,30,31,	 NoSound	40	2	2392684
2392887	Triggered	5,23,24,25,26,27,28,29,30,31,	 PureTone-1kHz	40	2	2392887
2396629	Triggered	2,37,38,39,40,41,	 NoSound	40	2	2396629
2396831	Triggered	2,37,38,39,40,41,	 File_beep2	40	2	2396831
2406119	Triggered	5,23,24,25,26,27,28,29,30,31,	 NoSound	40	2	2406119
2406319	Triggered	5,23,24,25,26,27,28,29,30,31,	 StopSoundShort	40	2	2406319
2426639	Triggered	1,14,15,16,17,18,19,20,21,22,	 NoSound	40	2	2426639
2430784	Triggered	4,42,43,44,45,46,	 NoSound	40	2	2430784
2430985	Triggered	4,42,43,44,45,46,	 File_beep1	40	2	2430985
2439272	Triggered	1,14,15,16,17,18,19,20,21,22,	 NoSound	40	2	2439272
2439474	Triggered	1,14,15,16,17,18,19,20,21,22,	 PureTone-1kHz	40	2	2439474
2444626	Triggered	4,42,43,44,45,46,	 NoSound	40	2	2444626
2444826	Triggered	4,42,43,44,45,46,	 File_beep1	40	2	2444826
2452440	Triggered	1,14,15,16,17,18,19,20,21,22,	 NoSound	40	2	2452440
2452642	Triggered	1,14,15,16,17,18,19,20,21,22,	 StopSoundLong	40	2	2452642
2467412	Triggered	5,23,24,25,26,27,28,29,30,31,	 NoSound	40	2	2467412
2471097	Triggered	8,52,53,54,55,56,	 NoSound	40	2	2471097
2471298	Triggered	8,52,53,54,55,56,	 File_beep2	40	2	2471298
2483053	Triggered	5,23,24,25,26,27,28,29,30,31,	 NoSound	40	2	2483053
2483255	Triggered	5,23,24,25,26,27,28,29,30,31,	 PureTone-9kHz	40	2	2483255
2487197	Triggered	2,37,38,39,40,41,	 NoSound	40	2	2487197
2487399	Triggered	2,37,38,39,40,41,	 File_beep3	40	2	2487399
2497163	Triggered	5,23,24,25,26,27,28,29,30,31,	 NoSound	40	2	2497163
2497365	Triggered	5,23,24,25,26,27,28,29,30,31,	 PureTone-7kHz	40	2	2497365
2500565	Triggered	2,37,38,39,40,41,	 NoSound	40	2	2500565
2500767	Triggered	2,37,38,39,40,41,	 File_beep3	40	2	2500767
2512730	Triggered	5,23,24,25,26,27,28,29,30,31,	 NoSound	40	2	2512730
2512934	Triggered	5,23,24,25,26,27,28,29,30,31,	 PureTone-5kHz	40	2	2512934
2515806	Triggered	2,37,38,39,40,41,	 NoSound	40	2	2515806
2516007	Triggered	2,37,38,39,40,41,	 File_beep3	40	2	2516007
2529243	Triggered	5,23,24,25,26,27,28,29,30,31,	 NoSound	40	2	2529243
2529445	Triggered	5,23,24,25,26,27,28,29,30,31,	 PureTone-3kHz	40	2	2529445
2532516	Triggered	2,37,38,39,40,41,	 NoSound	40	2	2532516
2532718	Triggered	2,37,38,39,40,41,	 File_beep3	40	2	2532718
2544747	Triggered	5,23,24,25,26,27,28,29,30,31,	 NoSound	40	2	2544747
2544950	Triggered	5,23,24,25,26,27,28,29,30,31,	 PureTone-2kHz	40	2	2544950
2548358	Triggered	2,37,38,39,40,41,	 NoSound	40	2	2548358
2548559	Triggered	2,37,38,39,40,41,	 File_beep3	40	2	2548559
2560255	Triggered	5,23,24,25,26,27,28,29,30,31,	 NoSound	40	2	2560255
2560470	Triggered	5,23,24,25,26,27,28,29,30,31,	 PureTone-1kHz	40	2	2560470
2564131	Triggered	2,37,38,39,40,41,	 NoSound	40	2	2564131
2564333	Triggered	2,37,38,39,40,41,	 File_beep3	40	2	2564333
2575092	Triggered	5,23,24,25,26,27,28,29,30,31,	 NoSound	40	2	2575092
2575295	Triggered	5,23,24,25,26,27,28,29,30,31,	 StopSoundShort	40	2	2575295
2590331	Triggered	1,14,15,16,17,18,19,20,21,22,	 NoSound	40	2	2590331
2593808	Triggered	6,47,48,49,50,51,	 NoSound	40	2	2593808
2594010	Triggered	6,47,48,49,50,51,	 File_beep4	40	2	2594010
2608654	Triggered	1,14,15,16,17,18,19,20,21,22,	 NoSound	40	2	2608654
2608856	Triggered	1,14,15,16,17,18,19,20,21,22,	 PureTone-1kHz	40	2	2608856
2612791	Triggered	4,42,43,44,45,46,	 NoSound	40	2	2612791
2612992	Triggered	4,42,43,44,45,46,	 File_beep2	40	2	2612992
2623886	Triggered	1,14,15,16,17,18,19,20,21,22,	 NoSound	40	2	2623886
2624088	Triggered	1,14,15,16,17,18,19,20,21,22,	 StopSoundLong	40	2	2624088
2634179	Triggered	5,23,24,25,26,27,28,29,30,31,	 NoSound	40	2	2634179
2639729	Triggered	8,52,53,54,55,56,	 NoSound	40	2	2639729
2639931	Triggered	8,52,53,54,55,56,	 File_beep5	40	2	2639931
2653965	Triggered	5,23,24,25,26,27,28,29,30,31,	 NoSound	40	2	2653965
2654171	Triggered	5,23,24,25,26,27,28,29,30,31,	 PureTone-9kHz	40	2	2654171
2657107	Triggered	8,52,53,54,55,56,	 NoSound	40	2	2657107
2657309	Triggered	8,52,53,54,55,56,	 File_beep5	40	2	2657309
2672012	Triggered	5,23,24,25,26,27,28,29,30,31,	 NoSound	40	2	2672012
2672215	Triggered	5,23,24,25,26,27,28,29,30,31,	 PureTone-7kHz	40	2	2672215
2675086	Triggered	8,52,53,54,55,56,	 NoSound	40	2	2675086
2675289	Triggered	8,52,53,54,55,56,	 File_beep5	40	2	2675289
2689390	Triggered	5,23,24,25,26,27,28,29,30,31,	 NoSound	40	2	2689390
2689593	Triggered	5,23,24,25,26,27,28,29,30,31,	 PureTone-5kHz	40	2	2689593
2692801	Triggered	8,52,53,54,55,56,	 NoSound	40	2	2692801
2693004	Triggered	8,52,53,54,55,56,	 File_beep5	40	2	2693004
2707103	Triggered	5,23,24,25,26,27,28,29,30,31,	 NoSound	40	2	2707103
2707306	Triggered	5,23,24,25,26,27,28,29,30,31,	 PureTone-3kHz	40	2	2707306
2710245	Triggered	8,52,53,54,55,56,	 NoSound	40	2	2710245
2710447	Triggered	8,52,53,54,55,56,	 File_beep5	40	2	2710447
2725016	Triggered	5,23,24,25,26,27,28,29,30,31,	 NoSound	40	2	2725016
2725219	Triggered	5,23,24,25,26,27,28,29,30,31,	 PureTone-2kHz	40	2	2725219
2727956	Triggered	8,52,53,54,55,56,	 NoSound	40	2	2727956
2728159	Triggered	8,52,53,54,55,56,	 File_beep5	40	2	2728159
2741927	Triggered	5,23,24,25,26,27,28,29,30,31,	 NoSound	40	2	2741927
2742129	Triggered	5,23,24,25,26,27,28,29,30,31,	 PureTone-1kHz	40	2	2742129
2745604	Triggered	8,52,53,54,55,56,	 NoSound	40	2	2745604
2745818	Triggered	8,52,53,54,55,56,	 File_beep5	40	2	2745818
2759708	Triggered	5,23,24,25,26,27,28,29,30,31,	 NoSound	40	2	2759708
2759908	Triggered	5,23,24,25,26,27,28,29,30,31,	 StopSoundShort	40	2	2759908
2780428	Triggered	1,14,15,16,17,18,19,20,21,22,	 NoSound	40	2	2780428
2783903	Triggered	6,47,48,49,50,51,	 NoSound	40	2	2783903
2784106	Triggered	6,47,48,49,50,51,	 File_beep3	40	2	2784106
2796403	Triggered	1,14,15,16,17,18,19,20,21,22,	 NoSound	40	2	2796403
2796604	Triggered	1,14,15,16,17,18,19,20,21,22,	 PureTone-1kHz	40	2	2796604
2802017	Triggered	4,42,43,44,45,46,	 NoSound	40	2	2802017
2802231	Triggered	4,42,43,44,45,46,	 File_beep4	40	2	2802231
2817992	Triggered	1,14,15,16,17,18,19,20,21,22,	 NoSound	40	2	2817992
2818195	Triggered	1,14,15,16,17,18,19,20,21,22,	 StopSoundLong	40	2	2818195
2831895	Triggered	5,23,24,25,26,27,28,29,30,31,	 NoSound	40	2	2831895
2836039	Triggered	8,52,53,54,55,56,	 NoSound	40	2	2836039
2836241	Triggered	8,52,53,54,55,56,	 File_beep3	40	2	2836241
2847468	Triggered	5,23,24,25,26,27,28,29,30,31,	 NoSound	40	2	2847468
2847672	Triggered	5,23,24,25,26,27,28,29,30,31,	 PureTone-9kHz	40	2	2847672
2850877	Triggered	8,52,53,54,55,56,	 NoSound	40	2	2850877
2851080	Triggered	8,52,53,54,55,56,	 File_beep3	40	2	2851080
2861505	Triggered	5,23,24,25,26,27,28,29,30,31,	 NoSound	40	2	2861505
2861708	Triggered	5,23,24,25,26,27,28,29,30,31,	 PureTone-7kHz	40	2	2861708
2864915	Triggered	8,52,53,54,55,56,	 NoSound	40	2	2864915
2865116	Triggered	8,52,53,54,55,56,	 File_beep3	40	2	2865116
2877548	Triggered	5,23,24,25,26,27,28,29,30,31,	 NoSound	40	2	2877548
2877751	Triggered	5,23,24,25,26,27,28,29,30,31,	 PureTone-5kHz	40	2	2877751
2880689	Triggered	8,52,53,54,55,56,	 NoSound	40	2	2880689
2880891	Triggered	8,52,53,54,55,56,	 File_beep3	40	2	2880891
2892453	Triggered	5,23,24,25,26,27,28,29,30,31,	 NoSound	40	2	2892453
2892655	Triggered	5,23,24,25,26,27,28,29,30,31,	 PureTone-3kHz	40	2	2892655
2895935	Triggered	8,52,53,54,55,56,	 NoSound	40	2	2895935
2896138	Triggered	8,52,53,54,55,56,	 File_beep3	40	2	2896138
2911503	Triggered	5,23,24,25,26,27,28,29,30,31,	 NoSound	40	2	2911503
2911717	Triggered	5,23,24,25,26,27,28,29,30,31,	 PureTone-2kHz	40	2	2911717
2915180	Triggered	8,52,53,54,55,56,	 NoSound	40	2	2915180
2915381	Triggered	8,52,53,54,55,56,	 File_beep3	40	2	2915381
2927544	Triggered	5,23,24,25,26,27,28,29,30,31,	 NoSound	40	2	2927544
2927746	Triggered	5,23,24,25,26,27,28,29,30,31,	 PureTone-1kHz	40	2	2927746
2930956	Triggered	8,52,53,54,55,56,	 NoSound	40	2	2930956
2931157	Triggered	8,52,53,54,55,56,	 File_beep3	40	2	2931157
2942850	Triggered	5,23,24,25,26,27,28,29,30,31,	 NoSound	40	2	2942850
2943050	Triggered	5,23,24,25,26,27,28,29,30,31,	 StopSoundShort	40	2	2943050
2957155	Triggered	1,14,15,16,17,18,19,20,21,22,	 NoSound	40	2	2957155
2960765	Triggered	4,42,43,44,45,46,	 NoSound	40	2	2960765
2967782	Triggered	1,14,15,16,17,18,19,20,21,22,	 NoSound	40	2	2967782
2967984	Triggered	1,14,15,16,17,18,19,20,21,22,	 PureTone-1kHz	40	2	2967984
2974733	Triggered	6,47,48,49,50,51,	 NoSound	40	2	2974733
2974936	Triggered	6,47,48,49,50,51,	 File_beep4	40	2	2974936
2991042	Triggered	1,14,15,16,17,18,19,20,21,22,	 NoSound	40	2	2991042
2991244	Triggered	1,14,15,16,17,18,19,20,21,22,	 StopSoundLong	40	2	2991244
3007286	Triggered	5,23,24,25,26,27,28,29,30,31,	 NoSound	40	2	3007286
3010761	Triggered	2,37,38,39,40,41,	 NoSound	40	2	3010761
3010962	Triggered	2,37,38,39,40,41,	 File_beep1	40	2	3010962
3018514	Triggered	5,23,24,25,26,27,28,29,30,31,	 NoSound	40	2	3018514
3018718	Triggered	5,23,24,25,26,27,28,29,30,31,	 PureTone-9kHz	40	2	3018718
3022392	Triggered	8,52,53,54,55,56,	 NoSound	40	2	3022392
3022593	Triggered	8,52,53,54,55,56,	 File_beep2	40	2	3022593
3031348	Triggered	5,23,24,25,26,27,28,29,30,31,	 NoSound	40	2	3031348
3031551	Triggered	5,23,24,25,26,27,28,29,30,31,	 PureTone-7kHz	40	2	3031551
3034624	Triggered	8,52,53,54,55,56,	 NoSound	40	2	3034624
3034825	Triggered	8,52,53,54,55,56,	 File_beep2	40	2	3034825
3044515	Triggered	5,23,24,25,26,27,28,29,30,31,	 NoSound	40	2	3044515
3044720	Triggered	5,23,24,25,26,27,28,29,30,31,	 PureTone-5kHz	40	2	3044720
3048059	Triggered	8,52,53,54,55,56,	 NoSound	40	2	3048059
3048260	Triggered	8,52,53,54,55,56,	 File_beep2	40	2	3048260
3060959	Triggered	5,23,24,25,26,27,28,29,30,31,	 NoSound	40	2	3060959
3061161	Triggered	5,23,24,25,26,27,28,29,30,31,	 PureTone-3kHz	40	2	3061161
3064434	Triggered	8,52,53,54,55,56,	 NoSound	40	2	3064434
3064634	Triggered	8,52,53,54,55,56,	 File_beep2	40	2	3064634
3076198	Triggered	5,23,24,25,26,27,28,29,30,31,	 NoSound	40	2	3076198
3076399	Triggered	5,23,24,25,26,27,28,29,30,31,	 PureTone-2kHz	40	2	3076399
3079885	Triggered	8,52,53,54,55,56,	 NoSound	40	2	3079885
3080086	Triggered	8,52,53,54,55,56,	 File_beep2	40	2	3080086
3090636	Triggered	5,23,24,25,26,27,28,29,30,31,	 NoSound	40	2	3090636
3090837	Triggered	5,23,24,25,26,27,28,29,30,31,	 PureTone-1kHz	40	2	3090837
3094647	Triggered	8,52,53,54,55,56,	 NoSound	40	2	3094647
3094848	Triggered	8,52,53,54,55,56,	 File_beep2	40	2	3094848
3107613	Triggered	5,23,24,25,26,27,28,29,30,31,	 NoSound	40	2	3107613
3107814	Triggered	5,23,24,25,26,27,28,29,30,31,	 StopSoundShort	40	2	3107814
3130673	Triggered	1,14,15,16,17,18,19,20,21,22,	 NoSound	40	2	3130673
3134356	Triggered	6,47,48,49,50,51,	 NoSound	40	2	3134356
3134557	Triggered	6,47,48,49,50,51,	 File_beep3	40	2	3134557
3146247	Triggered	1,14,15,16,17,18,19,20,21,22,	 NoSound	40	2	3146247
3146449	Triggered	1,14,15,16,17,18,19,20,21,22,	 PureTone-1kHz	40	2	3146449
3150526	Triggered	4,42,43,44,45,46,	 NoSound	40	2	3150526
3150728	Triggered	4,42,43,44,45,46,	 File_beep4	40	2	3150728
3166978	Triggered	1,14,15,16,17,18,19,20,21,22,	 NoSound	40	2	3166978
3167179	Triggered	1,14,15,16,17,18,19,20,21,22,	 StopSoundLong	40	2	3167179
3181205	Triggered	5,23,24,25,26,27,28,29,30,31,	 NoSound	40	2	3181205
3184480	Triggered	8,52,53,54,55,56,	 NoSound	40	2	3184480
3184681	Triggered	8,52,53,54,55,56,	 File_beep1	40	2	3184681
3193504	Triggered	5,23,24,25,26,27,28,29,30,31,	 NoSound	40	2	3193504
3193706	Triggered	5,23,24,25,26,27,28,29,30,31,	 PureTone-9kHz	40	2	3193706
3196913	Triggered	8,52,53,54,55,56,	 NoSound	40	2	3196913
3197113	Triggered	8,52,53,54,55,56,	 File_beep1	40	2	3197113
3211087	Triggered	5,23,24,25,26,27,28,29,30,31,	 NoSound	40	2	3211087
3211290	Triggered	5,23,24,25,26,27,28,29,30,31,	 PureTone-7kHz	40	2	3211290
3215696	Triggered	2,37,38,39,40,41,	 NoSound	40	2	3215696
3215899	Triggered	2,37,38,39,40,41,	 File_beep5	40	2	3215899
3232873	Triggered	5,23,24,25,26,27,28,29,30,31,	 NoSound	40	2	3232873
3233076	Triggered	5,23,24,25,26,27,28,29,30,31,	 PureTone-5kHz	40	2	3233076
3236081	Triggered	8,52,53,54,55,56,	 NoSound	40	2	3236081
3236283	Triggered	8,52,53,54,55,56,	 File_beep1	40	2	3236283
3256267	Triggered	5,23,24,25,26,27,28,29,30,31,	 NoSound	40	2	3256267
3256469	Triggered	5,23,24,25,26,27,28,29,30,31,	 PureTone-3kHz	40	2	3256469
3260078	Triggered	8,52,53,54,55,56,	 NoSound	40	2	3260078
3260280	Triggered	8,52,53,54,55,56,	 File_beep1	40	2	3260280
3268298	Triggered	5,23,24,25,26,27,28,29,30,31,	 NoSound	40	2	3268298
3268500	Triggered	5,23,24,25,26,27,28,29,30,31,	 PureTone-2kHz	40	2	3268500
3272443	Triggered	2,37,38,39,40,41,	 NoSound	40	2	3272443
3272647	Triggered	2,37,38,39,40,41,	 File_beep5	40	2	3272647
3287080	Triggered	5,23,24,25,26,27,28,29,30,31,	 NoSound	40	2	3287080
3287283	Triggered	5,23,24,25,26,27,28,29,30,31,	 PureTone-1kHz	40	2	3287283
3291493	Triggered	2,37,38,39,40,41,	 NoSound	40	2	3291493
3291696	Triggered	2,37,38,39,40,41,	 File_beep5	40	2	3291696
3309473	Triggered	5,23,24,25,26,27,28,29,30,31,	 NoSound	40	2	3309473
3309674	Triggered	5,23,24,25,26,27,28,29,30,31,	 StopSoundShort	40	2	3309674
3324979	Triggered	1,14,15,16,17,18,19,20,21,22,	 NoSound	40	2	3324979
3328388	Triggered	4,42,43,44,45,46,	 NoSound	40	2	3328388
3328590	Triggered	4,42,43,44,45,46,	 File_beep3	40	2	3328590
3343227	Triggered	1,14,15,16,17,18,19,20,21,22,	 NoSound	40	2	3343227
3343429	Triggered	1,14,15,16,17,18,19,20,21,22,	 PureTone-1kHz	40	2	3343429
3347577	Triggered	6,47,48,49,50,51,	 NoSound	40	2	3347577
3347778	Triggered	6,47,48,49,50,51,	 File_beep1	40	2	3347778
3363615	Triggered	1,14,15,16,17,18,19,20,21,22,	 NoSound	40	2	3363615
3363816	Triggered	1,14,15,16,17,18,19,20,21,22,	 StopSoundLong	40	2	3363816
3380525	Triggered	2,37,38,39,40,41,	 NoSound	40	2	3380525
3399374	Triggered	5,23,24,25,26,27,28,29,30,31,	 NoSound	40	2	3399374
3399577	Triggered	5,23,24,25,26,27,28,29,30,31,	 PureTone-9kHz	40	2	3399577
3403851	Triggered	8,52,53,54,55,56,	 NoSound	40	2	3403851
3404054	Triggered	8,52,53,54,55,56,	 File_beep2	40	2	3404054
3773079	Triggered	5,23,24,25,26,27,28,29,30,31,	 NoSound	40	2	3773079
3773283	Triggered	5,23,24,25,26,27,28,29,30,31,	 PureTone-7kHz	40	2	3773283
3777493	Triggered	8,52,53,54,55,56,	 NoSound	40	2	3777493
3777694	Triggered	8,52,53,54,55,56,	 File_beep2	40	2	3777694
3792998	Triggered	5,23,24,25,26,27,28,29,30,31,	 NoSound	40	2	3792998
3793201	Triggered	5,23,24,25,26,27,28,29,30,31,	 PureTone-5kHz	40	2	3793201
3797076	Triggered	8,52,53,54,55,56,	 NoSound	40	2	3797076
3797278	Triggered	8,52,53,54,55,56,	 File_beep2	40	2	3797278
3808172	Triggered	5,23,24,25,26,27,28,29,30,31,	 NoSound	40	2	3808172
3808375	Triggered	5,23,24,25,26,27,28,29,30,31,	 PureTone-3kHz	40	2	3808375
3812722	Triggered	8,52,53,54,55,56,	 NoSound	40	2	3812722
3812923	Triggered	8,52,53,54,55,56,	 File_beep2	40	2	3812923
3824482	Triggered	5,23,24,25,26,27,28,29,30,31,	 NoSound	40	2	3824482
3824684	Triggered	5,23,24,25,26,27,28,29,30,31,	 PureTone-2kHz	40	2	3824684
3828365	Triggered	8,52,53,54,55,56,	 NoSound	40	2	3828365
3828567	Triggered	8,52,53,54,55,56,	 File_beep2	40	2	3828567
3841391	Triggered	5,23,24,25,26,27,28,29,30,31,	 NoSound	40	2	3841391
3841594	Triggered	5,23,24,25,26,27,28,29,30,31,	 PureTone-1kHz	40	2	3841594
3847076	Triggered	2,37,38,39,40,41,	 NoSound	40	2	3847076
3853958	Triggered	5,23,24,25,26,27,28,29,30,31,	 NoSound	40	2	3853958
3854158	Triggered	5,23,24,25,26,27,28,29,30,31,	 StopSoundShort	40	2	3854158
3874551	Triggered	1,14,15,16,17,18,19,20,21,22,	 NoSound	40	2	3874551
3878689	Triggered	4,42,43,44,45,46,	 NoSound	40	2	3878689
3878891	Triggered	4,42,43,44,45,46,	 File_beep4	40	2	3878891
3893060	Triggered	1,14,15,16,17,18,19,20,21,22,	 NoSound	40	2	3893060
3893261	Triggered	1,14,15,16,17,18,19,20,21,22,	 PureTone-1kHz	40	2	3893261
3898073	Triggered	6,47,48,49,50,51,	 NoSound	40	2	3898073
3904690	Triggered	1,14,15,16,17,18,19,20,21,22,	 NoSound	40	2	3904690
3904892	Triggered	1,14,15,16,17,18,19,20,21,22,	 StopSoundLong	40	2	3904892
3920664	Triggered	5,23,24,25,26,27,28,29,30,31,	 NoSound	40	2	3920664
3924408	Triggered	2,37,38,39,40,41,	 NoSound	40	2	3924408
3924609	Triggered	2,37,38,39,40,41,	 File_beep2	40	2	3924609
3942789	Triggered	5,23,24,25,26,27,28,29,30,31,	 NoSound	40	2	3942789
3942994	Triggered	5,23,24,25,26,27,28,29,30,31,	 PureTone-9kHz	40	2	3942994
3946666	Triggered	8,52,53,54,55,56,	 NoSound	40	2	3946667
3946870	Triggered	8,52,53,54,55,56,	 File_beep5	40	2	3946870
3960836	Triggered	5,23,24,25,26,27,28,29,30,31,	 NoSound	40	2	3960836
3961039	Triggered	5,23,24,25,26,27,28,29,30,31,	 PureTone-7kHz	40	2	3961039
3963911	Triggered	8,52,53,54,55,56,	 NoSound	40	2	3963911
3964124	Triggered	8,52,53,54,55,56,	 File_beep5	40	2	3964124
3984702	Triggered	5,23,24,25,26,27,28,29,30,31,	 NoSound	40	2	3984702
3984906	Triggered	5,23,24,25,26,27,28,29,30,31,	 PureTone-5kHz	40	2	3984906
3988107	Triggered	8,52,53,54,55,56,	 NoSound	40	2	3988107
3988310	Triggered	8,52,53,54,55,56,	 File_beep5	40	2	3988310
4004692	Triggered	5,23,24,25,26,27,28,29,30,31,	 NoSound	40	2	4004692
4004894	Triggered	5,23,24,25,26,27,28,29,30,31,	 PureTone-3kHz	40	2	4004894
4007892	Triggered	8,52,53,54,55,56,	 NoSound	40	2	4007892
4008095	Triggered	8,52,53,54,55,56,	 File_beep5	40	2	4008095
4022397	Triggered	5,23,24,25,26,27,28,29,30,31,	 NoSound	40	2	4022397
4022600	Triggered	5,23,24,25,26,27,28,29,30,31,	 PureTone-2kHz	40	2	4022600
4025471	Triggered	8,52,53,54,55,56,	 NoSound	40	2	4025471
4025674	Triggered	8,52,53,54,55,56,	 File_beep5	40	2	4025674
4040713	Triggered	5,23,24,25,26,27,28,29,30,31,	 NoSound	40	2	4040713
4040929	Triggered	5,23,24,25,26,27,28,29,30,31,	 PureTone-1kHz	40	2	4040929
4043923	Triggered	8,52,53,54,55,56,	 NoSound	40	2	4043923
4044126	Triggered	8,52,53,54,55,56,	 File_beep5	40	2	4044126
4058091	Triggered	5,23,24,25,26,27,28,29,30,31,	 NoSound	40	2	4058091
4058293	Triggered	5,23,24,25,26,27,28,29,30,31,	 StopSoundShort	40	2	4058293
4077139	Triggered	1,14,15,16,17,18,19,20,21,22,	 NoSound	40	2	4077139
4080548	Triggered	4,42,43,44,45,46,	 NoSound	40	2	4080548
4108088	Triggered	1,14,15,16,17,18,19,20,21,22,	 NoSound	40	2	4108088
4108289	Triggered	1,14,15,16,17,18,19,20,21,22,	 PureTone-1kHz	40	2	4108289
4111763	Triggered	6,47,48,49,50,51,	 NoSound	40	2	4111763
4111964	Triggered	6,47,48,49,50,51,	 File_beep1	40	2	4111964
4141841	Triggered	1,14,15,16,17,18,19,20,21,22,	 NoSound	40	2	4141841
4142042	Triggered	1,14,15,16,17,18,19,20,21,22,	 StopSoundLong	40	2	4142042
4156880	Triggered	2,37,38,39,40,41,	 NoSound	40	2	4156880
4157083	Triggered	2,37,38,39,40,41,	 File_beep5	40	2	4157083
4170449	Triggered	5,23,24,25,26,27,28,29,30,31,	 NoSound	40	2	4170449
4170651	Triggered	5,23,24,25,26,27,28,29,30,31,	 PureTone-9kHz	40	2	4170651
4173858	Triggered	8,52,53,54,55,56,	 NoSound	40	2	4173858
4181143	Triggered	5,23,24,25,26,27,28,29,30,31,	 NoSound	40	2	4181143
4181348	Triggered	5,23,24,25,26,27,28,29,30,31,	 PureTone-7kHz	40	2	4181348
4186691	Triggered	2,37,38,39,40,41,	 NoSound	40	2	4186691
4186894	Triggered	2,37,38,39,40,41,	 File_beep5	40	2	4186894
4201730	Triggered	5,23,24,25,26,27,28,29,30,31,	 NoSound	40	2	4201730
4201935	Triggered	5,23,24,25,26,27,28,29,30,31,	 PureTone-5kHz	40	2	4201935
4206614	Triggered	8,52,53,54,55,56,	 NoSound	40	2	4206614
4252328	Triggered	5,23,24,25,26,27,28,29,30,31,	 NoSound	40	2	4252328
4252531	Triggered	5,23,24,25,26,27,28,29,30,31,	 PureTone-3kHz	40	2	4252531
4257141	Triggered	2,37,38,39,40,41,	 NoSound	40	2	4257141
4257343	Triggered	2,37,38,39,40,41,	 File_beep5	40	2	4257343
4272782	Triggered	5,23,24,25,26,27,28,29,30,31,	 NoSound	40	2	4272782
4272995	Triggered	5,23,24,25,26,27,28,29,30,31,	 PureTone-2kHz	40	2	4272995
4276993	Triggered	2,37,38,39,40,41,	 NoSound	40	2	4276993
4277197	Triggered	2,37,38,39,40,41,	 File_beep5	40	2	4277197
4292434	Triggered	5,23,24,25,26,27,28,29,30,31,	 NoSound	40	2	4292434
4292636	Triggered	5,23,24,25,26,27,28,29,30,31,	 PureTone-1kHz	40	2	4292636
4296310	Triggered	2,37,38,39,40,41,	 NoSound	40	2	4296310
4296525	Triggered	2,37,38,39,40,41,	 File_beep5	40	2	4296525
4312754	Triggered	5,23,24,25,26,27,28,29,30,31,	 NoSound	40	2	4312754
4312955	Triggered	5,23,24,25,26,27,28,29,30,31,	 StopSoundShort	40	2	4312955
4333413	Triggered	1,14,15,16,17,18,19,20,21,22,	 NoSound	40	2	4333413
4337216	Triggered	6,47,48,49,50,51,	 NoSound	40	2	4337216
4337417	Triggered	6,47,48,49,50,51,	 File_beep1	40	2	4337417
4357202	Triggered	1,14,15,16,17,18,19,20,21,22,	 NoSound	40	2	4357202
4357403	Triggered	1,14,15,16,17,18,19,20,21,22,	 PureTone-1kHz	40	2	4357403
4362082	Triggered	4,42,43,44,45,46,	 NoSound	40	2	4362082
4362284	Triggered	4,42,43,44,45,46,	 File_beep5	40	2	4362284
4378324	Triggered	1,14,15,16,17,18,19,20,21,22,	 NoSound	40	2	4378324
4378527	Triggered	1,14,15,16,17,18,19,20,21,22,	 StopSoundLong	40	2	4378527
4394232	Triggered	5,23,24,25,26,27,28,29,30,31,	 NoSound	40	2	4394232
4397386	Triggered	8,52,53,54,55,56,	 NoSound	40	2	4397386
4397588	Triggered	8,52,53,54,55,56,	 File_beep2	40	2	4397588
4408468	Triggered	5,23,24,25,26,27,28,29,30,31,	 NoSound	40	2	4408468
4408673	Triggered	5,23,24,25,26,27,28,29,30,31,	 PureTone-9kHz	40	2	4408673
4411946	Triggered	8,52,53,54,55,56,	 NoSound	40	2	4411946
4412147	Triggered	8,52,53,54,55,56,	 File_beep2	40	2	4412147
4422718	Triggered	5,23,24,25,26,27,28,29,30,31,	 NoSound	40	2	4422718
4422921	Triggered	5,23,24,25,26,27,28,29,30,31,	 PureTone-7kHz	40	2	4422921
4426716	Triggered	2,37,38,39,40,41,	 NoSound	40	2	4426716
4426919	Triggered	2,37,38,39,40,41,	 File_beep5	40	2	4426919
4440753	Triggered	5,23,24,25,26,27,28,29,30,31,	 NoSound	40	2	4440753
4440957	Triggered	5,23,24,25,26,27,28,29,30,31,	 PureTone-5kHz	40	2	4440957
4444030	Triggered	2,37,38,39,40,41,	 NoSound	40	2	4444030
4444232	Triggered	2,37,38,39,40,41,	 File_beep5	40	2	4444233
4458666	Triggered	5,23,24,25,26,27,28,29,30,31,	 NoSound	40	2	4458666
4458869	Triggered	5,23,24,25,26,27,28,29,30,31,	 PureTone-3kHz	40	2	4458869
4462480	Triggered	2,37,38,39,40,41,	 NoSound	40	2	4462480
4462683	Triggered	2,37,38,39,40,41,	 File_beep5	40	2	4462683
4478718	Triggered	5,23,24,25,26,27,28,29,30,31,	 NoSound	40	2	4478718
4478934	Triggered	5,23,24,25,26,27,28,29,30,31,	 PureTone-2kHz	40	2	4478934
4482127	Triggered	2,37,38,39,40,41,	 NoSound	40	2	4482127
4482329	Triggered	2,37,38,39,40,41,	 File_beep5	40	2	4482329
4497835	Triggered	5,23,24,25,26,27,28,29,30,31,	 NoSound	40	2	4497835
4498036	Triggered	5,23,24,25,26,27,28,29,30,31,	 PureTone-1kHz	40	2	4498036
4501379	Triggered	2,37,38,39,40,41,	 NoSound	40	2	4501379
4501582	Triggered	2,37,38,39,40,41,	 File_beep5	40	2	4501582
4517287	Triggered	5,23,24,25,26,27,28,29,30,31,	 NoSound	40	2	4517287
4517488	Triggered	5,23,24,25,26,27,28,29,30,31,	 StopSoundShort	40	2	4517488
4551040	Triggered	1,14,15,16,17,18,19,20,21,22,	 NoSound	40	2	4551040
4555185	Triggered	6,47,48,49,50,51,	 NoSound	40	2	4555185
4555388	Triggered	6,47,48,49,50,51,	 File_beep4	40	2	4555388
