Ver1.3	667843642	StartFile	4/21/2021	3:18:23 PM	E:\BehavioralExperiments\Twenty\Horizon\RawData\042121\SoundData.txt	667843642
668285205	Triggered	5,23,24,25,26,27,28,29,30,31,	 NoSound	40	2	668285205
668285418	Triggered	5,23,24,25,26,27,28,29,30,31,	 StopSoundShort	40	2	668285418
668299283	Triggered	4,42,43,44,45,46,	 NoSound	40	2	668299283
668323349	Triggered	1,14,15,16,17,18,19,20,21,22,	 NoSound	40	2	668323349
668327320	Triggered	4,42,43,44,45,46,	 NoSound	40	2	668327320
668327520	Triggered	4,42,43,44,45,46,	 File_beep1	40	2	668327520
668337909	Triggered	1,14,15,16,17,18,19,20,21,22,	 NoSound	40	2	668337909
668340978	Triggered	4,42,43,44,45,46,	 NoSound	40	2	668340978
668341180	Triggered	4,42,43,44,45,46,	 File_beep3	40	2	668341180
668353853	Triggered	1,14,15,16,17,18,19,20,21,22,	 NoSound	40	2	668353853
668354058	Triggered	1,14,15,16,17,18,19,20,21,22,	 PureTone-9kHz	40	2	668354058
668357463	Triggered	4,42,43,44,45,46,	 NoSound	40	2	668357463
668365585	Triggered	1,14,15,16,17,18,19,20,21,22,	 NoSound	40	2	668365585
668365788	Triggered	1,14,15,16,17,18,19,20,21,22,	 PureTone-7kHz	40	2	668365788
668369075	Triggered	4,42,43,44,45,46,	 NoSound	40	2	668369075
668369277	Triggered	4,42,43,44,45,46,	 File_beep4	40	2	668369277
668382673	Triggered	1,14,15,16,17,18,19,20,21,22,	 NoSound	40	2	668382673
668382888	Triggered	1,14,15,16,17,18,19,20,21,22,	 PureTone-5kHz	40	2	668382888
668385861	Triggered	4,42,43,44,45,46,	 NoSound	40	2	668385861
668393445	Triggered	1,14,15,16,17,18,19,20,21,22,	 NoSound	40	2	668393445
668393647	Triggered	1,14,15,16,17,18,19,20,21,22,	 PureTone-3kHz	40	2	668393647
668396751	Triggered	4,42,43,44,45,46,	 NoSound	40	2	668396751
668396954	Triggered	4,42,43,44,45,46,	 File_beep4	40	2	668396954
668409567	Triggered	1,14,15,16,17,18,19,20,21,22,	 NoSound	40	2	668409567
668409768	Triggered	1,14,15,16,17,18,19,20,21,22,	 PureTone-2kHz	40	2	668409768
668412695	Triggered	4,42,43,44,45,46,	 NoSound	40	2	668412695
668412898	Triggered	4,42,43,44,45,46,	 File_beep3	40	2	668412898
668423524	Triggered	1,14,15,16,17,18,19,20,21,22,	 NoSound	40	2	668423524
668423728	Triggered	1,14,15,16,17,18,19,20,21,22,	 PureTone-1kHz	40	2	668423728
668426774	Triggered	4,42,43,44,45,46,	 NoSound	40	2	668426774
668426975	Triggered	4,42,43,44,45,46,	 File_beep4	40	2	668426975
668439167	Triggered	1,14,15,16,17,18,19,20,21,22,	 NoSound	40	2	668439167
668439368	Triggered	1,14,15,16,17,18,19,20,21,22,	 StopSoundShort	40	2	668439368
668455653	Triggered	5,23,24,25,26,27,28,29,30,31,	 NoSound	40	2	668455653
668459144	Triggered	2,37,38,39,40,41,	 NoSound	40	2	668459144
668459346	Triggered	2,37,38,39,40,41,	 File_beep3	40	2	668459346
668469371	Triggered	5,23,24,25,26,27,28,29,30,31,	 NoSound	40	2	668469371
668474124	Triggered	2,37,38,39,40,41,	 NoSound	40	2	668474124
668474327	Triggered	2,37,38,39,40,41,	 File_beep2	40	2	668474327
668485977	Triggered	5,23,24,25,26,27,28,29,30,31,	 NoSound	40	2	668485977
668492295	Triggered	2,37,38,39,40,41,	 NoSound	40	2	668492295
668492495	Triggered	2,37,38,39,40,41,	 File_beep1	40	2	668492495
668500898	Triggered	5,23,24,25,26,27,28,29,30,31,	 NoSound	40	2	668500898
668501102	Triggered	5,23,24,25,26,27,28,29,30,31,	 PureTone-9kHz	40	2	668501102
668504388	Triggered	8,52,53,54,55,56,	 NoSound	40	2	668504388
668504591	Triggered	8,52,53,54,55,56,	 File_beep4	40	2	668504591
668517986	Triggered	5,23,24,25,26,27,28,29,30,31,	 NoSound	40	2	668517986
668518190	Triggered	5,23,24,25,26,27,28,29,30,31,	 PureTone-7kHz	40	2	668518190
668521294	Triggered	8,52,53,54,55,56,	 NoSound	40	2	668521294
668527371	Triggered	5,23,24,25,26,27,28,29,30,31,	 NoSound	40	2	668527371
668527574	Triggered	5,23,24,25,26,27,28,29,30,31,	 PureTone-5kHz	40	2	668527574
668530681	Triggered	8,52,53,54,55,56,	 NoSound	40	2	668530681
668530882	Triggered	8,52,53,54,55,56,	 File_beep1	40	2	668530882
668540366	Triggered	5,23,24,25,26,27,28,29,30,31,	 NoSound	40	2	668540366
668540568	Triggered	5,23,24,25,26,27,28,29,30,31,	 PureTone-3kHz	40	2	668540568
668544159	Triggered	8,52,53,54,55,56,	 NoSound	40	2	668544159
668544360	Triggered	8,52,53,54,55,56,	 File_beep3	40	2	668544360
668556191	Triggered	5,23,24,25,26,27,28,29,30,31,	 NoSound	40	2	668556191
668556394	Triggered	5,23,24,25,26,27,28,29,30,31,	 PureTone-2kHz	40	2	668556394
668559560	Triggered	8,52,53,54,55,56,	 NoSound	40	2	668559560
668559775	Triggered	8,52,53,54,55,56,	 File_beep5	40	2	668559775
668576105	Triggered	5,23,24,25,26,27,28,29,30,31,	 NoSound	40	2	668576105
668576318	Triggered	5,23,24,25,26,27,28,29,30,31,	 PureTone-1kHz	40	2	668576318
668579234	Triggered	8,52,53,54,55,56,	 NoSound	40	2	668579234
668587055	Triggered	5,23,24,25,26,27,28,29,30,31,	 NoSound	40	2	668587055
668587256	Triggered	5,23,24,25,26,27,28,29,30,31,	 StopSoundShort	40	2	668587256
668603300	Triggered	1,14,15,16,17,18,19,20,21,22,	 NoSound	40	2	668603300
668606609	Triggered	4,42,43,44,45,46,	 NoSound	40	2	668606609
668606811	Triggered	4,42,43,44,45,46,	 File_beep2	40	2	668606811
668616296	Triggered	1,14,15,16,17,18,19,20,21,22,	 NoSound	40	2	668616296
668619184	Triggered	4,42,43,44,45,46,	 NoSound	40	2	668619184
668619385	Triggered	4,42,43,44,45,46,	 File_beep5	40	2	668619385
668638075	Triggered	1,14,15,16,17,18,19,20,21,22,	 NoSound	40	2	668638075
668641506	Triggered	4,42,43,44,45,46,	 NoSound	40	2	668641506
668645656	Triggered	1,14,15,16,17,18,19,20,21,22,	 NoSound	40	2	668645656
668645860	Triggered	1,14,15,16,17,18,19,20,21,22,	 PureTone-9kHz	40	2	668645860
668649085	Triggered	6,47,48,49,50,51,	 NoSound	40	2	668649085
668653178	Triggered	1,14,15,16,17,18,19,20,21,22,	 NoSound	40	2	668653178
668653380	Triggered	1,14,15,16,17,18,19,20,21,22,	 PureTone-7kHz	40	2	668653380
668656666	Triggered	4,42,43,44,45,46,	 NoSound	40	2	668656666
668661419	Triggered	1,14,15,16,17,18,19,20,21,22,	 NoSound	40	2	668661419
668661622	Triggered	1,14,15,16,17,18,19,20,21,22,	 PureTone-5kHz	40	2	668661623
668664669	Triggered	6,47,48,49,50,51,	 NoSound	40	2	668664669
668664871	Triggered	6,47,48,49,50,51,	 File_beep4	40	2	668664871
668673815	Triggered	1,14,15,16,17,18,19,20,21,22,	 NoSound	40	2	668673815
668674017	Triggered	1,14,15,16,17,18,19,20,21,22,	 PureTone-3kHz	40	2	668674017
668676763	Triggered	6,47,48,49,50,51,	 NoSound	40	2	668676763
668676965	Triggered	6,47,48,49,50,51,	 File_beep4	40	2	668676965
668687051	Triggered	1,14,15,16,17,18,19,20,21,22,	 NoSound	40	2	668687051
668687253	Triggered	1,14,15,16,17,18,19,20,21,22,	 PureTone-2kHz	40	2	668687253
668690179	Triggered	4,42,43,44,45,46,	 NoSound	40	2	668690179
668690380	Triggered	4,42,43,44,45,46,	 File_beep1	40	2	668690380
668697655	Triggered	1,14,15,16,17,18,19,20,21,22,	 NoSound	40	2	668697655
668697858	Triggered	1,14,15,16,17,18,19,20,21,22,	 PureTone-1kHz	40	2	668697858
668701493	Triggered	6,47,48,49,50,51,	 NoSound	40	2	668701493
668701695	Triggered	6,47,48,49,50,51,	 File_beep3	40	2	668701695
668710576	Triggered	1,14,15,16,17,18,19,20,21,22,	 NoSound	40	2	668710576
668710776	Triggered	1,14,15,16,17,18,19,20,21,22,	 StopSoundShort	40	2	668710776
668736808	Triggered	5,23,24,25,26,27,28,29,30,31,	 NoSound	40	2	668736808
668745351	Triggered	2,37,38,39,40,41,	 NoSound	40	2	668745351
668745552	Triggered	2,37,38,39,40,41,	 File_beep2	40	2	668745552
668760753	Triggered	5,23,24,25,26,27,28,29,30,31,	 NoSound	40	2	668760753
668765025	Triggered	2,37,38,39,40,41,	 NoSound	40	2	668765025
668770564	Triggered	5,23,24,25,26,27,28,29,30,31,	 NoSound	40	2	668770564
668774840	Triggered	2,37,38,39,40,41,	 NoSound	40	2	668774840
668775043	Triggered	2,37,38,39,40,41,	 File_beep5	40	2	668775043
668790656	Triggered	5,23,24,25,26,27,28,29,30,31,	 NoSound	40	2	668790656
668790860	Triggered	5,23,24,25,26,27,28,29,30,31,	 PureTone-9kHz	40	2	668790860
668793905	Triggered	8,52,53,54,55,56,	 NoSound	40	2	668793905
668794105	Triggered	8,52,53,54,55,56,	 File_beep1	40	2	668794105
668801306	Triggered	5,23,24,25,26,27,28,29,30,31,	 NoSound	40	2	668801306
668801510	Triggered	5,23,24,25,26,27,28,29,30,31,	 PureTone-7kHz	40	2	668801510
668804255	Triggered	8,52,53,54,55,56,	 NoSound	40	2	668804255
668804458	Triggered	8,52,53,54,55,56,	 File_beep4	40	2	668804458
668818091	Triggered	5,23,24,25,26,27,28,29,30,31,	 NoSound	40	2	668818091
668818295	Triggered	5,23,24,25,26,27,28,29,30,31,	 PureTone-5kHz	40	2	668818295
668822183	Triggered	2,37,38,39,40,41,	 NoSound	40	2	668822183
668822386	Triggered	2,37,38,39,40,41,	 File_beep4	40	2	668822386
668835240	Triggered	5,23,24,25,26,27,28,29,30,31,	 NoSound	40	2	668835240
668835442	Triggered	5,23,24,25,26,27,28,29,30,31,	 PureTone-3kHz	40	2	668835442
668838308	Triggered	8,52,53,54,55,56,	 NoSound	40	2	668838308
668844203	Triggered	5,23,24,25,26,27,28,29,30,31,	 NoSound	40	2	668844203
668844407	Triggered	5,23,24,25,26,27,28,29,30,31,	 PureTone-2kHz	40	2	668844407
668847396	Triggered	8,52,53,54,55,56,	 NoSound	40	2	668847396
668847596	Triggered	8,52,53,54,55,56,	 File_beep2	40	2	668847596
668859125	Triggered	5,23,24,25,26,27,28,29,30,31,	 NoSound	40	2	668859125
668859328	Triggered	5,23,24,25,26,27,28,29,30,31,	 PureTone-1kHz	40	2	668859328
668862674	Triggered	8,52,53,54,55,56,	 NoSound	40	2	668862674
668868992	Triggered	5,23,24,25,26,27,28,29,30,31,	 NoSound	40	2	668868992
668869193	Triggered	5,23,24,25,26,27,28,29,30,31,	 StopSoundShort	40	2	668869193
668888425	Triggered	1,14,15,16,17,18,19,20,21,22,	 NoSound	40	2	668888425
668890952	Triggered	4,42,43,44,45,46,	 NoSound	40	2	668890952
668891155	Triggered	4,42,43,44,45,46,	 File_beep5	40	2	668891155
668905212	Triggered	1,14,15,16,17,18,19,20,21,22,	 NoSound	40	2	668905212
668907979	Triggered	4,42,43,44,45,46,	 NoSound	40	2	668907979
668908182	Triggered	4,42,43,44,45,46,	 File_beep4	40	2	668908182
668919110	Triggered	1,14,15,16,17,18,19,20,21,22,	 NoSound	40	2	668919110
668921877	Triggered	4,42,43,44,45,46,	 NoSound	40	2	668921877
668922080	Triggered	4,42,43,44,45,46,	 File_beep4	40	2	668922080
668933669	Triggered	1,14,15,16,17,18,19,20,21,22,	 NoSound	40	2	668933669
668933874	Triggered	1,14,15,16,17,18,19,20,21,22,	 PureTone-9kHz	40	2	668933874
668936499	Triggered	4,42,43,44,45,46,	 NoSound	40	2	668936499
668940528	Triggered	1,14,15,16,17,18,19,20,21,22,	 NoSound	40	2	668940528
668940731	Triggered	1,14,15,16,17,18,19,20,21,22,	 PureTone-7kHz	40	2	668940731
668943596	Triggered	4,42,43,44,45,46,	 NoSound	40	2	668943596
668947329	Triggered	1,14,15,16,17,18,19,20,21,22,	 NoSound	40	2	668947329
668947532	Triggered	1,14,15,16,17,18,19,20,21,22,	 PureTone-5kHz	40	2	668947532
668950457	Triggered	6,47,48,49,50,51,	 NoSound	40	2	668950457
668950658	Triggered	6,47,48,49,50,51,	 File_beep3	40	2	668950658
668959481	Triggered	1,14,15,16,17,18,19,20,21,22,	 NoSound	40	2	668959481
668959697	Triggered	1,14,15,16,17,18,19,20,21,22,	 PureTone-3kHz	40	2	668959697
668962729	Triggered	6,47,48,49,50,51,	 NoSound	40	2	668962729
668962931	Triggered	6,47,48,49,50,51,	 File_beep2	40	2	668962931
668971936	Triggered	1,14,15,16,17,18,19,20,21,22,	 NoSound	40	2	668971936
668972138	Triggered	1,14,15,16,17,18,19,20,21,22,	 PureTone-2kHz	40	2	668972138
668974764	Triggered	4,42,43,44,45,46,	 NoSound	40	2	668974764
668974965	Triggered	4,42,43,44,45,46,	 File_beep5	40	2	668974965
668985895	Triggered	1,14,15,16,17,18,19,20,21,22,	 NoSound	40	2	668985895
668986096	Triggered	1,14,15,16,17,18,19,20,21,22,	 PureTone-1kHz	40	2	668986096
668988662	Triggered	4,42,43,44,45,46,	 NoSound	40	2	668988662
668988863	Triggered	4,42,43,44,45,46,	 File_beep2	40	2	668988863
668998649	Triggered	1,14,15,16,17,18,19,20,21,22,	 NoSound	40	2	668998649
668998849	Triggered	1,14,15,16,17,18,19,20,21,22,	 StopSoundShort	40	2	668998849
669009057	Triggered	5,23,24,25,26,27,28,29,30,31,	 NoSound	40	2	669009057
669013754	Triggered	2,37,38,39,40,41,	 NoSound	40	2	669013754
669019767	Triggered	5,23,24,25,26,27,28,29,30,31,	 NoSound	40	2	669019767
669023558	Triggered	2,37,38,39,40,41,	 NoSound	40	2	669023558
669023772	Triggered	2,37,38,39,40,41,	 File_beep4	40	2	669023772
669034929	Triggered	5,23,24,25,26,27,28,29,30,31,	 NoSound	40	2	669034929
669038838	Triggered	2,37,38,39,40,41,	 NoSound	40	2	669038838
669039041	Triggered	2,37,38,39,40,41,	 File_beep4	40	2	669039041
669048648	Triggered	5,23,24,25,26,27,28,29,30,31,	 NoSound	40	2	669048648
669048852	Triggered	5,23,24,25,26,27,28,29,30,31,	 PureTone-9kHz	40	2	669048852
669051719	Triggered	8,52,53,54,55,56,	 NoSound	40	2	669051719
669051921	Triggered	8,52,53,54,55,56,	 File_beep4	40	2	669051921
669065975	Triggered	5,23,24,25,26,27,28,29,30,31,	 NoSound	40	2	669065975
669066178	Triggered	5,23,24,25,26,27,28,29,30,31,	 PureTone-7kHz	40	2	669066178
669069103	Triggered	8,52,53,54,55,56,	 NoSound	40	2	669069103
669069315	Triggered	8,52,53,54,55,56,	 File_beep1	40	2	669069315
669080113	Triggered	5,23,24,25,26,27,28,29,30,31,	 NoSound	40	2	669080113
669080314	Triggered	5,23,24,25,26,27,28,29,30,31,	 PureTone-5kHz	40	2	669080314
669083122	Triggered	8,52,53,54,55,56,	 NoSound	40	2	669083122
669083323	Triggered	8,52,53,54,55,56,	 File_beep2	40	2	669083323
669094433	Triggered	5,23,24,25,26,27,28,29,30,31,	 NoSound	40	2	669094433
669094635	Triggered	5,23,24,25,26,27,28,29,30,31,	 PureTone-3kHz	40	2	669094635
669097380	Triggered	8,52,53,54,55,56,	 NoSound	40	2	669097380
669102133	Triggered	5,23,24,25,26,27,28,29,30,31,	 NoSound	40	2	669102133
669102335	Triggered	5,23,24,25,26,27,28,29,30,31,	 PureTone-2kHz	40	2	669102335
669105503	Triggered	8,52,53,54,55,56,	 NoSound	40	2	669105503
669105704	Triggered	8,52,53,54,55,56,	 File_beep1	40	2	669105704
669115370	Triggered	5,23,24,25,26,27,28,29,30,31,	 NoSound	40	2	669115370
669115572	Triggered	5,23,24,25,26,27,28,29,30,31,	 PureTone-1kHz	40	2	669115572
669118860	Triggered	8,52,53,54,55,56,	 NoSound	40	2	669118860
669119062	Triggered	8,52,53,54,55,56,	 File_beep3	40	2	669119062
669131855	Triggered	5,23,24,25,26,27,28,29,30,31,	 NoSound	40	2	669131855
669132056	Triggered	5,23,24,25,26,27,28,29,30,31,	 StopSoundShort	40	2	669132056
669151169	Triggered	1,14,15,16,17,18,19,20,21,22,	 NoSound	40	2	669151169
669154477	Triggered	6,47,48,49,50,51,	 NoSound	40	2	669154477
669154680	Triggered	6,47,48,49,50,51,	 File_beep5	40	2	669154680
669168136	Triggered	1,14,15,16,17,18,19,20,21,22,	 NoSound	40	2	669168136
669171144	Triggered	6,47,48,49,50,51,	 NoSound	40	2	669171144
669171347	Triggered	6,47,48,49,50,51,	 File_beep4	40	2	669171347
669194307	Triggered	1,14,15,16,17,18,19,20,21,22,	 NoSound	40	2	669194307
669197977	Triggered	6,47,48,49,50,51,	 NoSound	40	2	669197977
669198178	Triggered	6,47,48,49,50,51,	 File_beep2	40	2	669198178
669210553	Triggered	1,14,15,16,17,18,19,20,21,22,	 NoSound	40	2	669210553
669210757	Triggered	1,14,15,16,17,18,19,20,21,22,	 PureTone-9kHz	40	2	669210757
669213982	Triggered	4,42,43,44,45,46,	 NoSound	40	2	669213982
669218674	Triggered	1,14,15,16,17,18,19,20,21,22,	 NoSound	40	2	669218674
669218878	Triggered	1,14,15,16,17,18,19,20,21,22,	 PureTone-7kHz	40	2	669218878
669221923	Triggered	4,42,43,44,45,46,	 NoSound	40	2	669221923
669222125	Triggered	4,42,43,44,45,46,	 File_beep2	40	2	669222125
669234138	Triggered	1,14,15,16,17,18,19,20,21,22,	 NoSound	40	2	669234138
669234341	Triggered	1,14,15,16,17,18,19,20,21,22,	 PureTone-5kHz	40	2	669234341
669238048	Triggered	6,47,48,49,50,51,	 NoSound	40	2	669238048
669238250	Triggered	6,47,48,49,50,51,	 File_beep4	40	2	669238250
669250443	Triggered	1,14,15,16,17,18,19,20,21,22,	 NoSound	40	2	669250443
669250645	Triggered	1,14,15,16,17,18,19,20,21,22,	 PureTone-3kHz	40	2	669250645
669253991	Triggered	6,47,48,49,50,51,	 NoSound	40	2	669253991
669258624	Triggered	1,14,15,16,17,18,19,20,21,22,	 NoSound	40	2	669258624
669258826	Triggered	1,14,15,16,17,18,19,20,21,22,	 PureTone-2kHz	40	2	669258826
669262307	Triggered	6,47,48,49,50,51,	 NoSound	40	2	669262307
669262509	Triggered	6,47,48,49,50,51,	 File_beep3	40	2	669262509
669273126	Triggered	1,14,15,16,17,18,19,20,21,22,	 NoSound	40	2	669273126
669273327	Triggered	1,14,15,16,17,18,19,20,21,22,	 PureTone-1kHz	40	2	669273327
669276374	Triggered	4,42,43,44,45,46,	 NoSound	40	2	669276374
669276574	Triggered	4,42,43,44,45,46,	 File_beep2	40	2	669276574
669285824	Triggered	1,14,15,16,17,18,19,20,21,22,	 NoSound	40	2	669285824
669286025	Triggered	1,14,15,16,17,18,19,20,21,22,	 StopSoundShort	40	2	669286025
669299838	Triggered	5,23,24,25,26,27,28,29,30,31,	 NoSound	40	2	669299838
669303883	Triggered	2,37,38,39,40,41,	 NoSound	40	2	669303883
669304087	Triggered	2,37,38,39,40,41,	 File_beep4	40	2	669304087
669316443	Triggered	5,23,24,25,26,27,28,29,30,31,	 NoSound	40	2	669316443
669320234	Triggered	2,37,38,39,40,41,	 NoSound	40	2	669320234
669324747	Triggered	5,23,24,25,26,27,28,29,30,31,	 NoSound	40	2	669324747
669329017	Triggered	2,37,38,39,40,41,	 NoSound	40	2	669329017
669329222	Triggered	2,37,38,39,40,41,	 File_beep5	40	2	669329222
669340812	Triggered	5,23,24,25,26,27,28,29,30,31,	 NoSound	40	2	669340812
669341017	Triggered	5,23,24,25,26,27,28,29,30,31,	 PureTone-9kHz	40	2	669341017
669344179	Triggered	8,52,53,54,55,56,	 NoSound	40	2	669344179
669344382	Triggered	8,52,53,54,55,56,	 File_beep5	40	2	669344382
669361027	Triggered	5,23,24,25,26,27,28,29,30,31,	 NoSound	40	2	669361027
669361230	Triggered	5,23,24,25,26,27,28,29,30,31,	 PureTone-7kHz	40	2	669361230
669364156	Triggered	8,52,53,54,55,56,	 NoSound	40	2	669364156
669364358	Triggered	8,52,53,54,55,56,	 File_beep4	40	2	669364358
669379437	Triggered	5,23,24,25,26,27,28,29,30,31,	 NoSound	40	2	669379437
669379642	Triggered	5,23,24,25,26,27,28,29,30,31,	 PureTone-5kHz	40	2	669379642
669382506	Triggered	8,52,53,54,55,56,	 NoSound	40	2	669382506
669382708	Triggered	8,52,53,54,55,56,	 File_beep3	40	2	669382708
669395260	Triggered	5,23,24,25,26,27,28,29,30,31,	 NoSound	40	2	669395260
669395463	Triggered	5,23,24,25,26,27,28,29,30,31,	 PureTone-3kHz	40	2	669395463
669398569	Triggered	8,52,53,54,55,56,	 NoSound	40	2	669398569
669398771	Triggered	8,52,53,54,55,56,	 File_beep2	40	2	669398771
669409822	Triggered	5,23,24,25,26,27,28,29,30,31,	 NoSound	40	2	669409822
669410038	Triggered	5,23,24,25,26,27,28,29,30,31,	 PureTone-2kHz	40	2	669410038
669413010	Triggered	8,52,53,54,55,56,	 NoSound	40	2	669413010
669417822	Triggered	5,23,24,25,26,27,28,29,30,31,	 NoSound	40	2	669417823
669418024	Triggered	5,23,24,25,26,27,28,29,30,31,	 PureTone-1kHz	40	2	669418024
669420895	Triggered	8,52,53,54,55,56,	 NoSound	40	2	669420895
669421097	Triggered	8,52,53,54,55,56,	 File_beep3	40	2	669421097
669434910	Triggered	5,23,24,25,26,27,28,29,30,31,	 NoSound	40	2	669434910
669435111	Triggered	5,23,24,25,26,27,28,29,30,31,	 StopSoundShort	40	2	669435111
669449653	Triggered	4,42,43,44,45,46,	 NoSound	40	2	669449653
669449855	Triggered	4,42,43,44,45,46,	 File_beep1	40	2	669449855
669457471	Triggered	1,14,15,16,17,18,19,20,21,22,	 NoSound	40	2	669457471
669460359	Triggered	4,42,43,44,45,46,	 NoSound	40	2	669460359
669460561	Triggered	4,42,43,44,45,46,	 File_beep3	40	2	669460561
669478469	Triggered	1,14,15,16,17,18,19,20,21,22,	 NoSound	40	2	669478469
669481599	Triggered	4,42,43,44,45,46,	 NoSound	40	2	669481599
669481801	Triggered	4,42,43,44,45,46,	 File_beep1	40	2	669481801
669492548	Triggered	1,14,15,16,17,18,19,20,21,22,	 NoSound	40	2	669492548
669492752	Triggered	1,14,15,16,17,18,19,20,21,22,	 PureTone-9kHz	40	2	669492752
669497483	Triggered	4,42,43,44,45,46,	 NoSound	40	2	669497483
669497683	Triggered	4,42,43,44,45,46,	 File_beep1	40	2	669497683
669504401	Triggered	1,14,15,16,17,18,19,20,21,22,	 NoSound	40	2	669504401
669504606	Triggered	1,14,15,16,17,18,19,20,21,22,	 PureTone-7kHz	40	2	669504606
669508140	Triggered	6,47,48,49,50,51,	 NoSound	40	2	669508140
669508343	Triggered	6,47,48,49,50,51,	 File_beep4	40	2	669508343
669522571	Triggered	1,14,15,16,17,18,19,20,21,22,	 NoSound	40	2	669522571
669522773	Triggered	1,14,15,16,17,18,19,20,21,22,	 PureTone-5kHz	40	2	669522773
669526301	Triggered	6,47,48,49,50,51,	 NoSound	40	2	669526301
669526504	Triggered	6,47,48,49,50,51,	 File_beep5	40	2	669526504
669542846	Triggered	1,14,15,16,17,18,19,20,21,22,	 NoSound	40	2	669542846
669543049	Triggered	1,14,15,16,17,18,19,20,21,22,	 PureTone-3kHz	40	2	669543049
669546698	Triggered	4,42,43,44,45,46,	 NoSound	40	2	669546698
669546898	Triggered	4,42,43,44,45,46,	 File_beep1	40	2	669546898
669554639	Triggered	1,14,15,16,17,18,19,20,21,22,	 NoSound	40	2	669554639
669554841	Triggered	1,14,15,16,17,18,19,20,21,22,	 PureTone-2kHz	40	2	669554841
669558309	Triggered	6,47,48,49,50,51,	 NoSound	40	2	669558309
669562822	Triggered	1,14,15,16,17,18,19,20,21,22,	 NoSound	40	2	669562822
669563023	Triggered	1,14,15,16,17,18,19,20,21,22,	 PureTone-1kHz	40	2	669563023
669566493	Triggered	4,42,43,44,45,46,	 NoSound	40	2	669566493
669566695	Triggered	4,42,43,44,45,46,	 File_beep5	40	2	669566695
669578172	Triggered	1,14,15,16,17,18,19,20,21,22,	 NoSound	40	2	669578172
669578372	Triggered	1,14,15,16,17,18,19,20,21,22,	 StopSoundShort	40	2	669578372
669594771	Triggered	5,23,24,25,26,27,28,29,30,31,	 NoSound	40	2	669594771
669598019	Triggered	8,52,53,54,55,56,	 NoSound	40	2	669598019
669602472	Triggered	5,23,24,25,26,27,28,29,30,31,	 NoSound	40	2	669602472
669605540	Triggered	8,52,53,54,55,56,	 NoSound	40	2	669605540
669616971	Triggered	5,23,24,25,26,27,28,29,30,31,	 NoSound	40	2	669616971
669620642	Triggered	8,52,53,54,55,56,	 NoSound	40	2	669620642
669620846	Triggered	8,52,53,54,55,56,	 File_beep4	40	2	669620846
669637789	Triggered	5,23,24,25,26,27,28,29,30,31,	 NoSound	40	2	669637789
669637993	Triggered	5,23,24,25,26,27,28,29,30,31,	 PureTone-9kHz	40	2	669637993
669641278	Triggered	8,52,53,54,55,56,	 NoSound	40	2	669641278
669641480	Triggered	8,52,53,54,55,56,	 File_beep2	40	2	669641480
669657102	Triggered	5,23,24,25,26,27,28,29,30,31,	 NoSound	40	2	669657102
669657305	Triggered	5,23,24,25,26,27,28,29,30,31,	 PureTone-7kHz	40	2	669657305
669660773	Triggered	8,52,53,54,55,56,	 NoSound	40	2	669660773
669660975	Triggered	8,52,53,54,55,56,	 File_beep4	40	2	669660975
669699159	Triggered	5,23,24,25,26,27,28,29,30,31,	 NoSound	40	2	669699159
669699374	Triggered	5,23,24,25,26,27,28,29,30,31,	 PureTone-5kHz	40	2	669699374
669702541	Triggered	8,52,53,54,55,56,	 NoSound	40	2	669702541
669702743	Triggered	8,52,53,54,55,56,	 File_beep1	40	2	669702743
669718110	Triggered	5,23,24,25,26,27,28,29,30,31,	 NoSound	40	2	669718110
669718312	Triggered	5,23,24,25,26,27,28,29,30,31,	 PureTone-3kHz	40	2	669718312
669721659	Triggered	8,52,53,54,55,56,	 NoSound	40	2	669721659
669721862	Triggered	8,52,53,54,55,56,	 File_beep4	40	2	669721862
669740793	Triggered	5,23,24,25,26,27,28,29,30,31,	 NoSound	40	2	669740793
669740995	Triggered	5,23,24,25,26,27,28,29,30,31,	 PureTone-2kHz	40	2	669740995
669744041	Triggered	8,52,53,54,55,56,	 NoSound	40	2	669744041
669744243	Triggered	8,52,53,54,55,56,	 File_beep3	40	2	669744243
669758962	Triggered	5,23,24,25,26,27,28,29,30,31,	 NoSound	40	2	669758962
669759165	Triggered	5,23,24,25,26,27,28,29,30,31,	 PureTone-1kHz	40	2	669759165
669762392	Triggered	8,52,53,54,55,56,	 NoSound	40	2	669762392
669767325	Triggered	5,23,24,25,26,27,28,29,30,31,	 NoSound	40	2	669767325
669767526	Triggered	5,23,24,25,26,27,28,29,30,31,	 StopSoundShort	40	2	669767526
669787240	Triggered	1,14,15,16,17,18,19,20,21,22,	 NoSound	40	2	669787240
669791211	Triggered	6,47,48,49,50,51,	 NoSound	40	2	669791211
669791413	Triggered	6,47,48,49,50,51,	 File_beep3	40	2	669791413
669804628	Triggered	1,14,15,16,17,18,19,20,21,22,	 NoSound	40	2	669804628
669808780	Triggered	6,47,48,49,50,51,	 NoSound	40	2	669808780
669808981	Triggered	6,47,48,49,50,51,	 File_beep1	40	2	669808981
669819609	Triggered	1,14,15,16,17,18,19,20,21,22,	 NoSound	40	2	669819609
669823640	Triggered	6,47,48,49,50,51,	 NoSound	40	2	669823640
669823842	Triggered	6,47,48,49,50,51,	 File_beep3	40	2	669823842
669836399	Triggered	1,14,15,16,17,18,19,20,21,22,	 NoSound	40	2	669836399
669836601	Triggered	1,14,15,16,17,18,19,20,21,22,	 PureTone-9kHz	40	2	669836601
669841811	Triggered	4,42,43,44,45,46,	 NoSound	40	2	669841811
669842013	Triggered	4,42,43,44,45,46,	 File_beep2	40	2	669842013
669852580	Triggered	1,14,15,16,17,18,19,20,21,22,	 NoSound	40	2	669852580
669852782	Triggered	1,14,15,16,17,18,19,20,21,22,	 PureTone-7kHz	40	2	669852782
669856250	Triggered	4,42,43,44,45,46,	 NoSound	40	2	669856250
669856452	Triggered	4,42,43,44,45,46,	 File_beep3	40	2	669856452
669868646	Triggered	1,14,15,16,17,18,19,20,21,22,	 NoSound	40	2	669868646
669868861	Triggered	1,14,15,16,17,18,19,20,21,22,	 PureTone-5kHz	40	2	669868861
669873157	Triggered	4,42,43,44,45,46,	 NoSound	40	2	669873157
669873358	Triggered	4,42,43,44,45,46,	 File_beep3	40	2	669873358
669888498	Triggered	1,14,15,16,17,18,19,20,21,22,	 NoSound	40	2	669888498
669888701	Triggered	1,14,15,16,17,18,19,20,21,22,	 PureTone-3kHz	40	2	669888701
669892590	Triggered	6,47,48,49,50,51,	 NoSound	40	2	669892590
669892792	Triggered	6,47,48,49,50,51,	 File_beep5	40	2	669892792
669907343	Triggered	1,14,15,16,17,18,19,20,21,22,	 NoSound	40	2	669907343
669907545	Triggered	1,14,15,16,17,18,19,20,21,22,	 PureTone-2kHz	40	2	669907545
669910761	Triggered	6,47,48,49,50,51,	 NoSound	40	2	669910761
669910961	Triggered	6,47,48,49,50,51,	 File_beep1	40	2	669910961
670002454	Triggered	1,14,15,16,17,18,19,20,21,22,	 NoSound	40	2	670002454
670002655	Triggered	1,14,15,16,17,18,19,20,21,22,	 PureTone-1kHz	40	2	670002655
670006785	Triggered	4,42,43,44,45,46,	 NoSound	40	2	670006785
670006986	Triggered	4,42,43,44,45,46,	 File_beep5	40	2	670006986
670018278	Triggered	1,14,15,16,17,18,19,20,21,22,	 NoSound	40	2	670018278
670018479	Triggered	1,14,15,16,17,18,19,20,21,22,	 StopSoundShort	40	2	670018479
670031152	Triggered	5,23,24,25,26,27,28,29,30,31,	 NoSound	40	2	670031152
670034641	Triggered	8,52,53,54,55,56,	 NoSound	40	2	670034641
670034842	Triggered	8,52,53,54,55,56,	 File_beep1	40	2	670034842
670045531	Triggered	5,23,24,25,26,27,28,29,30,31,	 NoSound	40	2	670045531
670049442	Triggered	8,52,53,54,55,56,	 NoSound	40	2	670049442
670049645	Triggered	8,52,53,54,55,56,	 File_beep5	40	2	670049645
670068815	Triggered	5,23,24,25,26,27,28,29,30,31,	 NoSound	40	2	670068815
670072184	Triggered	8,52,53,54,55,56,	 NoSound	40	2	670072184
670072386	Triggered	8,52,53,54,55,56,	 File_beep5	40	2	670072386
670090595	Triggered	5,23,24,25,26,27,28,29,30,31,	 NoSound	40	2	670090595
670090800	Triggered	5,23,24,25,26,27,28,29,30,31,	 PureTone-9kHz	40	2	670090800
670094025	Triggered	8,52,53,54,55,56,	 NoSound	40	2	670094025
670094227	Triggered	8,52,53,54,55,56,	 File_beep1	40	2	670094227
670109488	Triggered	5,23,24,25,26,27,28,29,30,31,	 NoSound	40	2	670109488
670109692	Triggered	5,23,24,25,26,27,28,29,30,31,	 PureTone-7kHz	40	2	670109692
670113699	Triggered	8,52,53,54,55,56,	 NoSound	40	2	670113699
670113901	Triggered	8,52,53,54,55,56,	 File_beep4	40	2	670113901
670131628	Triggered	5,23,24,25,26,27,28,29,30,31,	 NoSound	40	2	670131628
670131830	Triggered	5,23,24,25,26,27,28,29,30,31,	 PureTone-5kHz	40	2	670131830
670135359	Triggered	8,52,53,54,55,56,	 NoSound	40	2	670135359
670146248	Triggered	5,23,24,25,26,27,28,29,30,31,	 NoSound	40	2	670146248
670146451	Triggered	5,23,24,25,26,27,28,29,30,31,	 PureTone-3kHz	40	2	670146451
670150099	Triggered	8,52,53,54,55,56,	 NoSound	40	2	670150099
670166105	Triggered	5,23,24,25,26,27,28,29,30,31,	 NoSound	40	2	670166105
670166307	Triggered	5,23,24,25,26,27,28,29,30,31,	 PureTone-2kHz	40	2	670166307
670169833	Triggered	8,52,53,54,55,56,	 NoSound	40	2	670169833
670170035	Triggered	8,52,53,54,55,56,	 File_beep5	40	2	670170035
670187170	Triggered	5,23,24,25,26,27,28,29,30,31,	 NoSound	40	2	670187170
670187372	Triggered	5,23,24,25,26,27,28,29,30,31,	 PureTone-1kHz	40	2	670187372
670190771	Triggered	8,52,53,54,55,56,	 NoSound	40	2	670190771
670190973	Triggered	8,52,53,54,55,56,	 File_beep3	40	2	670190973
670205753	Triggered	5,23,24,25,26,27,28,29,30,31,	 NoSound	40	2	670205753
670205955	Triggered	5,23,24,25,26,27,28,29,30,31,	 StopSoundShort	40	2	670205955
670217365	Triggered	1,14,15,16,17,18,19,20,21,22,	 NoSound	40	2	670217365
670223742	Triggered	6,47,48,49,50,51,	 NoSound	40	2	670223742
670223943	Triggered	6,47,48,49,50,51,	 File_beep1	40	2	670223943
670232886	Triggered	1,14,15,16,17,18,19,20,21,22,	 NoSound	40	2	670232886
670237102	Triggered	6,47,48,49,50,51,	 NoSound	40	2	670237102
670237304	Triggered	6,47,48,49,50,51,	 File_beep2	40	2	670237304
670249132	Triggered	1,14,15,16,17,18,19,20,21,22,	 NoSound	40	2	670249132
670253043	Triggered	6,47,48,49,50,51,	 NoSound	40	2	670253043
670262248	Triggered	1,14,15,16,17,18,19,20,21,22,	 NoSound	40	2	670262248
670262451	Triggered	1,14,15,16,17,18,19,20,21,22,	 PureTone-9kHz	40	2	670262451
670266279	Triggered	4,42,43,44,45,46,	 NoSound	40	2	670266279
670266482	Triggered	4,42,43,44,45,46,	 File_beep3	40	2	670266482
670279515	Triggered	1,14,15,16,17,18,19,20,21,22,	 NoSound	40	2	670279515
670279718	Triggered	1,14,15,16,17,18,19,20,21,22,	 PureTone-7kHz	40	2	670279718
670283187	Triggered	6,47,48,49,50,51,	 NoSound	40	2	670283187
670283388	Triggered	6,47,48,49,50,51,	 File_beep3	40	2	670283388
670295827	Triggered	1,14,15,16,17,18,19,20,21,22,	 NoSound	40	2	670295827
670296030	Triggered	1,14,15,16,17,18,19,20,21,22,	 PureTone-5kHz	40	2	670296030
670299792	Triggered	6,47,48,49,50,51,	 NoSound	40	2	670299792
670307071	Triggered	1,14,15,16,17,18,19,20,21,22,	 NoSound	40	2	670307071
670307273	Triggered	1,14,15,16,17,18,19,20,21,22,	 PureTone-3kHz	40	2	670307273
670311164	Triggered	4,42,43,44,45,46,	 NoSound	40	2	670311164
670311378	Triggered	4,42,43,44,45,46,	 File_beep3	40	2	670311378
670322657	Triggered	1,14,15,16,17,18,19,20,21,22,	 NoSound	40	2	670322657
670322859	Triggered	1,14,15,16,17,18,19,20,21,22,	 PureTone-2kHz	40	2	670322859
670326324	Triggered	6,47,48,49,50,51,	 NoSound	40	2	670326324
670326524	Triggered	6,47,48,49,50,51,	 File_beep2	40	2	670326524
670337336	Triggered	1,14,15,16,17,18,19,20,21,22,	 NoSound	40	2	670337336
670337537	Triggered	1,14,15,16,17,18,19,20,21,22,	 PureTone-1kHz	40	2	670337537
670341968	Triggered	4,42,43,44,45,46,	 NoSound	40	2	670341968
670342170	Triggered	4,42,43,44,45,46,	 File_beep5	40	2	670342170
670353821	Triggered	1,14,15,16,17,18,19,20,21,22,	 NoSound	40	2	670353821
670354021	Triggered	1,14,15,16,17,18,19,20,21,22,	 StopSoundShort	40	2	670354021
670368982	Triggered	5,23,24,25,26,27,28,29,30,31,	 NoSound	40	2	670368982
670372471	Triggered	8,52,53,54,55,56,	 NoSound	40	2	670372471
670372673	Triggered	8,52,53,54,55,56,	 File_beep3	40	2	670372673
670387453	Triggered	5,23,24,25,26,27,28,29,30,31,	 NoSound	40	2	670387453
670391123	Triggered	8,52,53,54,55,56,	 NoSound	40	2	670391123
670391337	Triggered	8,52,53,54,55,56,	 File_beep2	40	2	670391337
670404058	Triggered	5,23,24,25,26,27,28,29,30,31,	 NoSound	40	2	670404058
670408632	Triggered	8,52,53,54,55,56,	 NoSound	40	2	670408632
670408834	Triggered	8,52,53,54,55,56,	 File_beep4	40	2	670408834
670426200	Triggered	5,23,24,25,26,27,28,29,30,31,	 NoSound	40	2	670426200
670426403	Triggered	5,23,24,25,26,27,28,29,30,31,	 PureTone-9kHz	40	2	670426403
670429809	Triggered	8,52,53,54,55,56,	 NoSound	40	2	670429809
670430010	Triggered	8,52,53,54,55,56,	 File_beep2	40	2	670430010
670442745	Triggered	5,23,24,25,26,27,28,29,30,31,	 NoSound	40	2	670442745
670442949	Triggered	5,23,24,25,26,27,28,29,30,31,	 PureTone-7kHz	40	2	670442949
670446415	Triggered	8,52,53,54,55,56,	 NoSound	40	2	670446415
670446616	Triggered	8,52,53,54,55,56,	 File_beep1	40	2	670446616
670457004	Triggered	5,23,24,25,26,27,28,29,30,31,	 NoSound	40	2	670457004
670457207	Triggered	5,23,24,25,26,27,28,29,30,31,	 PureTone-5kHz	40	2	670457207
670461095	Triggered	8,52,53,54,55,56,	 NoSound	40	2	670461095
670461298	Triggered	8,52,53,54,55,56,	 File_beep4	40	2	670461298
670477521	Triggered	5,23,24,25,26,27,28,29,30,31,	 NoSound	40	2	670477521
670477724	Triggered	5,23,24,25,26,27,28,29,30,31,	 PureTone-3kHz	40	2	670477724
670481252	Triggered	8,52,53,54,55,56,	 NoSound	40	2	670481252
670481453	Triggered	8,52,53,54,55,56,	 File_beep4	40	2	670481453
670496653	Triggered	5,23,24,25,26,27,28,29,30,31,	 NoSound	40	2	670496653
670496868	Triggered	5,23,24,25,26,27,28,29,30,31,	 PureTone-2kHz	40	2	670496868
670500323	Triggered	8,52,53,54,55,56,	 NoSound	40	2	670500323
670500524	Triggered	8,52,53,54,55,56,	 File_beep1	40	2	670500524
670510552	Triggered	5,23,24,25,26,27,28,29,30,31,	 NoSound	40	2	670510552
670510754	Triggered	5,23,24,25,26,27,28,29,30,31,	 PureTone-1kHz	40	2	670510754
670514283	Triggered	8,52,53,54,55,56,	 NoSound	40	2	670514283
670514485	Triggered	8,52,53,54,55,56,	 File_beep4	40	2	670514485
670529684	Triggered	5,23,24,25,26,27,28,29,30,31,	 NoSound	40	2	670529684
670529885	Triggered	5,23,24,25,26,27,28,29,30,31,	 StopSoundShort	40	2	670529885
670549118	Triggered	1,14,15,16,17,18,19,20,21,22,	 NoSound	40	2	670549118
670553029	Triggered	6,47,48,49,50,51,	 NoSound	40	2	670553029
670553232	Triggered	6,47,48,49,50,51,	 File_beep5	40	2	670553232
670571139	Triggered	1,14,15,16,17,18,19,20,21,22,	 NoSound	40	2	670571139
670574749	Triggered	6,47,48,49,50,51,	 NoSound	40	2	670574749
670574951	Triggered	6,47,48,49,50,51,	 File_beep5	40	2	670574951
670589549	Triggered	1,14,15,16,17,18,19,20,21,22,	 NoSound	40	2	670589549
670593340	Triggered	6,47,48,49,50,51,	 NoSound	40	2	670593340
670593541	Triggered	6,47,48,49,50,51,	 File_beep2	40	2	670593541
670606215	Triggered	1,14,15,16,17,18,19,20,21,22,	 NoSound	40	2	670606215
670606419	Triggered	1,14,15,16,17,18,19,20,21,22,	 PureTone-9kHz	40	2	670606419
670610367	Triggered	4,42,43,44,45,46,	 NoSound	40	2	670610367
670610568	Triggered	4,42,43,44,45,46,	 File_beep2	40	2	670610568
670656935	Triggered	1,14,15,16,17,18,19,20,21,22,	 NoSound	40	2	670656935
670657139	Triggered	1,14,15,16,17,18,19,20,21,22,	 PureTone-7kHz	40	2	670657139
670660845	Triggered	4,42,43,44,45,46,	 NoSound	40	2	670660845
670661046	Triggered	4,42,43,44,45,46,	 File_beep1	40	2	670661046
670678481	Triggered	1,14,15,16,17,18,19,20,21,22,	 NoSound	40	2	670678481
670678684	Triggered	1,14,15,16,17,18,19,20,21,22,	 PureTone-5kHz	40	2	670678684
670682143	Triggered	6,47,48,49,50,51,	 NoSound	40	2	670682143
670682344	Triggered	6,47,48,49,50,51,	 File_beep1	40	2	670682344
670705429	Triggered	1,14,15,16,17,18,19,20,21,22,	 NoSound	40	2	670705429
670705632	Triggered	1,14,15,16,17,18,19,20,21,22,	 PureTone-3kHz	40	2	670705632
670711264	Triggered	4,42,43,44,45,46,	 NoSound	40	2	670711264
670711465	Triggered	4,42,43,44,45,46,	 File_beep1	40	2	670711465
670775942	Triggered	1,14,15,16,17,18,19,20,21,22,	 NoSound	40	2	670775942
670776145	Triggered	1,14,15,16,17,18,19,20,21,22,	 PureTone-2kHz	40	2	670776145
670780575	Triggered	4,42,43,44,45,46,	 NoSound	40	2	670780575
670780775	Triggered	4,42,43,44,45,46,	 File_beep1	40	2	670780775
670866672	Triggered	1,14,15,16,17,18,19,20,21,22,	 NoSound	40	2	670866672
670866874	Triggered	1,14,15,16,17,18,19,20,21,22,	 PureTone-1kHz	40	2	670866874
670871367	Triggered	6,47,48,49,50,51,	 NoSound	40	2	670871367
670871569	Triggered	6,47,48,49,50,51,	 File_beep3	40	2	670871569
670886046	Triggered	1,14,15,16,17,18,19,20,21,22,	 NoSound	40	2	670886046
670886247	Triggered	1,14,15,16,17,18,19,20,21,22,	 StopSoundShort	40	2	670886247
670909751	Triggered	5,23,24,25,26,27,28,29,30,31,	 NoSound	40	2	670909751
670914504	Triggered	2,37,38,39,40,41,	 NoSound	40	2	670914504
670914705	Triggered	2,37,38,39,40,41,	 File_beep1	40	2	670914705
670942902	Triggered	5,23,24,25,26,27,28,29,30,31,	 NoSound	40	2	670942902
671014200	Triggered	2,37,38,39,40,41,	 NoSound	40	2	671014200
671014401	Triggered	2,37,38,39,40,41,	 File_beep2	40	2	671014401
671661761	Triggered	5,23,24,25,26,27,28,29,30,31,	 NoSound	40	2	671661761
671726800	Triggered	2,37,38,39,40,41,	 NoSound	40	2	671726800
671727003	Triggered	2,37,38,39,40,41,	 File_beep5	40	2	671727003
671754838	Triggered	5,23,24,25,26,27,28,29,30,31,	 NoSound	40	2	671754838
671755043	Triggered	5,23,24,25,26,27,28,29,30,31,	 PureTone-9kHz	40	2	671755043
671765788	Triggered	8,52,53,54,55,56,	 NoSound	40	2	671765788
671765989	Triggered	8,52,53,54,55,56,	 File_beep1	40	2	671765989
671808445	Triggered	5,23,24,25,26,27,28,29,30,31,	 NoSound	40	2	671808445
671808649	Triggered	5,23,24,25,26,27,28,29,30,31,	 PureTone-7kHz	40	2	671808649
672452973	EndFile	Wednesday, April 21, 2021	4:35:12 PM	EndFile	EndFile	672452973
