Ver1.3	595213308	StartFile	4/4/2021	10:38:30 AM	E:\BehavioralExperiments\Twenty\Horizon\RawData\040421\SoundData.txt	595213308
595563087	Triggered	5,23,24,25,26,27,28,29,30,31,	 NoSound	40	2	595563087
595563289	Triggered	5,23,24,25,26,27,28,29,30,31,	 StopSoundLong	40	2	595563289
595575362	Triggered	1,14,15,16,17,18,19,20,21,22,	 NoSound	40	2	595575362
595575566	Triggered	1,14,15,16,17,18,19,20,21,22,	 PureTone-11kHz	40	2	595575566
595580237	Triggered	4,42,43,44,45,46,	 NoSound	40	2	595580237
595587818	Triggered	1,14,15,16,17,18,19,20,21,22,	 NoSound	40	2	595587818
595588021	Triggered	1,14,15,16,17,18,19,20,21,22,	 PureTone-9kHz	40	2	595588021
595592277	Triggered	6,47,48,49,50,51,	 NoSound	40	2	595592277
595592479	Triggered	6,47,48,49,50,51,	 File_beep4	40	2	595592479
595604904	Triggered	1,14,15,16,17,18,19,20,21,22,	 NoSound	40	2	595604904
595605107	Triggered	1,14,15,16,17,18,19,20,21,22,	 PureTone-7kHz	40	2	595605107
595608651	Triggered	6,47,48,49,50,51,	 NoSound	40	2	595608651
595608855	Triggered	6,47,48,49,50,51,	 File_beep4	40	2	595608855
595620487	Triggered	1,14,15,16,17,18,19,20,21,22,	 NoSound	40	2	595620487
595620688	Triggered	1,14,15,16,17,18,19,20,21,22,	 PureTone-5kHz	40	2	595620688
595623736	Triggered	6,47,48,49,50,51,	 NoSound	40	2	595623736
595623938	Triggered	6,47,48,49,50,51,	 File_beep4	40	2	595623938
595635769	Triggered	1,14,15,16,17,18,19,20,21,22,	 NoSound	40	2	595635769
595635970	Triggered	1,14,15,16,17,18,19,20,21,22,	 PureTone-3kHz	40	2	595635970
595639018	Triggered	6,47,48,49,50,51,	 NoSound	40	2	595639018
595639220	Triggered	6,47,48,49,50,51,	 File_beep4	40	2	595639220
595650449	Triggered	1,14,15,16,17,18,19,20,21,22,	 NoSound	40	2	595650449
595650650	Triggered	1,14,15,16,17,18,19,20,21,22,	 PureTone-2kHz	40	2	595650650
595653638	Triggered	6,47,48,49,50,51,	 NoSound	40	2	595653638
595653840	Triggered	6,47,48,49,50,51,	 File_beep4	40	2	595653840
595678003	Triggered	1,14,15,16,17,18,19,20,21,22,	 NoSound	40	2	595678003
595678206	Triggered	1,14,15,16,17,18,19,20,21,22,	 PureTone-1kHz	40	2	595678206
595681495	Triggered	6,47,48,49,50,51,	 NoSound	40	2	595681495
595681697	Triggered	6,47,48,49,50,51,	 File_beep4	40	2	595681697
595694136	Triggered	1,14,15,16,17,18,19,20,21,22,	 NoSound	40	2	595694136
595694338	Triggered	1,14,15,16,17,18,19,20,21,22,	 StopSoundShort	40	2	595694338
595718798	Triggered	8,52,53,54,55,56,	 NoSound	40	2	595718798
595719001	Triggered	8,52,53,54,55,56,	 File_beep3	40	2	595719001
595732695	Triggered	5,23,24,25,26,27,28,29,30,31,	 NoSound	40	2	595732695
595732897	Triggered	5,23,24,25,26,27,28,29,30,31,	 PureTone-1kHz	40	2	595732897
595735886	Triggered	8,52,53,54,55,56,	 NoSound	40	2	595735886
595736087	Triggered	8,52,53,54,55,56,	 File_beep3	40	2	595736087
595749843	Triggered	5,23,24,25,26,27,28,29,30,31,	 NoSound	40	2	595749843
595750044	Triggered	5,23,24,25,26,27,28,29,30,31,	 StopSoundLong	40	2	595750044
595772105	Triggered	1,14,15,16,17,18,19,20,21,22,	 NoSound	40	2	595772105
595772309	Triggered	1,14,15,16,17,18,19,20,21,22,	 PureTone-11kHz	40	2	595772309
595775353	Triggered	6,47,48,49,50,51,	 NoSound	40	2	595775353
595775554	Triggered	6,47,48,49,50,51,	 File_beep2	40	2	595775554
595784256	Triggered	1,14,15,16,17,18,19,20,21,22,	 NoSound	40	2	595784256
595784459	Triggered	1,14,15,16,17,18,19,20,21,22,	 PureTone-9kHz	40	2	595784459
595787162	Triggered	6,47,48,49,50,51,	 NoSound	40	2	595787162
595787364	Triggered	6,47,48,49,50,51,	 File_beep2	40	2	595787364
595794906	Triggered	1,14,15,16,17,18,19,20,21,22,	 NoSound	40	2	595794906
595795108	Triggered	1,14,15,16,17,18,19,20,21,22,	 PureTone-7kHz	40	2	595795108
595797927	Triggered	6,47,48,49,50,51,	 NoSound	40	2	595797927
595798129	Triggered	6,47,48,49,50,51,	 File_beep2	40	2	595798129
595806217	Triggered	1,14,15,16,17,18,19,20,21,22,	 NoSound	40	2	595806217
595806419	Triggered	1,14,15,16,17,18,19,20,21,22,	 PureTone-5kHz	40	2	595806419
595820778	Triggered	4,42,43,44,45,46,	 NoSound	40	2	595820778
595820978	Triggered	4,42,43,44,45,46,	 File_beep1	40	2	595820978
595827274	Triggered	1,14,15,16,17,18,19,20,21,22,	 NoSound	40	2	595827274
595827477	Triggered	1,14,15,16,17,18,19,20,21,22,	 PureTone-3kHz	40	2	595827477
595830343	Triggered	6,47,48,49,50,51,	 NoSound	40	2	595830343
595830545	Triggered	6,47,48,49,50,51,	 File_beep2	40	2	595830545
595839188	Triggered	1,14,15,16,17,18,19,20,21,22,	 NoSound	40	2	595839188
595839391	Triggered	1,14,15,16,17,18,19,20,21,22,	 PureTone-2kHz	40	2	595839391
595841835	Triggered	6,47,48,49,50,51,	 NoSound	40	2	595841835
595842037	Triggered	6,47,48,49,50,51,	 File_beep2	40	2	595842037
595851461	Triggered	1,14,15,16,17,18,19,20,21,22,	 NoSound	40	2	595851461
595851662	Triggered	1,14,15,16,17,18,19,20,21,22,	 PureTone-1kHz	40	2	595851662
595854891	Triggered	6,47,48,49,50,51,	 NoSound	40	2	595854891
595855093	Triggered	6,47,48,49,50,51,	 File_beep2	40	2	595855093
595864096	Triggered	1,14,15,16,17,18,19,20,21,22,	 NoSound	40	2	595864096
595864297	Triggered	1,14,15,16,17,18,19,20,21,22,	 StopSoundShort	40	2	595864297
595885034	Triggered	2,37,38,39,40,41,	 NoSound	40	2	595885034
595885237	Triggered	2,37,38,39,40,41,	 File_beep4	40	2	595885237
595898451	Triggered	5,23,24,25,26,27,28,29,30,31,	 NoSound	40	2	595898451
595898652	Triggered	5,23,24,25,26,27,28,29,30,31,	 PureTone-1kHz	40	2	595898652
595901582	Triggered	8,52,53,54,55,56,	 NoSound	40	2	595901582
595901784	Triggered	8,52,53,54,55,56,	 File_beep5	40	2	595901784
595920170	Triggered	5,23,24,25,26,27,28,29,30,31,	 NoSound	40	2	595920170
595920371	Triggered	5,23,24,25,26,27,28,29,30,31,	 StopSoundLong	40	2	595920371
595937739	Triggered	6,47,48,49,50,51,	 NoSound	40	2	595937739
595937943	Triggered	6,47,48,49,50,51,	 File_beep4	40	2	595937943
595948569	Triggered	1,14,15,16,17,18,19,20,21,22,	 NoSound	40	2	595948569
595948773	Triggered	1,14,15,16,17,18,19,20,21,22,	 PureTone-9kHz	40	2	595948773
595951517	Triggered	6,47,48,49,50,51,	 NoSound	40	2	595951517
595951720	Triggered	6,47,48,49,50,51,	 File_beep4	40	2	595951720
595962226	Triggered	1,14,15,16,17,18,19,20,21,22,	 NoSound	40	2	595962226
595962430	Triggered	1,14,15,16,17,18,19,20,21,22,	 PureTone-7kHz	40	2	595962430
595965235	Triggered	6,47,48,49,50,51,	 NoSound	40	2	595965235
595965436	Triggered	6,47,48,49,50,51,	 File_beep4	40	2	595965436
595975944	Triggered	1,14,15,16,17,18,19,20,21,22,	 NoSound	40	2	595975944
595976146	Triggered	1,14,15,16,17,18,19,20,21,22,	 PureTone-5kHz	40	2	595976146
595979133	Triggered	6,47,48,49,50,51,	 NoSound	40	2	595979133
595979335	Triggered	6,47,48,49,50,51,	 File_beep4	40	2	595979335
595990625	Triggered	1,14,15,16,17,18,19,20,21,22,	 NoSound	40	2	595990625
595990828	Triggered	1,14,15,16,17,18,19,20,21,22,	 PureTone-3kHz	40	2	595990828
595993935	Triggered	6,47,48,49,50,51,	 NoSound	40	2	595993935
595994136	Triggered	6,47,48,49,50,51,	 File_beep4	40	2	595994136
596006087	Triggered	1,14,15,16,17,18,19,20,21,22,	 NoSound	40	2	596006087
596006289	Triggered	1,14,15,16,17,18,19,20,21,22,	 PureTone-2kHz	40	2	596006289
596009457	Triggered	6,47,48,49,50,51,	 NoSound	40	2	596009457
596009659	Triggered	6,47,48,49,50,51,	 File_beep4	40	2	596009659
596021128	Triggered	1,14,15,16,17,18,19,20,21,22,	 NoSound	40	2	596021128
596021330	Triggered	1,14,15,16,17,18,19,20,21,22,	 PureTone-1kHz	40	2	596021330
596024498	Triggered	6,47,48,49,50,51,	 NoSound	40	2	596024498
596024700	Triggered	6,47,48,49,50,51,	 File_beep4	40	2	596024700
596036592	Triggered	1,14,15,16,17,18,19,20,21,22,	 NoSound	40	2	596036592
596036794	Triggered	1,14,15,16,17,18,19,20,21,22,	 StopSoundShort	40	2	596036794
596057168	Triggered	5,23,24,25,26,27,28,29,30,31,	 NoSound	40	2	596057168
596057371	Triggered	5,23,24,25,26,27,28,29,30,31,	 PureTone-2kHz	40	2	596057371
596060424	Triggered	8,52,53,54,55,56,	 NoSound	40	2	596060424
596060625	Triggered	8,52,53,54,55,56,	 File_beep2	40	2	596060625
596070224	Triggered	5,23,24,25,26,27,28,29,30,31,	 NoSound	40	2	596070224
596070426	Triggered	5,23,24,25,26,27,28,29,30,31,	 PureTone-1kHz	40	2	596070426
596073352	Triggered	8,52,53,54,55,56,	 NoSound	40	2	596073352
596073554	Triggered	8,52,53,54,55,56,	 File_beep2	40	2	596073554
596085988	Triggered	5,23,24,25,26,27,28,29,30,31,	 NoSound	40	2	596085988
596086190	Triggered	5,23,24,25,26,27,28,29,30,31,	 StopSoundLong	40	2	596086190
596102654	Triggered	1,14,15,16,17,18,19,20,21,22,	 NoSound	40	2	596102654
596102860	Triggered	1,14,15,16,17,18,19,20,21,22,	 PureTone-11kHz	40	2	596102860
596105782	Triggered	6,47,48,49,50,51,	 NoSound	40	2	596105782
596105996	Triggered	6,47,48,49,50,51,	 File_beep3	40	2	596105996
596116973	Triggered	1,14,15,16,17,18,19,20,21,22,	 NoSound	40	2	596116973
596117177	Triggered	1,14,15,16,17,18,19,20,21,22,	 PureTone-9kHz	40	2	596117177
596120041	Triggered	6,47,48,49,50,51,	 NoSound	40	2	596120041
596120242	Triggered	6,47,48,49,50,51,	 File_beep3	40	2	596120242
596130271	Triggered	1,14,15,16,17,18,19,20,21,22,	 NoSound	40	2	596130271
596130474	Triggered	1,14,15,16,17,18,19,20,21,22,	 PureTone-7kHz	40	2	596130474
596133339	Triggered	6,47,48,49,50,51,	 NoSound	40	2	596133339
596133541	Triggered	6,47,48,49,50,51,	 File_beep3	40	2	596133541
596143446	Triggered	1,14,15,16,17,18,19,20,21,22,	 NoSound	40	2	596143446
596143649	Triggered	1,14,15,16,17,18,19,20,21,22,	 PureTone-5kHz	40	2	596143649
596146754	Triggered	6,47,48,49,50,51,	 NoSound	40	2	596146754
596146956	Triggered	6,47,48,49,50,51,	 File_beep3	40	2	596146956
596157344	Triggered	1,14,15,16,17,18,19,20,21,22,	 NoSound	40	2	596157344
596157547	Triggered	1,14,15,16,17,18,19,20,21,22,	 PureTone-3kHz	40	2	596157547
596160413	Triggered	6,47,48,49,50,51,	 NoSound	40	2	596160413
596160614	Triggered	6,47,48,49,50,51,	 File_beep3	40	2	596160614
596170040	Triggered	1,14,15,16,17,18,19,20,21,22,	 NoSound	40	2	596170040
596170242	Triggered	1,14,15,16,17,18,19,20,21,22,	 PureTone-2kHz	40	2	596170242
596173290	Triggered	6,47,48,49,50,51,	 NoSound	40	2	596173290
596173492	Triggered	6,47,48,49,50,51,	 File_beep3	40	2	596173492
596183456	Triggered	1,14,15,16,17,18,19,20,21,22,	 NoSound	40	2	596183456
596183658	Triggered	1,14,15,16,17,18,19,20,21,22,	 PureTone-1kHz	40	2	596183658
596186645	Triggered	6,47,48,49,50,51,	 NoSound	40	2	596186645
596186847	Triggered	6,47,48,49,50,51,	 File_beep3	40	2	596186847
596201626	Triggered	1,14,15,16,17,18,19,20,21,22,	 NoSound	40	2	596201626
596201826	Triggered	1,14,15,16,17,18,19,20,21,22,	 StopSoundShort	40	2	596201826
596214501	Triggered	5,23,24,25,26,27,28,29,30,31,	 NoSound	40	2	596214501
596214704	Triggered	5,23,24,25,26,27,28,29,30,31,	 PureTone-2kHz	40	2	596214704
596217933	Triggered	8,52,53,54,55,56,	 NoSound	40	2	596217933
596218135	Triggered	8,52,53,54,55,56,	 File_beep3	40	2	596218135
596233695	Triggered	5,23,24,25,26,27,28,29,30,31,	 NoSound	40	2	596233695
596233897	Triggered	5,23,24,25,26,27,28,29,30,31,	 PureTone-1kHz	40	2	596233897
596237063	Triggered	8,52,53,54,55,56,	 NoSound	40	2	596237063
596237265	Triggered	8,52,53,54,55,56,	 File_beep3	40	2	596237265
596252947	Triggered	5,23,24,25,26,27,28,29,30,31,	 NoSound	40	2	596252947
596253161	Triggered	5,23,24,25,26,27,28,29,30,31,	 StopSoundLong	40	2	596253161
596263537	Triggered	1,14,15,16,17,18,19,20,21,22,	 NoSound	40	2	596263537
596263740	Triggered	1,14,15,16,17,18,19,20,21,22,	 PureTone-11kHz	40	2	596263740
596272683	Triggered	6,47,48,49,50,51,	 NoSound	40	2	596272683
596279179	Triggered	1,14,15,16,17,18,19,20,21,22,	 NoSound	40	2	596279179
596279384	Triggered	1,14,15,16,17,18,19,20,21,22,	 PureTone-9kHz	40	2	596279384
596282429	Triggered	6,47,48,49,50,51,	 NoSound	40	2	596282429
596286942	Triggered	1,14,15,16,17,18,19,20,21,22,	 NoSound	40	2	596286942
596287146	Triggered	1,14,15,16,17,18,19,20,21,22,	 PureTone-7kHz	40	2	596287146
596290190	Triggered	4,42,43,44,45,46,	 NoSound	40	2	596290190
596290390	Triggered	4,42,43,44,45,46,	 File_beep2	40	2	596290390
596298552	Triggered	1,14,15,16,17,18,19,20,21,22,	 NoSound	40	2	596298552
596298766	Triggered	1,14,15,16,17,18,19,20,21,22,	 PureTone-5kHz	40	2	596298766
596301982	Triggered	6,47,48,49,50,51,	 NoSound	40	2	596301982
596305894	Triggered	1,14,15,16,17,18,19,20,21,22,	 NoSound	40	2	596305894
596306097	Triggered	1,14,15,16,17,18,19,20,21,22,	 PureTone-3kHz	40	2	596306097
596309503	Triggered	4,42,43,44,45,46,	 NoSound	40	2	596309503
596309705	Triggered	4,42,43,44,45,46,	 File_beep2	40	2	596309705
596318234	Triggered	1,14,15,16,17,18,19,20,21,22,	 NoSound	40	2	596318234
596318436	Triggered	1,14,15,16,17,18,19,20,21,22,	 PureTone-2kHz	40	2	596318436
596321597	Triggered	6,47,48,49,50,51,	 NoSound	40	2	596321597
596327673	Triggered	1,14,15,16,17,18,19,20,21,22,	 NoSound	40	2	596327673
596327875	Triggered	1,14,15,16,17,18,19,20,21,22,	 PureTone-1kHz	40	2	596327875
596331222	Triggered	6,47,48,49,50,51,	 NoSound	40	2	596331222
596335916	Triggered	1,14,15,16,17,18,19,20,21,22,	 NoSound	40	2	596335916
596336116	Triggered	1,14,15,16,17,18,19,20,21,22,	 StopSoundShort	40	2	596336116
596359621	Triggered	8,52,53,54,55,56,	 NoSound	40	2	596359621
596359825	Triggered	8,52,53,54,55,56,	 File_beep4	40	2	596359825
596373230	Triggered	5,23,24,25,26,27,28,29,30,31,	 NoSound	40	2	596373230
596373432	Triggered	5,23,24,25,26,27,28,29,30,31,	 PureTone-1kHz	40	2	596373432
596375986	Triggered	8,52,53,54,55,56,	 NoSound	40	2	596375986
596376189	Triggered	8,52,53,54,55,56,	 File_beep4	40	2	596376189
596392050	Triggered	5,23,24,25,26,27,28,29,30,31,	 NoSound	40	2	596392050
596392252	Triggered	5,23,24,25,26,27,28,29,30,31,	 StopSoundLong	40	2	596392252
596409679	Triggered	6,47,48,49,50,51,	 NoSound	40	2	596409679
596409883	Triggered	6,47,48,49,50,51,	 File_beep4	40	2	596409883
596419787	Triggered	1,14,15,16,17,18,19,20,21,22,	 NoSound	40	2	596419787
596419991	Triggered	1,14,15,16,17,18,19,20,21,22,	 PureTone-9kHz	40	2	596419991
596422922	Triggered	6,47,48,49,50,51,	 NoSound	40	2	596422922
596423124	Triggered	6,47,48,49,50,51,	 File_beep4	40	2	596423124
596446626	Triggered	1,14,15,16,17,18,19,20,21,22,	 NoSound	40	2	596446626
596446829	Triggered	1,14,15,16,17,18,19,20,21,22,	 PureTone-7kHz	40	2	596446829
596449571	Triggered	6,47,48,49,50,51,	 NoSound	40	2	596449571
596449773	Triggered	6,47,48,49,50,51,	 File_beep4	40	2	596449773
596467620	Triggered	1,14,15,16,17,18,19,20,21,22,	 NoSound	40	2	596467620
596467822	Triggered	1,14,15,16,17,18,19,20,21,22,	 PureTone-5kHz	40	2	596467822
596471357	Triggered	4,42,43,44,45,46,	 NoSound	40	2	596471357
596471559	Triggered	4,42,43,44,45,46,	 File_beep3	40	2	596471559
596480374	Triggered	1,14,15,16,17,18,19,20,21,22,	 NoSound	40	2	596480374
596480576	Triggered	1,14,15,16,17,18,19,20,21,22,	 PureTone-3kHz	40	2	596480576
596484103	Triggered	6,47,48,49,50,51,	 NoSound	40	2	596484103
596484319	Triggered	6,47,48,49,50,51,	 File_beep4	40	2	596484319
596501312	Triggered	1,14,15,16,17,18,19,20,21,22,	 NoSound	40	2	596501312
596501515	Triggered	1,14,15,16,17,18,19,20,21,22,	 PureTone-2kHz	40	2	596501515
596504260	Triggered	6,47,48,49,50,51,	 NoSound	40	2	596504260
596504461	Triggered	6,47,48,49,50,51,	 File_beep4	40	2	596504461
596563705	Triggered	1,14,15,16,17,18,19,20,21,22,	 NoSound	40	2	596563705
596563906	Triggered	1,14,15,16,17,18,19,20,21,22,	 PureTone-1kHz	40	2	596563906
596567568	Triggered	4,42,43,44,45,46,	 NoSound	40	2	596567568
596567769	Triggered	4,42,43,44,45,46,	 File_beep3	40	2	596567769
596577183	Triggered	1,14,15,16,17,18,19,20,21,22,	 NoSound	40	2	596577183
596577384	Triggered	1,14,15,16,17,18,19,20,21,22,	 StopSoundShort	40	2	596577384
596590237	Triggered	5,23,24,25,26,27,28,29,30,31,	 NoSound	40	2	596590237
596590439	Triggered	5,23,24,25,26,27,28,29,30,31,	 PureTone-2kHz	40	2	596590439
596593246	Triggered	8,52,53,54,55,56,	 NoSound	40	2	596593246
596593447	Triggered	8,52,53,54,55,56,	 File_beep2	40	2	596593447
596605400	Triggered	5,23,24,25,26,27,28,29,30,31,	 NoSound	40	2	596605400
596605602	Triggered	5,23,24,25,26,27,28,29,30,31,	 PureTone-1kHz	40	2	596605602
596608649	Triggered	8,52,53,54,55,56,	 NoSound	40	2	596608649
596608863	Triggered	8,52,53,54,55,56,	 File_beep2	40	2	596608863
596620923	Triggered	5,23,24,25,26,27,28,29,30,31,	 NoSound	40	2	596620923
596621124	Triggered	5,23,24,25,26,27,28,29,30,31,	 StopSoundLong	40	2	596621124
596640656	Triggered	1,14,15,16,17,18,19,20,21,22,	 NoSound	40	2	596640656
596640860	Triggered	1,14,15,16,17,18,19,20,21,22,	 PureTone-11kHz	40	2	596640860
596643725	Triggered	6,47,48,49,50,51,	 NoSound	40	2	596643725
596643925	Triggered	6,47,48,49,50,51,	 File_beep1	40	2	596643925
596650533	Triggered	1,14,15,16,17,18,19,20,21,22,	 NoSound	40	2	596650533
596650735	Triggered	1,14,15,16,17,18,19,20,21,22,	 PureTone-9kHz	40	2	596650735
596653472	Triggered	6,47,48,49,50,51,	 NoSound	40	2	596653472
596653673	Triggered	6,47,48,49,50,51,	 File_beep1	40	2	596653673
596661835	Triggered	1,14,15,16,17,18,19,20,21,22,	 NoSound	40	2	596661835
596662037	Triggered	1,14,15,16,17,18,19,20,21,22,	 PureTone-7kHz	40	2	596662037
596665023	Triggered	6,47,48,49,50,51,	 NoSound	40	2	596665023
596665224	Triggered	6,47,48,49,50,51,	 File_beep1	40	2	596665224
596672183	Triggered	1,14,15,16,17,18,19,20,21,22,	 NoSound	40	2	596672183
596672386	Triggered	1,14,15,16,17,18,19,20,21,22,	 PureTone-5kHz	40	2	596672386
596675613	Triggered	6,47,48,49,50,51,	 NoSound	40	2	596675613
596675827	Triggered	6,47,48,49,50,51,	 File_beep1	40	2	596675827
596686563	Triggered	1,14,15,16,17,18,19,20,21,22,	 NoSound	40	2	596686563
596686764	Triggered	1,14,15,16,17,18,19,20,21,22,	 PureTone-3kHz	40	2	596686764
596690173	Triggered	6,47,48,49,50,51,	 NoSound	40	2	596690173
596690374	Triggered	6,47,48,49,50,51,	 File_beep1	40	2	596690374
596703891	Triggered	1,14,15,16,17,18,19,20,21,22,	 NoSound	40	2	596703891
596704092	Triggered	1,14,15,16,17,18,19,20,21,22,	 PureTone-2kHz	40	2	596704092
596707200	Triggered	4,42,43,44,45,46,	 NoSound	40	2	596707200
596707402	Triggered	4,42,43,44,45,46,	 File_beep5	40	2	596707402
596722182	Triggered	1,14,15,16,17,18,19,20,21,22,	 NoSound	40	2	596722182
596722384	Triggered	1,14,15,16,17,18,19,20,21,22,	 PureTone-1kHz	40	2	596722384
596725189	Triggered	4,42,43,44,45,46,	 NoSound	40	2	596725189
596725391	Triggered	4,42,43,44,45,46,	 File_beep5	40	2	596725391
596757497	Triggered	1,14,15,16,17,18,19,20,21,22,	 NoSound	40	2	596757497
596757697	Triggered	1,14,15,16,17,18,19,20,21,22,	 StopSoundShort	40	2	596757697
596786978	Triggered	5,23,24,25,26,27,28,29,30,31,	 NoSound	40	2	596786978
596787180	Triggered	5,23,24,25,26,27,28,29,30,31,	 PureTone-2kHz	40	2	596787180
596790349	Triggered	8,52,53,54,55,56,	 NoSound	40	2	596790349
596794568	Triggered	5,23,24,25,26,27,28,29,30,31,	 NoSound	40	2	596794568
596794770	Triggered	5,23,24,25,26,27,28,29,30,31,	 PureTone-1kHz	40	2	596794770
596800518	Triggered	2,37,38,39,40,41,	 NoSound	40	2	596800518
596800732	Triggered	2,37,38,39,40,41,	 File_beep3	40	2	596800732
596814115	Triggered	5,23,24,25,26,27,28,29,30,31,	 NoSound	40	2	596814115
596814316	Triggered	5,23,24,25,26,27,28,29,30,31,	 StopSoundLong	40	2	596814316
596825366	Triggered	1,14,15,16,17,18,19,20,21,22,	 NoSound	40	2	596825366
596825570	Triggered	1,14,15,16,17,18,19,20,21,22,	 PureTone-11kHz	40	2	596825570
596828494	Triggered	6,47,48,49,50,51,	 NoSound	40	2	596828494
596828694	Triggered	6,47,48,49,50,51,	 File_beep2	40	2	596828694
596836374	Triggered	1,14,15,16,17,18,19,20,21,22,	 NoSound	40	2	596836374
596836579	Triggered	1,14,15,16,17,18,19,20,21,22,	 PureTone-9kHz	40	2	596836579
596839384	Triggered	6,47,48,49,50,51,	 NoSound	40	2	596839384
596839585	Triggered	6,47,48,49,50,51,	 File_beep2	40	2	596839585
596858938	Triggered	1,14,15,16,17,18,19,20,21,22,	 NoSound	40	2	596858938
596859150	Triggered	1,14,15,16,17,18,19,20,21,22,	 PureTone-7kHz	40	2	596859150
596862125	Triggered	6,47,48,49,50,51,	 NoSound	40	2	596862125
596862327	Triggered	6,47,48,49,50,51,	 File_beep2	40	2	596862327
596871934	Triggered	1,14,15,16,17,18,19,20,21,22,	 NoSound	40	2	596871934
596872135	Triggered	1,14,15,16,17,18,19,20,21,22,	 PureTone-5kHz	40	2	596872135
596875122	Triggered	6,47,48,49,50,51,	 NoSound	40	2	596875122
596875322	Triggered	6,47,48,49,50,51,	 File_beep2	40	2	596875322
596883304	Triggered	1,14,15,16,17,18,19,20,21,22,	 NoSound	40	2	596883304
596883507	Triggered	1,14,15,16,17,18,19,20,21,22,	 PureTone-3kHz	40	2	596883507
596886674	Triggered	6,47,48,49,50,51,	 NoSound	40	2	596886674
596886877	Triggered	6,47,48,49,50,51,	 File_beep2	40	2	596886877
596898350	Triggered	1,14,15,16,17,18,19,20,21,22,	 NoSound	40	2	596898350
596898551	Triggered	1,14,15,16,17,18,19,20,21,22,	 PureTone-2kHz	40	2	596898551
596901774	Triggered	6,47,48,49,50,51,	 NoSound	40	2	596901774
596901987	Triggered	6,47,48,49,50,51,	 File_beep2	40	2	596901987
596917718	Triggered	1,14,15,16,17,18,19,20,21,22,	 NoSound	40	2	596917718
596917934	Triggered	1,14,15,16,17,18,19,20,21,22,	 PureTone-1kHz	40	2	596917934
596921509	Triggered	6,47,48,49,50,51,	 NoSound	40	2	596921509
596921711	Triggered	6,47,48,49,50,51,	 File_beep2	40	2	596921711
596932220	Triggered	1,14,15,16,17,18,19,20,21,22,	 NoSound	40	2	596932220
596932420	Triggered	1,14,15,16,17,18,19,20,21,22,	 StopSoundShort	40	2	596932420
596944913	Triggered	5,23,24,25,26,27,28,29,30,31,	 NoSound	40	2	596944913
596945116	Triggered	5,23,24,25,26,27,28,29,30,31,	 PureTone-2kHz	40	2	596945116
596947982	Triggered	8,52,53,54,55,56,	 NoSound	40	2	596947982
596948184	Triggered	8,52,53,54,55,56,	 File_beep3	40	2	596948184
596963926	Triggered	5,23,24,25,26,27,28,29,30,31,	 NoSound	40	2	596963926
596964127	Triggered	5,23,24,25,26,27,28,29,30,31,	 PureTone-1kHz	40	2	596964127
596966827	Triggered	8,52,53,54,55,56,	 NoSound	40	2	596966827
596967030	Triggered	8,52,53,54,55,56,	 File_beep3	40	2	596967030
596984262	Triggered	5,23,24,25,26,27,28,29,30,31,	 NoSound	40	2	596984262
596984463	Triggered	5,23,24,25,26,27,28,29,30,31,	 StopSoundLong	40	2	596984463
597001771	Triggered	6,47,48,49,50,51,	 NoSound	40	2	597001771
597001974	Triggered	6,47,48,49,50,51,	 File_beep5	40	2	597001974
597013141	Triggered	1,14,15,16,17,18,19,20,21,22,	 NoSound	40	2	597013141
597013345	Triggered	1,14,15,16,17,18,19,20,21,22,	 PureTone-9kHz	40	2	597013345
597015788	Triggered	6,47,48,49,50,51,	 NoSound	40	2	597015788
597015989	Triggered	6,47,48,49,50,51,	 File_beep5	40	2	597015989
597028844	Triggered	1,14,15,16,17,18,19,20,21,22,	 NoSound	40	2	597028844
597029048	Triggered	1,14,15,16,17,18,19,20,21,22,	 PureTone-7kHz	40	2	597029048
597031552	Triggered	6,47,48,49,50,51,	 NoSound	40	2	597031552
597031753	Triggered	6,47,48,49,50,51,	 File_beep5	40	2	597031753
597044127	Triggered	1,14,15,16,17,18,19,20,21,22,	 NoSound	40	2	597044127
597044330	Triggered	1,14,15,16,17,18,19,20,21,22,	 PureTone-5kHz	40	2	597044330
597046895	Triggered	6,47,48,49,50,51,	 NoSound	40	2	597046895
597047108	Triggered	6,47,48,49,50,51,	 File_beep5	40	2	597047108
597060912	Triggered	1,14,15,16,17,18,19,20,21,22,	 NoSound	40	2	597060912
597061126	Triggered	1,14,15,16,17,18,19,20,21,22,	 PureTone-3kHz	40	2	597061126
597063982	Triggered	6,47,48,49,50,51,	 NoSound	40	2	597063982
597064184	Triggered	6,47,48,49,50,51,	 File_beep5	40	2	597064184
597076865	Triggered	1,14,15,16,17,18,19,20,21,22,	 NoSound	40	2	597076865
597077068	Triggered	1,14,15,16,17,18,19,20,21,22,	 PureTone-2kHz	40	2	597077068
597079746	Triggered	6,47,48,49,50,51,	 NoSound	40	2	597079746
597079948	Triggered	6,47,48,49,50,51,	 File_beep5	40	2	597079948
597093522	Triggered	1,14,15,16,17,18,19,20,21,22,	 NoSound	40	2	597093522
597093724	Triggered	1,14,15,16,17,18,19,20,21,22,	 PureTone-1kHz	40	2	597093724
597096530	Triggered	6,47,48,49,50,51,	 NoSound	40	2	597096530
597096732	Triggered	6,47,48,49,50,51,	 File_beep5	40	2	597096732
597109769	Triggered	1,14,15,16,17,18,19,20,21,22,	 NoSound	40	2	597109769
597109970	Triggered	1,14,15,16,17,18,19,20,21,22,	 StopSoundShort	40	2	597109970
597135472	Triggered	5,23,24,25,26,27,28,29,30,31,	 NoSound	40	2	597135472
597135676	Triggered	5,23,24,25,26,27,28,29,30,31,	 PureTone-2kHz	40	2	597135676
597138647	Triggered	8,52,53,54,55,56,	 NoSound	40	2	597138647
597146648	Triggered	5,23,24,25,26,27,28,29,30,31,	 NoSound	40	2	597146648
597146850	Triggered	5,23,24,25,26,27,28,29,30,31,	 PureTone-1kHz	40	2	597146850
597150919	Triggered	2,37,38,39,40,41,	 NoSound	40	2	597150919
597151121	Triggered	2,37,38,39,40,41,	 File_beep4	40	2	597151121
597164039	Triggered	5,23,24,25,26,27,28,29,30,31,	 NoSound	40	2	597164039
597164240	Triggered	5,23,24,25,26,27,28,29,30,31,	 StopSoundLong	40	2	597164240
597180041	Triggered	1,14,15,16,17,18,19,20,21,22,	 NoSound	40	2	597180041
597180245	Triggered	1,14,15,16,17,18,19,20,21,22,	 PureTone-11kHz	40	2	597180245
597183532	Triggered	6,47,48,49,50,51,	 NoSound	40	2	597183532
597183736	Triggered	6,47,48,49,50,51,	 File_beep5	40	2	597183736
597195568	Triggered	1,14,15,16,17,18,19,20,21,22,	 NoSound	40	2	597195568
597195771	Triggered	1,14,15,16,17,18,19,20,21,22,	 PureTone-9kHz	40	2	597195771
597198633	Triggered	6,47,48,49,50,51,	 NoSound	40	2	597198633
597198835	Triggered	6,47,48,49,50,51,	 File_beep5	40	2	597198835
597212712	Triggered	1,14,15,16,17,18,19,20,21,22,	 NoSound	40	2	597212712
597212915	Triggered	1,14,15,16,17,18,19,20,21,22,	 PureTone-7kHz	40	2	597212915
597215960	Triggered	6,47,48,49,50,51,	 NoSound	40	2	597215960
597216163	Triggered	6,47,48,49,50,51,	 File_beep5	40	2	597216163
597229557	Triggered	1,14,15,16,17,18,19,20,21,22,	 NoSound	40	2	597229557
597229759	Triggered	1,14,15,16,17,18,19,20,21,22,	 PureTone-5kHz	40	2	597229759
597232757	Triggered	6,47,48,49,50,51,	 NoSound	40	2	597232757
597232959	Triggered	6,47,48,49,50,51,	 File_beep5	40	2	597232959
597246224	Triggered	1,14,15,16,17,18,19,20,21,22,	 NoSound	40	2	597246224
597246425	Triggered	1,14,15,16,17,18,19,20,21,22,	 PureTone-3kHz	40	2	597246425
597249537	Triggered	6,47,48,49,50,51,	 NoSound	40	2	597249537
597249739	Triggered	6,47,48,49,50,51,	 File_beep5	40	2	597249739
597263851	Triggered	1,14,15,16,17,18,19,20,21,22,	 NoSound	40	2	597263851
597264054	Triggered	1,14,15,16,17,18,19,20,21,22,	 PureTone-2kHz	40	2	597264054
597267461	Triggered	6,47,48,49,50,51,	 NoSound	40	2	597267461
597267664	Triggered	6,47,48,49,50,51,	 File_beep5	40	2	597267664
597284068	Triggered	1,14,15,16,17,18,19,20,21,22,	 NoSound	40	2	597284068
597284270	Triggered	1,14,15,16,17,18,19,20,21,22,	 PureTone-1kHz	40	2	597284270
597287257	Triggered	6,47,48,49,50,51,	 NoSound	40	2	597287257
597287459	Triggered	6,47,48,49,50,51,	 File_beep5	40	2	597287459
597301334	Triggered	1,14,15,16,17,18,19,20,21,22,	 NoSound	40	2	597301334
597301535	Triggered	1,14,15,16,17,18,19,20,21,22,	 StopSoundShort	40	2	597301535
597319444	Triggered	5,23,24,25,26,27,28,29,30,31,	 NoSound	40	2	597319444
597319649	Triggered	5,23,24,25,26,27,28,29,30,31,	 PureTone-2kHz	40	2	597319649
597323241	Triggered	8,52,53,54,55,56,	 NoSound	40	2	597323241
597323442	Triggered	8,52,53,54,55,56,	 File_beep1	40	2	597323442
597339419	Triggered	5,23,24,25,26,27,28,29,30,31,	 NoSound	40	2	597339419
597339620	Triggered	5,23,24,25,26,27,28,29,30,31,	 PureTone-1kHz	40	2	597339620
597342848	Triggered	8,52,53,54,55,56,	 NoSound	40	2	597342848
597343049	Triggered	8,52,53,54,55,56,	 File_beep1	40	2	597343049
597359998	Triggered	5,23,24,25,26,27,28,29,30,31,	 NoSound	40	2	597359998
597360199	Triggered	5,23,24,25,26,27,28,29,30,31,	 StopSoundLong	40	2	597360199
597394894	Triggered	1,14,15,16,17,18,19,20,21,22,	 NoSound	40	2	597394894
597395111	Triggered	1,14,15,16,17,18,19,20,21,22,	 PureTone-11kHz	40	2	597395111
597398023	Triggered	6,47,48,49,50,51,	 NoSound	40	2	597398023
597398225	Triggered	6,47,48,49,50,51,	 File_beep3	40	2	597398225
597409153	Triggered	1,14,15,16,17,18,19,20,21,22,	 NoSound	40	2	597409153
597409356	Triggered	1,14,15,16,17,18,19,20,21,22,	 PureTone-9kHz	40	2	597409356
597412401	Triggered	6,47,48,49,50,51,	 NoSound	40	2	597412401
597412603	Triggered	6,47,48,49,50,51,	 File_beep3	40	2	597412603
597425097	Triggered	1,14,15,16,17,18,19,20,21,22,	 NoSound	40	2	597425097
597425299	Triggered	1,14,15,16,17,18,19,20,21,22,	 PureTone-7kHz	40	2	597425299
597428346	Triggered	6,47,48,49,50,51,	 NoSound	40	2	597428346
597428548	Triggered	6,47,48,49,50,51,	 File_beep3	40	2	597428548
597440559	Triggered	1,14,15,16,17,18,19,20,21,22,	 NoSound	40	2	597440559
597440763	Triggered	1,14,15,16,17,18,19,20,21,22,	 PureTone-5kHz	40	2	597440763
597443687	Triggered	6,47,48,49,50,51,	 NoSound	40	2	597443687
597443888	Triggered	6,47,48,49,50,51,	 File_beep3	40	2	597443888
597456871	Triggered	1,14,15,16,17,18,19,20,21,22,	 NoSound	40	2	597456871
597457074	Triggered	1,14,15,16,17,18,19,20,21,22,	 PureTone-3kHz	40	2	597457074
597460112	Triggered	6,47,48,49,50,51,	 NoSound	40	2	597460112
597460314	Triggered	6,47,48,49,50,51,	 File_beep3	40	2	597460314
597475996	Triggered	1,14,15,16,17,18,19,20,21,22,	 NoSound	40	2	597475996
597476199	Triggered	1,14,15,16,17,18,19,20,21,22,	 PureTone-2kHz	40	2	597476199
597479546	Triggered	6,47,48,49,50,51,	 NoSound	40	2	597479546
597479747	Triggered	6,47,48,49,50,51,	 File_beep3	40	2	597479747
597493866	Triggered	1,14,15,16,17,18,19,20,21,22,	 NoSound	40	2	597493866
597494068	Triggered	1,14,15,16,17,18,19,20,21,22,	 PureTone-1kHz	40	2	597494068
597497836	Triggered	6,47,48,49,50,51,	 NoSound	40	2	597497836
597498038	Triggered	6,47,48,49,50,51,	 File_beep3	40	2	597498038
597511674	Triggered	1,14,15,16,17,18,19,20,21,22,	 NoSound	40	2	597511674
597511875	Triggered	1,14,15,16,17,18,19,20,21,22,	 StopSoundShort	40	2	597511875
597550601	Triggered	5,23,24,25,26,27,28,29,30,31,	 NoSound	40	2	597550601
597550803	Triggered	5,23,24,25,26,27,28,29,30,31,	 PureTone-2kHz	40	2	597550803
597554153	Triggered	8,52,53,54,55,56,	 NoSound	40	2	597554153
597554353	Triggered	8,52,53,54,55,56,	 File_beep2	40	2	597554353
597571781	Triggered	5,23,24,25,26,27,28,29,30,31,	 NoSound	40	2	597571781
597571983	Triggered	5,23,24,25,26,27,28,29,30,31,	 PureTone-1kHz	40	2	597571983
597575511	Triggered	8,52,53,54,55,56,	 NoSound	40	2	597575511
597575712	Triggered	8,52,53,54,55,56,	 File_beep2	40	2	597575712
597597951	Triggered	5,23,24,25,26,27,28,29,30,31,	 NoSound	40	2	597597951
597598153	Triggered	5,23,24,25,26,27,28,29,30,31,	 StopSoundLong	40	2	597598153
597623583	Triggered	1,14,15,16,17,18,19,20,21,22,	 NoSound	40	2	597623583
597623801	Triggered	1,14,15,16,17,18,19,20,21,22,	 PureTone-11kHz	40	2	597623801
597626839	Triggered	6,47,48,49,50,51,	 NoSound	40	2	597626839
597627040	Triggered	6,47,48,49,50,51,	 File_beep1	40	2	597627040
597635075	Triggered	1,14,15,16,17,18,19,20,21,22,	 NoSound	40	2	597635075
597635277	Triggered	1,14,15,16,17,18,19,20,21,22,	 PureTone-9kHz	40	2	597635277
597639287	Triggered	6,47,48,49,50,51,	 NoSound	40	2	597639287
597639489	Triggered	6,47,48,49,50,51,	 File_beep1	40	2	597639489
597654032	Triggered	1,14,15,16,17,18,19,20,21,22,	 NoSound	40	2	597654032
597654235	Triggered	1,14,15,16,17,18,19,20,21,22,	 PureTone-7kHz	40	2	597654235
597658058	Triggered	4,42,43,44,45,46,	 NoSound	40	2	597658058
597658260	Triggered	4,42,43,44,45,46,	 File_beep3	40	2	597658260
597675026	Triggered	1,14,15,16,17,18,19,20,21,22,	 NoSound	40	2	597675026
597675227	Triggered	1,14,15,16,17,18,19,20,21,22,	 PureTone-5kHz	40	2	597675227
597678996	Triggered	6,47,48,49,50,51,	 NoSound	40	2	597678996
597679197	Triggered	6,47,48,49,50,51,	 File_beep1	40	2	597679197
597695723	Triggered	1,14,15,16,17,18,19,20,21,22,	 NoSound	40	2	597695723
597695937	Triggered	1,14,15,16,17,18,19,20,21,22,	 PureTone-3kHz	40	2	597695937
597699761	Triggered	6,47,48,49,50,51,	 NoSound	40	2	597699761
597699962	Triggered	6,47,48,49,50,51,	 File_beep1	40	2	597699962
597735551	Triggered	1,14,15,16,17,18,19,20,21,22,	 NoSound	40	2	597735551
597735754	Triggered	1,14,15,16,17,18,19,20,21,22,	 PureTone-2kHz	40	2	597735754
597739943	Triggered	6,47,48,49,50,51,	 NoSound	40	2	597739943
597740144	Triggered	6,47,48,49,50,51,	 File_beep1	40	2	597740144
597753783	Triggered	1,14,15,16,17,18,19,20,21,22,	 NoSound	40	2	597753783
597753984	Triggered	1,14,15,16,17,18,19,20,21,22,	 PureTone-1kHz	40	2	597753984
597762100	Triggered	4,42,43,44,45,46,	 NoSound	40	2	597762100
597762301	Triggered	4,42,43,44,45,46,	 File_beep3	40	2	597762301
597798123	Triggered	1,14,15,16,17,18,19,20,21,22,	 NoSound	40	2	597798123
597798323	Triggered	1,14,15,16,17,18,19,20,21,22,	 StopSoundShort	40	2	597798323
597833560	Triggered	5,23,24,25,26,27,28,29,30,31,	 NoSound	40	2	597833560
597833763	Triggered	5,23,24,25,26,27,28,29,30,31,	 PureTone-2kHz	40	2	597833763
597837052	Triggered	8,52,53,54,55,56,	 NoSound	40	2	597837052
597837254	Triggered	8,52,53,54,55,56,	 File_beep3	40	2	597837254
597858289	Triggered	5,23,24,25,26,27,28,29,30,31,	 NoSound	40	2	597858289
597858492	Triggered	5,23,24,25,26,27,28,29,30,31,	 PureTone-1kHz	40	2	597858492
597861901	Triggered	8,52,53,54,55,56,	 NoSound	40	2	597861901
597862102	Triggered	8,52,53,54,55,56,	 File_beep3	40	2	597862102
597895772	Triggered	5,23,24,25,26,27,28,29,30,31,	 NoSound	40	2	597895772
597895973	Triggered	5,23,24,25,26,27,28,29,30,31,	 StopSoundLong	40	2	597895973
597914305	Triggered	1,14,15,16,17,18,19,20,21,22,	 NoSound	40	2	597914305
597914509	Triggered	1,14,15,16,17,18,19,20,21,22,	 PureTone-11kHz	40	2	597914509
597917553	Triggered	6,47,48,49,50,51,	 NoSound	40	2	597917553
597917755	Triggered	6,47,48,49,50,51,	 File_beep4	40	2	597917755
597930368	Triggered	1,14,15,16,17,18,19,20,21,22,	 NoSound	40	2	597930368
597930585	Triggered	1,14,15,16,17,18,19,20,21,22,	 PureTone-9kHz	40	2	597930585
597933918	Triggered	6,47,48,49,50,51,	 NoSound	40	2	597933918
597934120	Triggered	6,47,48,49,50,51,	 File_beep4	40	2	597934120
597951487	Triggered	1,14,15,16,17,18,19,20,21,22,	 NoSound	40	2	597951487
597951688	Triggered	1,14,15,16,17,18,19,20,21,22,	 PureTone-7kHz	40	2	597951688
597954616	Triggered	6,47,48,49,50,51,	 NoSound	40	2	597954616
597954818	Triggered	6,47,48,49,50,51,	 File_beep4	40	2	597954818
597968819	Triggered	1,14,15,16,17,18,19,20,21,22,	 NoSound	40	2	597968819
597969021	Triggered	1,14,15,16,17,18,19,20,21,22,	 PureTone-5kHz	40	2	597969021
597972251	Triggered	6,47,48,49,50,51,	 NoSound	40	2	597972251
597972453	Triggered	6,47,48,49,50,51,	 File_beep4	40	2	597972453
597987347	Triggered	1,14,15,16,17,18,19,20,21,22,	 NoSound	40	2	597987347
597987548	Triggered	1,14,15,16,17,18,19,20,21,22,	 PureTone-3kHz	40	2	597987548
597990593	Triggered	6,47,48,49,50,51,	 NoSound	40	2	597990593
597990795	Triggered	6,47,48,49,50,51,	 File_beep4	40	2	597990795
598005456	Triggered	1,14,15,16,17,18,19,20,21,22,	 NoSound	40	2	598005456
598005658	Triggered	1,14,15,16,17,18,19,20,21,22,	 PureTone-2kHz	40	2	598005658
598008825	Triggered	6,47,48,49,50,51,	 NoSound	40	2	598008825
598009027	Triggered	6,47,48,49,50,51,	 File_beep4	40	2	598009027
598026695	Triggered	1,14,15,16,17,18,19,20,21,22,	 NoSound	40	2	598026695
598026897	Triggered	1,14,15,16,17,18,19,20,21,22,	 PureTone-1kHz	40	2	598026897
598030613	Triggered	6,47,48,49,50,51,	 NoSound	40	2	598030613
598030815	Triggered	6,47,48,49,50,51,	 File_beep4	40	2	598030815
598049498	Triggered	1,14,15,16,17,18,19,20,21,22,	 NoSound	40	2	598049498
598049699	Triggered	1,14,15,16,17,18,19,20,21,22,	 StopSoundShort	40	2	598049699
598071096	Triggered	5,23,24,25,26,27,28,29,30,31,	 NoSound	40	2	598071096
598071298	Triggered	5,23,24,25,26,27,28,29,30,31,	 PureTone-2kHz	40	2	598071298
598074767	Triggered	8,52,53,54,55,56,	 NoSound	40	2	598074767
598074968	Triggered	8,52,53,54,55,56,	 File_beep4	40	2	598074968
598101539	Triggered	5,23,24,25,26,27,28,29,30,31,	 NoSound	40	2	598101539
598101741	Triggered	5,23,24,25,26,27,28,29,30,31,	 PureTone-1kHz	40	2	598101741
598105029	Triggered	8,52,53,54,55,56,	 NoSound	40	2	598105029
598105231	Triggered	8,52,53,54,55,56,	 File_beep4	40	2	598105231
598135833	Triggered	5,23,24,25,26,27,28,29,30,31,	 NoSound	40	2	598135833
598136034	Triggered	5,23,24,25,26,27,28,29,30,31,	 StopSoundLong	40	2	598136034
598149378	Triggered	1,14,15,16,17,18,19,20,21,22,	 NoSound	40	2	598149378
598149584	Triggered	1,14,15,16,17,18,19,20,21,22,	 PureTone-11kHz	40	2	598149584
598152568	Triggered	6,47,48,49,50,51,	 NoSound	40	2	598152568
598161705	Triggered	1,14,15,16,17,18,19,20,21,22,	 NoSound	40	2	598161705
598161908	Triggered	1,14,15,16,17,18,19,20,21,22,	 PureTone-9kHz	40	2	598161908
598165677	Triggered	4,42,43,44,45,46,	 NoSound	40	2	598165677
598165879	Triggered	4,42,43,44,45,46,	 File_beep1	40	2	598165879
598188598	Triggered	1,14,15,16,17,18,19,20,21,22,	 NoSound	40	2	598188598
598188801	Triggered	1,14,15,16,17,18,19,20,21,22,	 PureTone-7kHz	40	2	598188801
598192391	Triggered	6,47,48,49,50,51,	 NoSound	40	2	598192391
598209236	Triggered	1,14,15,16,17,18,19,20,21,22,	 NoSound	40	2	598209236
598209438	Triggered	1,14,15,16,17,18,19,20,21,22,	 PureTone-5kHz	40	2	598209438
598217118	Triggered	6,47,48,49,50,51,	 NoSound	40	2	598217118
598230174	Triggered	1,14,15,16,17,18,19,20,21,22,	 NoSound	40	2	598230174
598230375	Triggered	1,14,15,16,17,18,19,20,21,22,	 PureTone-3kHz	40	2	598230375
598234808	Triggered	4,42,43,44,45,46,	 NoSound	40	2	598234808
598235009	Triggered	4,42,43,44,45,46,	 File_beep1	40	2	598235009
598581601	Triggered	1,14,15,16,17,18,19,20,21,22,	 NoSound	40	2	598581601
598581813	Triggered	1,14,15,16,17,18,19,20,21,22,	 PureTone-2kHz	40	2	598581813
598595860	Triggered	4,42,43,44,45,46,	 NoSound	40	2	598595860
598596060	Triggered	4,42,43,44,45,46,	 File_beep1	40	2	598596060
598621671	Triggered	1,14,15,16,17,18,19,20,21,22,	 NoSound	40	2	598621671
598621873	Triggered	1,14,15,16,17,18,19,20,21,22,	 PureTone-1kHz	40	2	598621873
598626305	Triggered	4,42,43,44,45,46,	 NoSound	40	2	598626305
598626506	Triggered	4,42,43,44,45,46,	 File_beep1	40	2	598626506
598641467	Triggered	1,14,15,16,17,18,19,20,21,22,	 NoSound	40	2	598641467
598641667	Triggered	1,14,15,16,17,18,19,20,21,22,	 StopSoundShort	40	2	598641667
