1	1	0
9	0	0	0	0
N5	100	1	0	00
1	100	0	0	1
4g	100	1	0	11
1	100	0	0	1
4g	100	1	0	11
1	100	0	0	1
4g	100	1	0	11
M1	100	1	0	10
4g6l	100	1	0	1111
M1	100	1	0	10
4g6l	100	1	0	1111
M1	100	1	0	10
4g6l	100	1	0	1111
M1	100	1	0	10
4g6l	100	1	0	1111
M1	100	1	0	10
4g6l	100	1	0	1111
M1	100	1	0	10
4g6l	100	1	0	1111
M1	100	1	0	10
4g6l	100	1	0	1111
M1	100	1	0	10
4g6l	100	1	0	1111
M1	100	1	0	10
4g6l	100	1	0	1111
L1	100	1	0	10
4g6l	100	1	0	1111
K1	100	1	0	10
4g6l	100	1	0	1111
J1	100	1	0	10
4g6l	100	1	0	1111
I1	100	1	0	10
4g6l	100	1	0	1111
H1	100	1	0	10
4g6l	100	1	0	1111
G1	100	1	0	10
4g6l	100	1	0	1111
E1	100	1	0	00
5	100	0	0	1
2b	100	1	0	11
5	100	0	0	1
2b	100	1	0	11
5	100	0	0	1
2b	100	1	0	11
V5	100	1	0	10
2b8t	100	1	0	1141
V5	100	1	0	10
2b8t	100	1	0	1141
V5	100	1	0	10
2b8t	100	1	0	1141
V5	100	1	0	10
2b8t	100	1	0	1141
V5	100	1	0	10
2b8t	100	1	0	1141
V5	100	1	0	10
2b8t	100	1	0	1141
V5	100	1	0	10
2b8t	100	1	0	1141
V5	100	1	0	10
2b8t	100	1	0	1141
V5	100	1	0	10
2b8t	100	1	0	1141
U5	100	1	0	10
2b8t	100	1	0	1141
T5	100	1	0	10
2b8t	100	1	0	1141
S5	100	1	0	10
2b8t	100	1	0	1141
R5	100	1	0	10
2b8t	100	1	0	1141
Q5	100	1	0	10
2b8t	100	1	0	1141
P5	100	1	0	10
2b8t	100	1	0	1141
N5	100	1	0	00
1	100	0	0	1
6m	100	1	0	21
1	100	0	0	1
6m	100	1	0	21
1	100	0	0	1
6m	100	1	0	21
M1	100	1	0	10
6m4g	100	1	0	2111
M1	100	1	0	10
6m4g	100	1	0	2111
M1	100	1	0	10
6m4g	100	1	0	2111
M1	100	1	0	10
6m4g	100	1	0	2111
M1	100	1	0	10
6m4g	100	1	0	2111
M1	100	1	0	10
6m4g	100	1	0	2111
M1	100	1	0	10
6m4g	100	1	0	2111
M1	100	1	0	10
6m4g	100	1	0	2111
M1	100	1	0	10
6m4g	100	1	0	2111
L1	100	1	0	10
6m4g	100	1	0	2111
K1	100	1	0	10
6m4g	100	1	0	2111
J1	100	1	0	10
6m4g	100	1	0	2111
I1	100	1	0	10
6m4g	100	1	0	2111
H1	100	1	0	10
6m4g	100	1	0	2111
G1	100	1	0	10
6m4g	100	1	0	2111
E1	100	1	0	00
5	100	0	0	1
2d	100	1	0	31
5	100	0	0	1
2d	100	1	0	31
5	100	0	0	1
2d	100	1	0	31
V5	100	1	0	10
2d8r	100	1	0	3121
V5	100	1	0	10
2d8r	100	1	0	3121
V5	100	1	0	10
2d8r	100	1	0	3121
V5	100	1	0	10
2d8r	100	1	0	3121
V5	100	1	0	10
2d8r	100	1	0	3121
V5	100	1	0	10
2d8r	100	1	0	3121
V5	100	1	0	10
2d8r	100	1	0	3121
V5	100	1	0	10
2d8r	100	1	0	3121
V5	100	1	0	10
2d8r	100	1	0	3121
U5	100	1	0	10
2d8r	100	1	0	3121
T5	100	1	0	10
2d8r	100	1	0	3121
S5	100	1	0	10
2d8r	100	1	0	3121
R5	100	1	0	10
2d8r	100	1	0	3121
Q5	100	1	0	10
2d8r	100	1	0	3121
P5	100	1	0	10
2d8r	100	1	0	3121
N5	100	1	0	00
1	100	0	0	1
4	100	1	0	0
1	100	0	0	1
4	100	1	0	0
1	100	0	0	1
4	100	1	0	0
M1	100	1	0	10
6n4	100	1	0	310
M1	100	1	0	10
6n4	100	1	0	310
M1	100	1	0	10
6n4	100	1	0	310
M1	100	1	0	10
6n4	100	1	0	310
M1	100	1	0	10
6n4	100	1	0	310
M1	100	1	0	10
6n4	100	1	0	310
M1	100	1	0	10
6n4	100	1	0	310
M1	100	1	0	10
6n4	100	1	0	310
M1	100	1	0	10
6n4	100	1	0	310
L1	100	1	0	10
6n4	100	1	0	310
K1	100	1	0	10
6n4	100	1	0	310
J1	100	1	0	10
6n4	100	1	0	310
I1	100	1	0	10
6n4	100	1	0	310
H1	100	1	0	10
6n4	100	1	0	310
G1	100	1	0	10
6n4	100	1	0	310
E1	100	1	0	00
5	100	0	0	1
8r	100	1	0	21
5	100	0	0	1
8r	100	1	0	21
5	100	0	0	1
8r	100	1	0	21
V5	100	1	0	10
8r2c	100	1	0	2121
V5	100	1	0	10
8r2c	100	1	0	2121
V5	100	1	0	10
8r2c	100	1	0	2121
V5	100	1	0	10
8r2c	100	1	0	2121
V5	100	1	0	10
8r2c	100	1	0	2121
V5	100	1	0	10
8r2c	100	1	0	2121
V5	100	1	0	10
8r2c	100	1	0	2121
V5	100	1	0	10
8r2c	100	1	0	2121
V5	100	1	0	10
8r2c	100	1	0	2121
U5	100	1	0	10
8r2c	100	1	0	2121
T5	100	1	0	10
8r2c	100	1	0	2121
S5	100	1	0	10
8r2c	100	1	0	2121
R5	100	1	0	10
8r2c	100	1	0	2121
Q5	100	1	0	10
8r2c	100	1	0	2121
P5	100	1	0	10
8r2c	100	1	0	2121
N5	100	1	0	00
1	100	0	0	1
6p	100	1	0	51
1	100	0	0	1
6p	100	1	0	51
1	100	0	0	1
6p	100	1	0	51
M1	100	1	0	10
6p4h	100	1	0	5121
M1	100	1	0	10
6p4h	100	1	0	5121
M1	100	1	0	10
6p4h	100	1	0	5121
M1	100	1	0	10
6p4h	100	1	0	5121
M1	100	1	0	10
6p4h	100	1	0	5121
M1	100	1	0	10
6p4h	100	1	0	5121
M1	100	1	0	10
6p4h	100	1	0	5121
M1	100	1	0	10
6p4h	100	1	0	5121
M1	100	1	0	10
6p4h	100	1	0	5121
L1	100	1	0	10
6p4h	100	1	0	5121
K1	100	1	0	10
6p4h	100	1	0	5121
J1	100	1	0	10
6p4h	100	1	0	5121
I1	100	1	0	10
6p4h	100	1	0	5121
H1	100	1	0	10
6p4h	100	1	0	5121
G1	100	1	0	10
6p4h	100	1	0	5121
E1	100	1	0	00
5	100	0	0	1
8t	100	1	0	41
5	100	0	0	1
8t	100	1	0	41
5	100	0	0	1
8t	100	1	0	41
V5	100	1	0	10
8t2c	100	1	0	4121
V5	100	1	0	10
8t2c	100	1	0	4121
V5	100	1	0	10
8t2c	100	1	0	4121
V5	100	1	0	10
8t2c	100	1	0	4121
V5	100	1	0	10
8t2c	100	1	0	4121
V5	100	1	0	10
8t2c	100	1	0	4121
V5	100	1	0	10
8t2c	100	1	0	4121
V5	100	1	0	10
8t2c	100	1	0	4121
V5	100	1	0	10
8t2c	100	1	0	4121
U5	100	1	0	10
8t2c	100	1	0	4121
T5	100	1	0	10
8t2c	100	1	0	4121
S5	100	1	0	10
8t2c	100	1	0	4121
R5	100	1	0	10
8t2c	100	1	0	4121
Q5	100	1	0	10
8t2c	100	1	0	4121
P5	100	1	0	10
8t2c	100	1	0	4121
N5	100	1	0	00
1	100	0	0	1
4k	100	1	0	51
1	100	0	0	1
4k	100	1	0	51
1	100	0	0	1
4k	100	1	0	51
M1	100	1	0	10
4k6n	100	1	0	5131
M1	100	1	0	10
4k6n	100	1	0	5131
M1	100	1	0	10
4k6n	100	1	0	5131
M1	100	1	0	10
4k6n	100	1	0	5131
M1	100	1	0	10
4k6n	100	1	0	5131
M1	100	1	0	10
4k6n	100	1	0	5131
M1	100	1	0	10
4k6n	100	1	0	5131
M1	100	1	0	10
4k6n	100	1	0	5131
M1	100	1	0	10
4k6n	100	1	0	5131
L1	100	1	0	10
4k6n	100	1	0	5131
K1	100	1	0	10
4k6n	100	1	0	5131
J1	100	1	0	10
4k6n	100	1	0	5131
I1	100	1	0	10
4k6n	100	1	0	5131
H1	100	1	0	10
4k6n	100	1	0	5131
G1	100	1	0	10
4k6n	100	1	0	5131
E1	100	1	0	00
5	100	0	0	1
8s	100	1	0	31
5	100	0	0	1
8s	100	1	0	31
5	100	0	0	1
8s	100	1	0	31
V5	100	1	0	10
8s2d	100	1	0	3131
V5	100	1	0	10
8s2d	100	1	0	3131
V5	100	1	0	10
8s2d	100	1	0	3131
V5	100	1	0	10
8s2d	100	1	0	3131
V5	100	1	0	10
8s2d	100	1	0	3131
V5	100	1	0	10
8s2d	100	1	0	3131
V5	100	1	0	10
8s2d	100	1	0	3131
V5	100	1	0	10
8s2d	100	1	0	3131
V5	100	1	0	10
8s2d	100	1	0	3131
U5	100	1	0	10
8s2d	100	1	0	3131
T5	100	1	0	10
8s2d	100	1	0	3131
S5	100	1	0	10
8s2d	100	1	0	3131
R5	100	1	0	10
8s2d	100	1	0	3131
Q5	100	1	0	10
8s2d	100	1	0	3131
P5	100	1	0	10
8s2d	100	1	0	3131
N5	100	1	0	00
1	100	0	0	1
6	100	1	0	0
1	100	0	0	1
6	100	1	0	0
1	100	0	0	1
6	100	1	0	0
M1	100	1	0	10
4h6	100	1	0	210
M1	100	1	0	10
4h6	100	1	0	210
M1	100	1	0	10
4h6	100	1	0	210
M1	100	1	0	10
4h6	100	1	0	210
M1	100	1	0	10
4h6	100	1	0	210
M1	100	1	0	10
4h6	100	1	0	210
M1	100	1	0	10
4h6	100	1	0	210
M1	100	1	0	10
4h6	100	1	0	210
M1	100	1	0	10
4h6	100	1	0	210
L1	100	1	0	10
4h6	100	1	0	210
K1	100	1	0	10
4h6	100	1	0	210
J1	100	1	0	10
4h6	100	1	0	210
I1	100	1	0	10
4h6	100	1	0	210
H1	100	1	0	10
4h6	100	1	0	210
G1	100	1	0	10
4h6	100	1	0	210
E1	100	1	0	00
5	100	0	0	1
2e	100	1	0	41
5	100	0	0	1
2e	100	1	0	41
5	100	0	0	1
2e	100	1	0	41
V5	100	1	0	10
2e8s	100	1	0	4131
V5	100	1	0	10
2e8s	100	1	0	4131
V5	100	1	0	10
2e8s	100	1	0	4131
V5	100	1	0	10
2e8s	100	1	0	4131
V5	100	1	0	10
2e8s	100	1	0	4131
V5	100	1	0	10
2e8s	100	1	0	4131
V5	100	1	0	10
2e8s	100	1	0	4131
V5	100	1	0	10
2e8s	100	1	0	4131
V5	100	1	0	10
2e8s	100	1	0	4131
U5	100	1	0	10
2e8s	100	1	0	4131
T5	100	1	0	10
2e8s	100	1	0	4131
S5	100	1	0	10
2e8s	100	1	0	4131
R5	100	1	0	10
2e8s	100	1	0	4131
Q5	100	1	0	10
2e8s	100	1	0	4131
P5	100	1	0	10
2e8s	100	1	0	4131
N5	100	1	0	00
1	100	0	0	1
6n	100	1	0	31
1	100	0	0	1
6n	100	1	0	31
1	100	0	0	1
6n	100	1	0	31
M1	100	1	0	10
6n4i	100	1	0	3131
M1	100	1	0	10
6n4i	100	1	0	3131
M1	100	1	0	10
6n4i	100	1	0	3131
M1	100	1	0	10
6n4i	100	1	0	3131
M1	100	1	0	10
6n4i	100	1	0	3131
M1	100	1	0	10
6n4i	100	1	0	3131
M1	100	1	0	10
6n4i	100	1	0	3131
M1	100	1	0	10
6n4i	100	1	0	3131
M1	100	1	0	10
6n4i	100	1	0	3131
L1	100	1	0	10
6n4i	100	1	0	3131
K1	100	1	0	10
6n4i	100	1	0	3131
J1	100	1	0	10
6n4i	100	1	0	3131
I1	100	1	0	10
6n4i	100	1	0	3131
H1	100	1	0	10
6n4i	100	1	0	3131
G1	100	1	0	10
6n4i	100	1	0	3131
E1	100	1	0	00
5	100	0	0	1
8s	100	1	0	31
5	100	0	0	1
8s	100	1	0	31
5	100	0	0	1
8s	100	1	0	31
V5	100	1	0	10
8s2b	100	1	0	3111
V5	100	1	0	10
8s2b	100	1	0	3111
V5	100	1	0	10
8s2b	100	1	0	3111
V5	100	1	0	10
8s2b	100	1	0	3111
V5	100	1	0	10
8s2b	100	1	0	3111
V5	100	1	0	10
8s2b	100	1	0	3111
V5	100	1	0	10
8s2b	100	1	0	3111
V5	100	1	0	10
8s2b	100	1	0	3111
V5	100	1	0	10
8s2b	100	1	0	3111
U5	100	1	0	10
8s2b	100	1	0	3111
T5	100	1	0	10
8s2b	100	1	0	3111
S5	100	1	0	10
8s2b	100	1	0	3111
R5	100	1	0	10
8s2b	100	1	0	3111
Q5	100	1	0	10
8s2b	100	1	0	3111
P5	100	1	0	10
8s2b	100	1	0	3111
N5	100	1	0	00
1	100	0	0	1
6m	100	1	0	21
1	100	0	0	1
6m	100	1	0	21
1	100	0	0	1
6m	100	1	0	21
M1	100	1	0	10
6m4i	100	1	0	2131
M1	100	1	0	10
6m4i	100	1	0	2131
M1	100	1	0	10
6m4i	100	1	0	2131
M1	100	1	0	10
6m4i	100	1	0	2131
M1	100	1	0	10
6m4i	100	1	0	2131
M1	100	1	0	10
6m4i	100	1	0	2131
M1	100	1	0	10
6m4i	100	1	0	2131
M1	100	1	0	10
6m4i	100	1	0	2131
M1	100	1	0	10
6m4i	100	1	0	2131
L1	100	1	0	10
6m4i	100	1	0	2131
K1	100	1	0	10
6m4i	100	1	0	2131
J1	100	1	0	10
6m4i	100	1	0	2131
I1	100	1	0	10
6m4i	100	1	0	2131
H1	100	1	0	10
6m4i	100	1	0	2131
G1	100	1	0	10
6m4i	100	1	0	2131
E1	100	1	0	00
5	100	0	0	1
8t	100	1	0	41
5	100	0	0	1
8t	100	1	0	41
5	100	0	0	1
8t	100	1	0	41
V5	100	1	0	10
8t2b	100	1	0	4111
V5	100	1	0	10
8t2b	100	1	0	4111
V5	100	1	0	10
8t2b	100	1	0	4111
V5	100	1	0	10
8t2b	100	1	0	4111
V5	100	1	0	10
8t2b	100	1	0	4111
V5	100	1	0	10
8t2b	100	1	0	4111
V5	100	1	0	10
8t2b	100	1	0	4111
V5	100	1	0	10
8t2b	100	1	0	4111
V5	100	1	0	10
8t2b	100	1	0	4111
U5	100	1	0	10
8t2b	100	1	0	4111
T5	100	1	0	10
8t2b	100	1	0	4111
S5	100	1	0	10
8t2b	100	1	0	4111
R5	100	1	0	10
8t2b	100	1	0	4111
Q5	100	1	0	10
8t2b	100	1	0	4111
P5	100	1	0	10
8t2b	100	1	0	4111
N5	100	1	0	00
1	100	0	0	1
6p	100	1	0	51
1	100	0	0	1
6p	100	1	0	51
1	100	0	0	1
6p	100	1	0	51
M1	100	1	0	10
6p4h	100	1	0	5121
M1	100	1	0	10
6p4h	100	1	0	5121
M1	100	1	0	10
6p4h	100	1	0	5121
M1	100	1	0	10
6p4h	100	1	0	5121
M1	100	1	0	10
6p4h	100	1	0	5121
M1	100	1	0	10
6p4h	100	1	0	5121
M1	100	1	0	10
6p4h	100	1	0	5121
M1	100	1	0	10
6p4h	100	1	0	5121
M1	100	1	0	10
6p4h	100	1	0	5121
L1	100	1	0	10
6p4h	100	1	0	5121
K1	100	1	0	10
6p4h	100	1	0	5121
J1	100	1	0	10
6p4h	100	1	0	5121
I1	100	1	0	10
6p4h	100	1	0	5121
H1	100	1	0	10
6p4h	100	1	0	5121
G1	100	1	0	10
6p4h	100	1	0	5121
E1	100	1	0	00
5	100	0	0	1
2	100	1	0	0
5	100	0	0	1
2	100	1	0	0
5	100	0	0	1
2	100	1	0	0
V5	100	1	0	10
8s2	100	1	0	310
V5	100	1	0	10
8s2	100	1	0	310
V5	100	1	0	10
8s2	100	1	0	310
V5	100	1	0	10
8s2	100	1	0	310
V5	100	1	0	10
8s2	100	1	0	310
V5	100	1	0	10
8s2	100	1	0	310
V5	100	1	0	10
8s2	100	1	0	310
V5	100	1	0	10
8s2	100	1	0	310
V5	100	1	0	10
8s2	100	1	0	310
U5	100	1	0	10
8s2	100	1	0	310
T5	100	1	0	10
8s2	100	1	0	310
S5	100	1	0	10
8s2	100	1	0	310
R5	100	1	0	10
8s2	100	1	0	310
Q5	100	1	0	10
8s2	100	1	0	310
P5	100	1	0	10
8s2	100	1	0	310
N5	100	1	0	00
1	100	0	0	1
6l	100	1	0	11
1	100	0	0	1
6l	100	1	0	11
1	100	0	0	1
6l	100	1	0	11
M1	100	1	0	10
6l4h	100	1	0	1121
M1	100	1	0	10
6l4h	100	1	0	1121
M1	100	1	0	10
6l4h	100	1	0	1121
M1	100	1	0	10
6l4h	100	1	0	1121
M1	100	1	0	10
6l4h	100	1	0	1121
M1	100	1	0	10
6l4h	100	1	0	1121
M1	100	1	0	10
6l4h	100	1	0	1121
M1	100	1	0	10
6l4h	100	1	0	1121
M1	100	1	0	10
6l4h	100	1	0	1121
L1	100	1	0	10
6l4h	100	1	0	1121
K1	100	1	0	10
6l4h	100	1	0	1121
J1	100	1	0	10
6l4h	100	1	0	1121
I1	100	1	0	10
6l4h	100	1	0	1121
H1	100	1	0	10
6l4h	100	1	0	1121
G1	100	1	0	10
6l4h	100	1	0	1121
E1	100	1	0	00
5	100	0	0	1
8q	100	1	0	11
5	100	0	0	1
8q	100	1	0	11
5	100	0	0	1
8q	100	1	0	11
V5	100	1	0	10
8q2	100	1	0	110
V5	100	1	0	10
8q2	100	1	0	110
V5	100	1	0	10
8q2	100	1	0	110
V5	100	1	0	10
8q2	100	1	0	110
V5	100	1	0	10
8q2	100	1	0	110
V5	100	1	0	10
8q2	100	1	0	110
V5	100	1	0	10
8q2	100	1	0	110
V5	100	1	0	10
8q2	100	1	0	110
V5	100	1	0	10
8q2	100	1	0	110
U5	100	1	0	10
8q2	100	1	0	110
T5	100	1	0	10
8q2	100	1	0	110
S5	100	1	0	10
8q2	100	1	0	110
R5	100	1	0	10
8q2	100	1	0	110
Q5	100	1	0	10
8q2	100	1	0	110
P5	100	1	0	10
8q2	100	1	0	110
N5	100	1	0	00
1	100	0	0	1
4k	100	1	0	51
1	100	0	0	1
4k	100	1	0	51
1	100	0	0	1
4k	100	1	0	51
M1	100	1	0	10
4k6p	100	1	0	5151
M1	100	1	0	10
4k6p	100	1	0	5151
M1	100	1	0	10
4k6p	100	1	0	5151
M1	100	1	0	10
4k6p	100	1	0	5151
M1	100	1	0	10
4k6p	100	1	0	5151
M1	100	1	0	10
4k6p	100	1	0	5151
M1	100	1	0	10
4k6p	100	1	0	5151
M1	100	1	0	10
4k6p	100	1	0	5151
M1	100	1	0	10
4k6p	100	1	0	5151
L1	100	1	0	10
4k6p	100	1	0	5151
K1	100	1	0	10
4k6p	100	1	0	5151
J1	100	1	0	10
4k6p	100	1	0	5151
I1	100	1	0	10
4k6p	100	1	0	5151
H1	100	1	0	10
4k6p	100	1	0	5151
G1	100	1	0	10
4k6p	100	1	0	5151
E1	100	1	0	00
5	100	0	0	1
2e	100	1	0	41
5	100	0	0	1
2e	100	1	0	41
5	100	0	0	1
2e	100	1	0	41
V5	100	1	0	10
2e8u	100	1	0	4151
V5	100	1	0	10
2e8u	100	1	0	4151
V5	100	1	0	10
2e8u	100	1	0	4151
V5	100	1	0	10
2e8u	100	1	0	4151
V5	100	1	0	10
2e8u	100	1	0	4151
V5	100	1	0	10
2e8u	100	1	0	4151
V5	100	1	0	10
2e8u	100	1	0	4151
V5	100	1	0	10
2e8u	100	1	0	4151
V5	100	1	0	10
2e8u	100	1	0	4151
U5	100	1	0	10
2e8u	100	1	0	4151
T5	100	1	0	10
2e8u	100	1	0	4151
S5	100	1	0	10
2e8u	100	1	0	4151
R5	100	1	0	10
2e8u	100	1	0	4151
Q5	100	1	0	10
2e8u	100	1	0	4151
P5	100	1	0	10
2e8u	100	1	0	4151
N5	100	1	0	00
1	100	0	0	1
4h	100	1	0	21
1	100	0	0	1
4h	100	1	0	21
1	100	0	0	1
4h	100	1	0	21
M1	100	1	0	10
4h6l	100	1	0	2111
M1	100	1	0	10
4h6l	100	1	0	2111
M1	100	1	0	10
4h6l	100	1	0	2111
M1	100	1	0	10
4h6l	100	1	0	2111
M1	100	1	0	10
4h6l	100	1	0	2111
M1	100	1	0	10
4h6l	100	1	0	2111
M1	100	1	0	10
4h6l	100	1	0	2111
M1	100	1	0	10
4h6l	100	1	0	2111
M1	100	1	0	10
4h6l	100	1	0	2111
L1	100	1	0	10
4h6l	100	1	0	2111
K1	100	1	0	10
4h6l	100	1	0	2111
J1	100	1	0	10
4h6l	100	1	0	2111
I1	100	1	0	10
4h6l	100	1	0	2111
H1	100	1	0	10
4h6l	100	1	0	2111
G1	100	1	0	10
4h6l	100	1	0	2111
E1	100	1	0	00
5	100	0	0	1
8	100	1	0	0
5	100	0	0	1
8	100	1	0	0
5	100	0	0	1
8	100	1	0	0
V5	100	1	0	10
2c8	100	1	0	210
V5	100	1	0	10
2c8	100	1	0	210
V5	100	1	0	10
2c8	100	1	0	210
V5	100	1	0	10
2c8	100	1	0	210
V5	100	1	0	10
2c8	100	1	0	210
V5	100	1	0	10
2c8	100	1	0	210
V5	100	1	0	10
2c8	100	1	0	210
V5	100	1	0	10
2c8	100	1	0	210
V5	100	1	0	10
2c8	100	1	0	210
U5	100	1	0	10
2c8	100	1	0	210
T5	100	1	0	10
2c8	100	1	0	210
S5	100	1	0	10
2c8	100	1	0	210
R5	100	1	0	10
2c8	100	1	0	210
Q5	100	1	0	10
2c8	100	1	0	210
P5	100	1	0	10
2c8	100	1	0	210
N5	100	1	0	00
1	100	0	0	1
6p	100	1	0	51
1	100	0	0	1
6p	100	1	0	51
1	100	0	0	1
6p	100	1	0	51
M1	100	1	0	10
6p4	100	1	0	510
M1	100	1	0	10
6p4	100	1	0	510
M1	100	1	0	10
6p4	100	1	0	510
M1	100	1	0	10
6p4	100	1	0	510
M1	100	1	0	10
6p4	100	1	0	510
M1	100	1	0	10
6p4	100	1	0	510
M1	100	1	0	10
6p4	100	1	0	510
M1	100	1	0	10
6p4	100	1	0	510
M1	100	1	0	10
6p4	100	1	0	510
L1	100	1	0	10
6p4	100	1	0	510
K1	100	1	0	10
6p4	100	1	0	510
J1	100	1	0	10
6p4	100	1	0	510
I1	100	1	0	10
6p4	100	1	0	510
H1	100	1	0	10
6p4	100	1	0	510
G1	100	1	0	10
6p4	100	1	0	510
E1	100	1	0	00
5	100	0	0	1
8	100	1	0	0
5	100	0	0	1
8	100	1	0	0
5	100	0	0	1
8	100	1	0	0
V5	100	1	0	10
2b8	100	1	0	110
V5	100	1	0	10
2b8	100	1	0	110
V5	100	1	0	10
2b8	100	1	0	110
V5	100	1	0	10
2b8	100	1	0	110
V5	100	1	0	10
2b8	100	1	0	110
V5	100	1	0	10
2b8	100	1	0	110
V5	100	1	0	10
2b8	100	1	0	110
V5	100	1	0	10
2b8	100	1	0	110
V5	100	1	0	10
2b8	100	1	0	110
U5	100	1	0	10
2b8	100	1	0	110
T5	100	1	0	10
2b8	100	1	0	110
S5	100	1	0	10
2b8	100	1	0	110
R5	100	1	0	10
2b8	100	1	0	110
Q5	100	1	0	10
2b8	100	1	0	110
P5	100	1	0	10
2b8	100	1	0	110
N5	100	1	0	00
1	100	0	0	1
6	100	1	0	0
1	100	0	0	1
6	100	1	0	0
1	100	0	0	1
6	100	1	0	0
M1	100	1	0	10
4h6	100	1	0	210
M1	100	1	0	10
4h6	100	1	0	210
M1	100	1	0	10
4h6	100	1	0	210
M1	100	1	0	10
4h6	100	1	0	210
M1	100	1	0	10
4h6	100	1	0	210
M1	100	1	0	10
4h6	100	1	0	210
M1	100	1	0	10
4h6	100	1	0	210
M1	100	1	0	10
4h6	100	1	0	210
M1	100	1	0	10
4h6	100	1	0	210
L1	100	1	0	10
4h6	100	1	0	210
K1	100	1	0	10
4h6	100	1	0	210
J1	100	1	0	10
4h6	100	1	0	210
I1	100	1	0	10
4h6	100	1	0	210
H1	100	1	0	10
4h6	100	1	0	210
G1	100	1	0	10
4h6	100	1	0	210
E1	100	1	0	00
5	100	0	0	1
8t	100	1	0	41
5	100	0	0	1
8t	100	1	0	41
5	100	0	0	1
8t	100	1	0	41
V5	100	1	0	10
8t2b	100	1	0	4111
V5	100	1	0	10
8t2b	100	1	0	4111
V5	100	1	0	10
8t2b	100	1	0	4111
V5	100	1	0	10
8t2b	100	1	0	4111
V5	100	1	0	10
8t2b	100	1	0	4111
V5	100	1	0	10
8t2b	100	1	0	4111
V5	100	1	0	10
8t2b	100	1	0	4111
V5	100	1	0	10
8t2b	100	1	0	4111
V5	100	1	0	10
8t2b	100	1	0	4111
U5	100	1	0	10
8t2b	100	1	0	4111
T5	100	1	0	10
8t2b	100	1	0	4111
S5	100	1	0	10
8t2b	100	1	0	4111
R5	100	1	0	10
8t2b	100	1	0	4111
Q5	100	1	0	10
8t2b	100	1	0	4111
P5	100	1	0	10
8t2b	100	1	0	4111
N5	100	1	0	00
1	100	0	0	1
6o	100	1	0	41
1	100	0	0	1
6o	100	1	0	41
1	100	0	0	1
6o	100	1	0	41
M1	100	1	0	10
6o4j	100	1	0	4141
M1	100	1	0	10
6o4j	100	1	0	4141
M1	100	1	0	10
6o4j	100	1	0	4141
M1	100	1	0	10
6o4j	100	1	0	4141
M1	100	1	0	10
6o4j	100	1	0	4141
M1	100	1	0	10
6o4j	100	1	0	4141
M1	100	1	0	10
6o4j	100	1	0	4141
M1	100	1	0	10
6o4j	100	1	0	4141
M1	100	1	0	10
6o4j	100	1	0	4141
L1	100	1	0	10
6o4j	100	1	0	4141
K1	100	1	0	10
6o4j	100	1	0	4141
J1	100	1	0	10
6o4j	100	1	0	4141
I1	100	1	0	10
6o4j	100	1	0	4141
H1	100	1	0	10
6o4j	100	1	0	4141
G1	100	1	0	10
6o4j	100	1	0	4141
E1	100	1	0	00
5	100	0	0	1
8q	100	1	0	11
5	100	0	0	1
8q	100	1	0	11
5	100	0	0	1
8q	100	1	0	11
V5	100	1	0	10
8q2c	100	1	0	1121
V5	100	1	0	10
8q2c	100	1	0	1121
V5	100	1	0	10
8q2c	100	1	0	1121
V5	100	1	0	10
8q2c	100	1	0	1121
V5	100	1	0	10
8q2c	100	1	0	1121
V5	100	1	0	10
8q2c	100	1	0	1121
V5	100	1	0	10
8q2c	100	1	0	1121
V5	100	1	0	10
8q2c	100	1	0	1121
V5	100	1	0	10
8q2c	100	1	0	1121
U5	100	1	0	10
8q2c	100	1	0	1121
T5	100	1	0	10
8q2c	100	1	0	1121
S5	100	1	0	10
8q2c	100	1	0	1121
R5	100	1	0	10
8q2c	100	1	0	1121
Q5	100	1	0	10
8q2c	100	1	0	1121
P5	100	1	0	10
8q2c	100	1	0	1121
N5	100	1	0	00
1	100	0	0	1
4i	100	1	0	31
1	100	0	0	1
4i	100	1	0	31
1	100	0	0	1
4i	100	1	0	31
M1	100	1	0	10
4i6p	100	1	0	3151
M1	100	1	0	10
4i6p	100	1	0	3151
M1	100	1	0	10
4i6p	100	1	0	3151
M1	100	1	0	10
4i6p	100	1	0	3151
M1	100	1	0	10
4i6p	100	1	0	3151
M1	100	1	0	10
4i6p	100	1	0	3151
M1	100	1	0	10
4i6p	100	1	0	3151
M1	100	1	0	10
4i6p	100	1	0	3151
M1	100	1	0	10
4i6p	100	1	0	3151
L1	100	1	0	10
4i6p	100	1	0	3151
K1	100	1	0	10
4i6p	100	1	0	3151
J1	100	1	0	10
4i6p	100	1	0	3151
I1	100	1	0	10
4i6p	100	1	0	3151
H1	100	1	0	10
4i6p	100	1	0	3151
G1	100	1	0	10
4i6p	100	1	0	3151
E1	100	1	0	00
5	100	0	0	1
2d	100	1	0	31
5	100	0	0	1
2d	100	1	0	31
5	100	0	0	1
2d	100	1	0	31
V5	100	1	0	10
2d8s	100	1	0	3131
V5	100	1	0	10
2d8s	100	1	0	3131
V5	100	1	0	10
2d8s	100	1	0	3131
V5	100	1	0	10
2d8s	100	1	0	3131
V5	100	1	0	10
2d8s	100	1	0	3131
V5	100	1	0	10
2d8s	100	1	0	3131
V5	100	1	0	10
2d8s	100	1	0	3131
V5	100	1	0	10
2d8s	100	1	0	3131
V5	100	1	0	10
2d8s	100	1	0	3131
U5	100	1	0	10
2d8s	100	1	0	3131
T5	100	1	0	10
2d8s	100	1	0	3131
S5	100	1	0	10
2d8s	100	1	0	3131
R5	100	1	0	10
2d8s	100	1	0	3131
Q5	100	1	0	10
2d8s	100	1	0	3131
P5	100	1	0	10
2d8s	100	1	0	3131
N5	100	1	0	00
1	100	0	0	1
4k	100	1	0	51
1	100	0	0	1
4k	100	1	0	51
1	100	0	0	1
4k	100	1	0	51
M1	100	1	0	10
4k6p	100	1	0	5151
M1	100	1	0	10
4k6p	100	1	0	5151
M1	100	1	0	10
4k6p	100	1	0	5151
M1	100	1	0	10
4k6p	100	1	0	5151
M1	100	1	0	10
4k6p	100	1	0	5151
M1	100	1	0	10
4k6p	100	1	0	5151
M1	100	1	0	10
4k6p	100	1	0	5151
M1	100	1	0	10
4k6p	100	1	0	5151
M1	100	1	0	10
4k6p	100	1	0	5151
L1	100	1	0	10
4k6p	100	1	0	5151
K1	100	1	0	10
4k6p	100	1	0	5151
J1	100	1	0	10
4k6p	100	1	0	5151
I1	100	1	0	10
4k6p	100	1	0	5151
H1	100	1	0	10
4k6p	100	1	0	5151
G1	100	1	0	10
4k6p	100	1	0	5151
E1	100	1	0	00
5	100	0	0	1
2c	100	1	0	21
5	100	0	0	1
2c	100	1	0	21
5	100	0	0	1
2c	100	1	0	21
V5	100	1	0	10
2c8u	100	1	0	2151
V5	100	1	0	10
2c8u	100	1	0	2151
V5	100	1	0	10
2c8u	100	1	0	2151
V5	100	1	0	10
2c8u	100	1	0	2151
V5	100	1	0	10
2c8u	100	1	0	2151
V5	100	1	0	10
2c8u	100	1	0	2151
V5	100	1	0	10
2c8u	100	1	0	2151
V5	100	1	0	10
2c8u	100	1	0	2151
V5	100	1	0	10
2c8u	100	1	0	2151
U5	100	1	0	10
2c8u	100	1	0	2151
T5	100	1	0	10
2c8u	100	1	0	2151
S5	100	1	0	10
2c8u	100	1	0	2151
R5	100	1	0	10
2c8u	100	1	0	2151
Q5	100	1	0	10
2c8u	100	1	0	2151
P5	100	1	0	10
2c8u	100	1	0	2151
N5	100	1	0	00
1	100	0	0	1
4h	100	1	0	21
1	100	0	0	1
4h	100	1	0	21
1	100	0	0	1
4h	100	1	0	21
M1	100	1	0	10
4h6n	100	1	0	2131
M1	100	1	0	10
4h6n	100	1	0	2131
M1	100	1	0	10
4h6n	100	1	0	2131
M1	100	1	0	10
4h6n	100	1	0	2131
M1	100	1	0	10
4h6n	100	1	0	2131
M1	100	1	0	10
4h6n	100	1	0	2131
M1	100	1	0	10
4h6n	100	1	0	2131
M1	100	1	0	10
4h6n	100	1	0	2131
M1	100	1	0	10
4h6n	100	1	0	2131
L1	100	1	0	10
4h6n	100	1	0	2131
K1	100	1	0	10
4h6n	100	1	0	2131
J1	100	1	0	10
4h6n	100	1	0	2131
I1	100	1	0	10
4h6n	100	1	0	2131
H1	100	1	0	10
4h6n	100	1	0	2131
G1	100	1	0	10
4h6n	100	1	0	2131
E1	100	1	0	00
5	100	0	0	1
2b	100	1	0	11
5	100	0	0	1
2b	100	1	0	11
5	100	0	0	1
2b	100	1	0	11
V5	100	1	0	10
2b8s	100	1	0	1131
V5	100	1	0	10
2b8s	100	1	0	1131
V5	100	1	0	10
2b8s	100	1	0	1131
V5	100	1	0	10
2b8s	100	1	0	1131
V5	100	1	0	10
2b8s	100	1	0	1131
V5	100	1	0	10
2b8s	100	1	0	1131
V5	100	1	0	10
2b8s	100	1	0	1131
V5	100	1	0	10
2b8s	100	1	0	1131
V5	100	1	0	10
2b8s	100	1	0	1131
U5	100	1	0	10
2b8s	100	1	0	1131
T5	100	1	0	10
2b8s	100	1	0	1131
S5	100	1	0	10
2b8s	100	1	0	1131
R5	100	1	0	10
2b8s	100	1	0	1131
Q5	100	1	0	10
2b8s	100	1	0	1131
P5	100	1	0	10
2b8s	100	1	0	1131
N5	100	1	0	00
1	100	0	0	1
6n	100	1	0	31
1	100	0	0	1
6n	100	1	0	31
1	100	0	0	1
6n	100	1	0	31
M1	100	1	0	10
6n4g	100	1	0	3111
M1	100	1	0	10
6n4g	100	1	0	3111
M1	100	1	0	10
6n4g	100	1	0	3111
M1	100	1	0	10
6n4g	100	1	0	3111
M1	100	1	0	10
6n4g	100	1	0	3111
M1	100	1	0	10
6n4g	100	1	0	3111
M1	100	1	0	10
6n4g	100	1	0	3111
M1	100	1	0	10
6n4g	100	1	0	3111
M1	100	1	0	10
6n4g	100	1	0	3111
L1	100	1	0	10
6n4g	100	1	0	3111
K1	100	1	0	10
6n4g	100	1	0	3111
J1	100	1	0	10
6n4g	100	1	0	3111
I1	100	1	0	10
6n4g	100	1	0	3111
H1	100	1	0	10
6n4g	100	1	0	3111
G1	100	1	0	10
6n4g	100	1	0	3111
E1	100	1	0	00
5	100	0	0	1
8	100	1	0	0
5	100	0	0	1
8	100	1	0	0
5	100	0	0	1
8	100	1	0	0
V5	100	1	0	10
2f8	100	1	0	510
V5	100	1	0	10
2f8	100	1	0	510
V5	100	1	0	10
2f8	100	1	0	510
V5	100	1	0	10
2f8	100	1	0	510
V5	100	1	0	10
2f8	100	1	0	510
V5	100	1	0	10
2f8	100	1	0	510
V5	100	1	0	10
2f8	100	1	0	510
V5	100	1	0	10
2f8	100	1	0	510
V5	100	1	0	10
2f8	100	1	0	510
U5	100	1	0	10
2f8	100	1	0	510
T5	100	1	0	10
2f8	100	1	0	510
S5	100	1	0	10
2f8	100	1	0	510
R5	100	1	0	10
2f8	100	1	0	510
Q5	100	1	0	10
2f8	100	1	0	510
P5	100	1	0	10
2f8	100	1	0	510
N5	100	1	0	00
1	100	0	0	1
6o	100	1	0	41
1	100	0	0	1
6o	100	1	0	41
1	100	0	0	1
6o	100	1	0	41
M1	100	1	0	10
6o4g	100	1	0	4111
M1	100	1	0	10
6o4g	100	1	0	4111
M1	100	1	0	10
6o4g	100	1	0	4111
M1	100	1	0	10
6o4g	100	1	0	4111
M1	100	1	0	10
6o4g	100	1	0	4111
M1	100	1	0	10
6o4g	100	1	0	4111
M1	100	1	0	10
6o4g	100	1	0	4111
M1	100	1	0	10
6o4g	100	1	0	4111
M1	100	1	0	10
6o4g	100	1	0	4111
L1	100	1	0	10
6o4g	100	1	0	4111
K1	100	1	0	10
6o4g	100	1	0	4111
J1	100	1	0	10
6o4g	100	1	0	4111
I1	100	1	0	10
6o4g	100	1	0	4111
H1	100	1	0	10
6o4g	100	1	0	4111
G1	100	1	0	10
6o4g	100	1	0	4111
E1	100	1	0	00
5	100	0	0	1
2b	100	1	0	11
5	100	0	0	1
2b	100	1	0	11
5	100	0	0	1
2b	100	1	0	11
V5	100	1	0	10
2b8u	100	1	0	1151
V5	100	1	0	10
2b8u	100	1	0	1151
V5	100	1	0	10
2b8u	100	1	0	1151
V5	100	1	0	10
2b8u	100	1	0	1151
V5	100	1	0	10
2b8u	100	1	0	1151
V5	100	1	0	10
2b8u	100	1	0	1151
V5	100	1	0	10
2b8u	100	1	0	1151
V5	100	1	0	10
2b8u	100	1	0	1151
V5	100	1	0	10
2b8u	100	1	0	1151
U5	100	1	0	10
2b8u	100	1	0	1151
T5	100	1	0	10
2b8u	100	1	0	1151
S5	100	1	0	10
2b8u	100	1	0	1151
R5	100	1	0	10
2b8u	100	1	0	1151
Q5	100	1	0	10
2b8u	100	1	0	1151
P5	100	1	0	10
2b8u	100	1	0	1151
N5	100	1	0	00
1	100	0	0	1
6m	100	1	0	21
1	100	0	0	1
6m	100	1	0	21
1	100	0	0	1
6m	100	1	0	21
M1	100	1	0	10
6m4j	100	1	0	2141
M1	100	1	0	10
6m4j	100	1	0	2141
M1	100	1	0	10
6m4j	100	1	0	2141
M1	100	1	0	10
6m4j	100	1	0	2141
M1	100	1	0	10
6m4j	100	1	0	2141
M1	100	1	0	10
6m4j	100	1	0	2141
M1	100	1	0	10
6m4j	100	1	0	2141
M1	100	1	0	10
6m4j	100	1	0	2141
M1	100	1	0	10
6m4j	100	1	0	2141
L1	100	1	0	10
6m4j	100	1	0	2141
K1	100	1	0	10
6m4j	100	1	0	2141
J1	100	1	0	10
6m4j	100	1	0	2141
I1	100	1	0	10
6m4j	100	1	0	2141
H1	100	1	0	10
6m4j	100	1	0	2141
G1	100	1	0	10
6m4j	100	1	0	2141
E1	100	1	0	00
5	100	0	0	1
8s	100	1	0	31
5	100	0	0	1
8s	100	1	0	31
5	100	0	0	1
8s	100	1	0	31
V5	100	1	0	10
8s2	100	1	0	310
V5	100	1	0	10
8s2	100	1	0	310
V5	100	1	0	10
8s2	100	1	0	310
V5	100	1	0	10
8s2	100	1	0	310
V5	100	1	0	10
8s2	100	1	0	310
V5	100	1	0	10
8s2	100	1	0	310
V5	100	1	0	10
8s2	100	1	0	310
V5	100	1	0	10
8s2	100	1	0	310
V5	100	1	0	10
8s2	100	1	0	310
U5	100	1	0	10
8s2	100	1	0	310
T5	100	1	0	10
8s2	100	1	0	310
S5	100	1	0	10
8s2	100	1	0	310
R5	100	1	0	10
8s2	100	1	0	310
Q5	100	1	0	10
8s2	100	1	0	310
P5	100	1	0	10
8s2	100	1	0	310
N5	100	1	0	00
1	100	0	0	1
6	100	1	0	0
1	100	0	0	1
6	100	1	0	0
1	100	0	0	1
6	100	1	0	0
M1	100	1	0	10
4k6	100	1	0	510
M1	100	1	0	10
4k6	100	1	0	510
M1	100	1	0	10
4k6	100	1	0	510
M1	100	1	0	10
4k6	100	1	0	510
M1	100	1	0	10
4k6	100	1	0	510
M1	100	1	0	10
4k6	100	1	0	510
M1	100	1	0	10
4k6	100	1	0	510
M1	100	1	0	10
4k6	100	1	0	510
M1	100	1	0	10
4k6	100	1	0	510
L1	100	1	0	10
4k6	100	1	0	510
K1	100	1	0	10
4k6	100	1	0	510
J1	100	1	0	10
4k6	100	1	0	510
I1	100	1	0	10
4k6	100	1	0	510
H1	100	1	0	10
4k6	100	1	0	510
G1	100	1	0	10
4k6	100	1	0	510
E1	100	1	0	00
5	100	0	0	1
8q	100	1	0	11
5	100	0	0	1
8q	100	1	0	11
5	100	0	0	1
8q	100	1	0	11
V5	100	1	0	10
8q2f	100	1	0	1151
V5	100	1	0	10
8q2f	100	1	0	1151
V5	100	1	0	10
8q2f	100	1	0	1151
V5	100	1	0	10
8q2f	100	1	0	1151
V5	100	1	0	10
8q2f	100	1	0	1151
V5	100	1	0	10
8q2f	100	1	0	1151
V5	100	1	0	10
8q2f	100	1	0	1151
V5	100	1	0	10
8q2f	100	1	0	1151
V5	100	1	0	10
8q2f	100	1	0	1151
U5	100	1	0	10
8q2f	100	1	0	1151
T5	100	1	0	10
8q2f	100	1	0	1151
S5	100	1	0	10
8q2f	100	1	0	1151
R5	100	1	0	10
8q2f	100	1	0	1151
Q5	100	1	0	10
8q2f	100	1	0	1151
P5	100	1	0	10
8q2f	100	1	0	1151
N5	100	1	0	00
1	100	0	0	1
4k	100	1	0	51
1	100	0	0	1
4k	100	1	0	51
1	100	0	0	1
4k	100	1	0	51
M1	100	1	0	10
4k6n	100	1	0	5131
M1	100	1	0	10
4k6n	100	1	0	5131
M1	100	1	0	10
4k6n	100	1	0	5131
M1	100	1	0	10
4k6n	100	1	0	5131
M1	100	1	0	10
4k6n	100	1	0	5131
M1	100	1	0	10
4k6n	100	1	0	5131
M1	100	1	0	10
4k6n	100	1	0	5131
M1	100	1	0	10
4k6n	100	1	0	5131
M1	100	1	0	10
4k6n	100	1	0	5131
L1	100	1	0	10
4k6n	100	1	0	5131
K1	100	1	0	10
4k6n	100	1	0	5131
J1	100	1	0	10
4k6n	100	1	0	5131
I1	100	1	0	10
4k6n	100	1	0	5131
H1	100	1	0	10
4k6n	100	1	0	5131
G1	100	1	0	10
4k6n	100	1	0	5131
E1	100	1	0	00
5	100	0	0	1
8r	100	1	0	21
5	100	0	0	1
8r	100	1	0	21
5	100	0	0	1
8r	100	1	0	21
V5	100	1	0	10
8r2e	100	1	0	2141
V5	100	1	0	10
8r2e	100	1	0	2141
V5	100	1	0	10
8r2e	100	1	0	2141
V5	100	1	0	10
8r2e	100	1	0	2141
V5	100	1	0	10
8r2e	100	1	0	2141
V5	100	1	0	10
8r2e	100	1	0	2141
V5	100	1	0	10
8r2e	100	1	0	2141
V5	100	1	0	10
8r2e	100	1	0	2141
V5	100	1	0	10
8r2e	100	1	0	2141
U5	100	1	0	10
8r2e	100	1	0	2141
T5	100	1	0	10
8r2e	100	1	0	2141
S5	100	1	0	10
8r2e	100	1	0	2141
R5	100	1	0	10
8r2e	100	1	0	2141
Q5	100	1	0	10
8r2e	100	1	0	2141
P5	100	1	0	10
8r2e	100	1	0	2141
N5	100	1	0	00
1	100	0	0	1
6p	100	1	0	51
1	100	0	0	1
6p	100	1	0	51
1	100	0	0	1
6p	100	1	0	51
M1	100	1	0	10
6p4	100	1	0	510
M1	100	1	0	10
6p4	100	1	0	510
M1	100	1	0	10
6p4	100	1	0	510
M1	100	1	0	10
6p4	100	1	0	510
M1	100	1	0	10
6p4	100	1	0	510
M1	100	1	0	10
6p4	100	1	0	510
M1	100	1	0	10
6p4	100	1	0	510
M1	100	1	0	10
6p4	100	1	0	510
M1	100	1	0	10
6p4	100	1	0	510
L1	100	1	0	10
6p4	100	1	0	510
K1	100	1	0	10
6p4	100	1	0	510
J1	100	1	0	10
6p4	100	1	0	510
I1	100	1	0	10
6p4	100	1	0	510
H1	100	1	0	10
6p4	100	1	0	510
G1	100	1	0	10
6p4	100	1	0	510
E1	100	1	0	00
5	100	0	0	1
8t	100	1	0	41
5	100	0	0	1
8t	100	1	0	41
5	100	0	0	1
8t	100	1	0	41
V5	100	1	0	10
8t2b	100	1	0	4111
V5	100	1	0	10
8t2b	100	1	0	4111
V5	100	1	0	10
8t2b	100	1	0	4111
V5	100	1	0	10
8t2b	100	1	0	4111
V5	100	1	0	10
8t2b	100	1	0	4111
V5	100	1	0	10
8t2b	100	1	0	4111
V5	100	1	0	10
8t2b	100	1	0	4111
V5	100	1	0	10
8t2b	100	1	0	4111
V5	100	1	0	10
8t2b	100	1	0	4111
U5	100	1	0	10
8t2b	100	1	0	4111
T5	100	1	0	10
8t2b	100	1	0	4111
S5	100	1	0	10
8t2b	100	1	0	4111
R5	100	1	0	10
8t2b	100	1	0	4111
Q5	100	1	0	10
8t2b	100	1	0	4111
P5	100	1	0	10
8t2b	100	1	0	4111
N5	100	1	0	00
