Ver1.3	1432340768	StartFile	3/27/2021	11:21:53 AM	E:\BehavioralExperiments\Twenty\Horizon\RawData\032721\SoundData.txt	1432340768
1432677384	Triggered	5,23,24,25,26,27,28,29,30,31,	 NoSound	40	2	1432677384
1432677586	Triggered	5,23,24,25,26,27,28,29,30,31,	 StopSoundShort	40	2	1432677586
1432715283	Triggered	1,14,15,16,17,18,19,20,21,22,	 NoSound	40	2	1432715283
1432715487	Triggered	1,14,15,16,17,18,19,20,21,22,	 PureTone-3kHz	40	2	1432715487
1432721566	Triggered	4,42,43,44,45,46,	 NoSound	40	2	1432721566
1432721767	Triggered	4,42,43,44,45,46,	 File_beep2	40	2	1432721767
1432731458	Triggered	1,14,15,16,17,18,19,20,21,22,	 NoSound	40	2	1432731458
1432731661	Triggered	1,14,15,16,17,18,19,20,21,22,	 PureTone-2kHz	40	2	1432731661
1432737608	Triggered	6,47,48,49,50,51,	 NoSound	40	2	1432737608
1432737811	Triggered	6,47,48,49,50,51,	 File_beep4	40	2	1432737811
1432749372	Triggered	1,14,15,16,17,18,19,20,21,22,	 NoSound	40	2	1432749372
1432749584	Triggered	1,14,15,16,17,18,19,20,21,22,	 PureTone-1kHz	40	2	1432749584
1432752982	Triggered	4,42,43,44,45,46,	 NoSound	40	2	1432752982
1432753183	Triggered	4,42,43,44,45,46,	 File_beep2	40	2	1432753183
1432762874	Triggered	1,14,15,16,17,18,19,20,21,22,	 NoSound	40	2	1432762874
1432763076	Triggered	1,14,15,16,17,18,19,20,21,22,	 StopSoundLong	40	2	1432763076
1432773969	Triggered	5,23,24,25,26,27,28,29,30,31,	 NoSound	40	2	1432773969
1432777519	Triggered	8,52,53,54,55,56,	 NoSound	40	2	1432777519
1432777722	Triggered	8,52,53,54,55,56,	 File_beep5	40	2	1432777722
1432794090	Triggered	5,23,24,25,26,27,28,29,30,31,	 NoSound	40	2	1432794090
1432794295	Triggered	5,23,24,25,26,27,28,29,30,31,	 PureTone-11kHz	40	2	1432794295
1432797097	Triggered	8,52,53,54,55,56,	 NoSound	40	2	1432797097
1432797300	Triggered	8,52,53,54,55,56,	 File_beep5	40	2	1432797300
1432812537	Triggered	5,23,24,25,26,27,28,29,30,31,	 NoSound	40	2	1432812537
1432812742	Triggered	5,23,24,25,26,27,28,29,30,31,	 PureTone-9kHz	40	2	1432812742
1432815611	Triggered	8,52,53,54,55,56,	 NoSound	40	2	1432815611
1432815813	Triggered	8,52,53,54,55,56,	 File_beep5	40	2	1432815813
1432834527	Triggered	5,23,24,25,26,27,28,29,30,31,	 NoSound	40	2	1432834527
1432834730	Triggered	5,23,24,25,26,27,28,29,30,31,	 PureTone-7kHz	40	2	1432834730
1432837601	Triggered	8,52,53,54,55,56,	 NoSound	40	2	1432837601
1432837804	Triggered	8,52,53,54,55,56,	 File_beep5	40	2	1432837804
1432854847	Triggered	5,23,24,25,26,27,28,29,30,31,	 NoSound	40	2	1432854847
1432855048	Triggered	5,23,24,25,26,27,28,29,30,31,	 PureTone-5kHz	40	2	1432855048
1432858257	Triggered	8,52,53,54,55,56,	 NoSound	40	2	1432858257
1432858458	Triggered	8,52,53,54,55,56,	 File_beep5	40	2	1432858458
1432872760	Triggered	5,23,24,25,26,27,28,29,30,31,	 NoSound	40	2	1432872760
1432872963	Triggered	5,23,24,25,26,27,28,29,30,31,	 PureTone-3kHz	40	2	1432872963
1432875901	Triggered	8,52,53,54,55,56,	 NoSound	40	2	1432875901
1432876103	Triggered	8,52,53,54,55,56,	 File_beep5	40	2	1432876103
1432893280	Triggered	5,23,24,25,26,27,28,29,30,31,	 NoSound	40	2	1432893280
1432893482	Triggered	5,23,24,25,26,27,28,29,30,31,	 PureTone-2kHz	40	2	1432893482
1432896556	Triggered	8,52,53,54,55,56,	 NoSound	40	2	1432896556
1432896758	Triggered	8,52,53,54,55,56,	 File_beep5	40	2	1432896758
1432914404	Triggered	5,23,24,25,26,27,28,29,30,31,	 NoSound	40	2	1432914404
1432914605	Triggered	5,23,24,25,26,27,28,29,30,31,	 PureTone-1kHz	40	2	1432914605
1432917343	Triggered	8,52,53,54,55,56,	 NoSound	40	2	1432917343
1432917546	Triggered	8,52,53,54,55,56,	 File_beep5	40	2	1432917546
1432934856	Triggered	5,23,24,25,26,27,28,29,30,31,	 NoSound	40	2	1432934856
1432935057	Triggered	5,23,24,25,26,27,28,29,30,31,	 StopSoundShort	40	2	1432935057
1432959586	Triggered	1,14,15,16,17,18,19,20,21,22,	 NoSound	40	2	1432959586
1432959790	Triggered	1,14,15,16,17,18,19,20,21,22,	 PureTone-3kHz	40	2	1432959790
1432963396	Triggered	6,47,48,49,50,51,	 NoSound	40	2	1432963396
1432963599	Triggered	6,47,48,49,50,51,	 File_beep3	40	2	1432963599
1432973422	Triggered	1,14,15,16,17,18,19,20,21,22,	 NoSound	40	2	1432973422
1432973623	Triggered	1,14,15,16,17,18,19,20,21,22,	 PureTone-2kHz	40	2	1432973623
1432976632	Triggered	4,42,43,44,45,46,	 NoSound	40	2	1432976632
1432976832	Triggered	4,42,43,44,45,46,	 File_beep1	40	2	1432976832
1432983182	Triggered	1,14,15,16,17,18,19,20,21,22,	 NoSound	40	2	1432983182
1432983383	Triggered	1,14,15,16,17,18,19,20,21,22,	 PureTone-1kHz	40	2	1432983383
1432986991	Triggered	6,47,48,49,50,51,	 NoSound	40	2	1432986991
1432987204	Triggered	6,47,48,49,50,51,	 File_beep3	40	2	1432987204
1432995347	Triggered	1,14,15,16,17,18,19,20,21,22,	 NoSound	40	2	1432995347
1432995548	Triggered	1,14,15,16,17,18,19,20,21,22,	 StopSoundLong	40	2	1432995548
1433010051	Triggered	8,52,53,54,55,56,	 NoSound	40	2	1433010051
1433010253	Triggered	8,52,53,54,55,56,	 File_beep2	40	2	1433010253
1433019543	Triggered	5,23,24,25,26,27,28,29,30,31,	 NoSound	40	2	1433019543
1433019747	Triggered	5,23,24,25,26,27,28,29,30,31,	 PureTone-11kHz	40	2	1433019747
1433022419	Triggered	8,52,53,54,55,56,	 NoSound	40	2	1433022419
1433022621	Triggered	8,52,53,54,55,56,	 File_beep2	40	2	1433022621
1433033579	Triggered	5,23,24,25,26,27,28,29,30,31,	 NoSound	40	2	1433033579
1433033782	Triggered	5,23,24,25,26,27,28,29,30,31,	 PureTone-9kHz	40	2	1433033782
1433036521	Triggered	8,52,53,54,55,56,	 NoSound	40	2	1433036521
1433036722	Triggered	8,52,53,54,55,56,	 File_beep2	40	2	1433036722
1433047014	Triggered	5,23,24,25,26,27,28,29,30,31,	 NoSound	40	2	1433047014
1433047217	Triggered	5,23,24,25,26,27,28,29,30,31,	 PureTone-7kHz	40	2	1433047217
1433049957	Triggered	8,52,53,54,55,56,	 NoSound	40	2	1433049957
1433050170	Triggered	8,52,53,54,55,56,	 File_beep2	40	2	1433050170
1433061052	Triggered	5,23,24,25,26,27,28,29,30,31,	 NoSound	40	2	1433061052
1433061253	Triggered	5,23,24,25,26,27,28,29,30,31,	 PureTone-5kHz	40	2	1433061253
1433063925	Triggered	8,52,53,54,55,56,	 NoSound	40	2	1433063925
1433064126	Triggered	8,52,53,54,55,56,	 File_beep2	40	2	1433064126
1433082909	Triggered	5,23,24,25,26,27,28,29,30,31,	 NoSound	40	2	1433082909
1433083111	Triggered	5,23,24,25,26,27,28,29,30,31,	 PureTone-3kHz	40	2	1433083111
1433086386	Triggered	8,52,53,54,55,56,	 NoSound	40	2	1433086386
1433086588	Triggered	8,52,53,54,55,56,	 File_beep2	40	2	1433086588
1433097079	Triggered	5,23,24,25,26,27,28,29,30,31,	 NoSound	40	2	1433097079
1433097282	Triggered	5,23,24,25,26,27,28,29,30,31,	 PureTone-2kHz	40	2	1433097282
1433099889	Triggered	8,52,53,54,55,56,	 NoSound	40	2	1433099889
1433100090	Triggered	8,52,53,54,55,56,	 File_beep2	40	2	1433100090
1433111584	Triggered	5,23,24,25,26,27,28,29,30,31,	 NoSound	40	2	1433111584
1433111787	Triggered	5,23,24,25,26,27,28,29,30,31,	 PureTone-1kHz	40	2	1433111787
1433114457	Triggered	8,52,53,54,55,56,	 NoSound	40	2	1433114457
1433114659	Triggered	8,52,53,54,55,56,	 File_beep2	40	2	1433114659
1433124082	Triggered	5,23,24,25,26,27,28,29,30,31,	 NoSound	40	2	1433124082
1433124282	Triggered	5,23,24,25,26,27,28,29,30,31,	 StopSoundShort	40	2	1433124282
1433136180	Triggered	1,14,15,16,17,18,19,20,21,22,	 NoSound	40	2	1433136180
1433136384	Triggered	1,14,15,16,17,18,19,20,21,22,	 PureTone-3kHz	40	2	1433136384
1433139857	Triggered	6,47,48,49,50,51,	 NoSound	40	2	1433139857
1433140060	Triggered	6,47,48,49,50,51,	 File_beep4	40	2	1433140060
1433148479	Triggered	1,14,15,16,17,18,19,20,21,22,	 NoSound	40	2	1433148479
1433148680	Triggered	1,14,15,16,17,18,19,20,21,22,	 PureTone-2kHz	40	2	1433148680
1433151421	Triggered	6,47,48,49,50,51,	 NoSound	40	2	1433151421
1433151623	Triggered	6,47,48,49,50,51,	 File_beep4	40	2	1433151623
1433161380	Triggered	1,14,15,16,17,18,19,20,21,22,	 NoSound	40	2	1433161380
1433161581	Triggered	1,14,15,16,17,18,19,20,21,22,	 PureTone-1kHz	40	2	1433161581
1433164253	Triggered	6,47,48,49,50,51,	 NoSound	40	2	1433164253
1433164456	Triggered	6,47,48,49,50,51,	 File_beep4	40	2	1433164456
1433174682	Triggered	1,14,15,16,17,18,19,20,21,22,	 NoSound	40	2	1433174682
1433174883	Triggered	1,14,15,16,17,18,19,20,21,22,	 StopSoundLong	40	2	1433174883
1433184975	Triggered	5,23,24,25,26,27,28,29,30,31,	 NoSound	40	2	1433184975
1433188650	Triggered	8,52,53,54,55,56,	 NoSound	40	2	1433188650
1433188853	Triggered	8,52,53,54,55,56,	 File_beep3	40	2	1433188853
1433200682	Triggered	5,23,24,25,26,27,28,29,30,31,	 NoSound	40	2	1433200682
1433200887	Triggered	5,23,24,25,26,27,28,29,30,31,	 PureTone-11kHz	40	2	1433200887
1433203489	Triggered	8,52,53,54,55,56,	 NoSound	40	2	1433203489
1433203691	Triggered	8,52,53,54,55,56,	 File_beep3	40	2	1433203691
1433217934	Triggered	5,23,24,25,26,27,28,29,30,31,	 NoSound	40	2	1433217934
1433218139	Triggered	5,23,24,25,26,27,28,29,30,31,	 PureTone-9kHz	40	2	1433218139
1433221135	Triggered	8,52,53,54,55,56,	 NoSound	40	2	1433221135
1433221336	Triggered	8,52,53,54,55,56,	 File_beep3	40	2	1433221336
1433255826	Triggered	5,23,24,25,26,27,28,29,30,31,	 NoSound	40	2	1433255826
1433256030	Triggered	5,23,24,25,26,27,28,29,30,31,	 PureTone-7kHz	40	2	1433256030
1433258835	Triggered	8,52,53,54,55,56,	 NoSound	40	2	1433258835
1433259036	Triggered	8,52,53,54,55,56,	 File_beep3	40	2	1433259036
1433270737	Triggered	5,23,24,25,26,27,28,29,30,31,	 NoSound	40	2	1433270737
1433270939	Triggered	5,23,24,25,26,27,28,29,30,31,	 PureTone-5kHz	40	2	1433270939
1433274007	Triggered	8,52,53,54,55,56,	 NoSound	40	2	1433274007
1433274208	Triggered	8,52,53,54,55,56,	 File_beep3	40	2	1433274208
1433285903	Triggered	5,23,24,25,26,27,28,29,30,31,	 NoSound	40	2	1433285903
1433286118	Triggered	5,23,24,25,26,27,28,29,30,31,	 PureTone-3kHz	40	2	1433286118
1433289714	Triggered	8,52,53,54,55,56,	 NoSound	40	2	1433289714
1433289915	Triggered	8,52,53,54,55,56,	 File_beep3	40	2	1433289915
1433303282	Triggered	5,23,24,25,26,27,28,29,30,31,	 NoSound	40	2	1433303282
1433303485	Triggered	5,23,24,25,26,27,28,29,30,31,	 PureTone-2kHz	40	2	1433303485
1433306357	Triggered	8,52,53,54,55,56,	 NoSound	40	2	1433306357
1433306559	Triggered	8,52,53,54,55,56,	 File_beep3	40	2	1433306559
1433318735	Triggered	5,23,24,25,26,27,28,29,30,31,	 NoSound	40	2	1433318735
1433318938	Triggered	5,23,24,25,26,27,28,29,30,31,	 PureTone-1kHz	40	2	1433318938
1433321864	Triggered	8,52,53,54,55,56,	 NoSound	40	2	1433321864
1433322067	Triggered	8,52,53,54,55,56,	 File_beep3	40	2	1433322067
1433335232	Triggered	5,23,24,25,26,27,28,29,30,31,	 NoSound	40	2	1433335232
1433335433	Triggered	5,23,24,25,26,27,28,29,30,31,	 StopSoundShort	40	2	1433335433
1433348400	Triggered	1,14,15,16,17,18,19,20,21,22,	 NoSound	40	2	1433348400
1433348604	Triggered	1,14,15,16,17,18,19,20,21,22,	 PureTone-3kHz	40	2	1433348604
1433351609	Triggered	4,42,43,44,45,46,	 NoSound	40	2	1433351609
1433351812	Triggered	4,42,43,44,45,46,	 File_beep4	40	2	1433351812
1433362102	Triggered	1,14,15,16,17,18,19,20,21,22,	 NoSound	40	2	1433362102
1433362303	Triggered	1,14,15,16,17,18,19,20,21,22,	 PureTone-2kHz	40	2	1433362303
1433365456	Triggered	6,47,48,49,50,51,	 NoSound	40	2	1433365456
1433365658	Triggered	6,47,48,49,50,51,	 File_beep3	40	2	1433365658
1433373199	Triggered	1,14,15,16,17,18,19,20,21,22,	 NoSound	40	2	1433373199
1433373400	Triggered	1,14,15,16,17,18,19,20,21,22,	 PureTone-1kHz	40	2	1433373400
1433376673	Triggered	6,47,48,49,50,51,	 NoSound	40	2	1433376673
1433376875	Triggered	6,47,48,49,50,51,	 File_beep3	40	2	1433376875
1433384897	Triggered	1,14,15,16,17,18,19,20,21,22,	 NoSound	40	2	1433384897
1433385098	Triggered	1,14,15,16,17,18,19,20,21,22,	 StopSoundLong	40	2	1433385098
1433399801	Triggered	8,52,53,54,55,56,	 NoSound	40	2	1433399801
1433400003	Triggered	8,52,53,54,55,56,	 File_beep2	40	2	1433400003
1433411031	Triggered	5,23,24,25,26,27,28,29,30,31,	 NoSound	40	2	1433411031
1433411235	Triggered	5,23,24,25,26,27,28,29,30,31,	 PureTone-11kHz	40	2	1433411235
1433413707	Triggered	8,52,53,54,55,56,	 NoSound	40	2	1433413707
1433413909	Triggered	8,52,53,54,55,56,	 File_beep2	40	2	1433413909
1433424733	Triggered	5,23,24,25,26,27,28,29,30,31,	 NoSound	40	2	1433424733
1433424937	Triggered	5,23,24,25,26,27,28,29,30,31,	 PureTone-9kHz	40	2	1433424937
1433427540	Triggered	8,52,53,54,55,56,	 NoSound	40	2	1433427540
1433427741	Triggered	8,52,53,54,55,56,	 File_beep2	40	2	1433427741
1433439773	Triggered	5,23,24,25,26,27,28,29,30,31,	 NoSound	40	2	1433439773
1433439977	Triggered	5,23,24,25,26,27,28,29,30,31,	 PureTone-7kHz	40	2	1433439977
1433442378	Triggered	8,52,53,54,55,56,	 NoSound	40	2	1433442378
1433442580	Triggered	8,52,53,54,55,56,	 File_beep2	40	2	1433442580
1433453341	Triggered	5,23,24,25,26,27,28,29,30,31,	 NoSound	40	2	1433453341
1433453545	Triggered	5,23,24,25,26,27,28,29,30,31,	 PureTone-5kHz	40	2	1433453545
1433456289	Triggered	8,52,53,54,55,56,	 NoSound	40	2	1433456289
1433456489	Triggered	8,52,53,54,55,56,	 File_beep2	40	2	1433456489
1433467178	Triggered	5,23,24,25,26,27,28,29,30,31,	 NoSound	40	2	1433467178
1433467380	Triggered	5,23,24,25,26,27,28,29,30,31,	 PureTone-3kHz	40	2	1433467380
1433470250	Triggered	8,52,53,54,55,56,	 NoSound	40	2	1433470251
1433470453	Triggered	8,52,53,54,55,56,	 File_beep2	40	2	1433470453
1433482081	Triggered	5,23,24,25,26,27,28,29,30,31,	 NoSound	40	2	1433482081
1433482283	Triggered	5,23,24,25,26,27,28,29,30,31,	 PureTone-2kHz	40	2	1433482283
1433485023	Triggered	8,52,53,54,55,56,	 NoSound	40	2	1433485023
1433485236	Triggered	8,52,53,54,55,56,	 File_beep2	40	2	1433485236
1433497990	Triggered	5,23,24,25,26,27,28,29,30,31,	 NoSound	40	2	1433497990
1433498191	Triggered	5,23,24,25,26,27,28,29,30,31,	 PureTone-1kHz	40	2	1433498191
1433501001	Triggered	8,52,53,54,55,56,	 NoSound	40	2	1433501001
1433501203	Triggered	8,52,53,54,55,56,	 File_beep2	40	2	1433501203
1433513632	Triggered	5,23,24,25,26,27,28,29,30,31,	 NoSound	40	2	1433513632
1433513834	Triggered	5,23,24,25,26,27,28,29,30,31,	 StopSoundShort	40	2	1433513834
1433548391	Triggered	4,42,43,44,45,46,	 NoSound	40	2	1433548391
1433548594	Triggered	4,42,43,44,45,46,	 File_beep1	40	2	1433548594
1433555608	Triggered	1,14,15,16,17,18,19,20,21,22,	 NoSound	40	2	1433555608
1433555810	Triggered	1,14,15,16,17,18,19,20,21,22,	 PureTone-2kHz	40	2	1433555810
1433558481	Triggered	6,47,48,49,50,51,	 NoSound	40	2	1433558481
1433558682	Triggered	6,47,48,49,50,51,	 File_beep1	40	2	1433558682
1433564297	Triggered	1,14,15,16,17,18,19,20,21,22,	 NoSound	40	2	1433564297
1433564499	Triggered	1,14,15,16,17,18,19,20,21,22,	 PureTone-1kHz	40	2	1433564499
1433567506	Triggered	4,42,43,44,45,46,	 NoSound	40	2	1433567506
1433567709	Triggered	4,42,43,44,45,46,	 File_beep1	40	2	1433567709
1433577867	Triggered	1,14,15,16,17,18,19,20,21,22,	 NoSound	40	2	1433577867
1433578069	Triggered	1,14,15,16,17,18,19,20,21,22,	 StopSoundLong	40	2	1433578069
1433591634	Triggered	8,52,53,54,55,56,	 NoSound	40	2	1433591634
1433591840	Triggered	8,52,53,54,55,56,	 File_beep5	40	2	1433591840
1433613424	Triggered	5,23,24,25,26,27,28,29,30,31,	 NoSound	40	2	1433613424
1433613629	Triggered	5,23,24,25,26,27,28,29,30,31,	 PureTone-11kHz	40	2	1433613629
1433616166	Triggered	8,52,53,54,55,56,	 NoSound	40	2	1433616166
1433616368	Triggered	8,52,53,54,55,56,	 File_beep5	40	2	1433616368
1433630269	Triggered	5,23,24,25,26,27,28,29,30,31,	 NoSound	40	2	1433630269
1433630475	Triggered	5,23,24,25,26,27,28,29,30,31,	 PureTone-9kHz	40	2	1433630475
1433633076	Triggered	8,52,53,54,55,56,	 NoSound	40	2	1433633076
1433633279	Triggered	8,52,53,54,55,56,	 File_beep5	40	2	1433633279
1433653062	Triggered	5,23,24,25,26,27,28,29,30,31,	 NoSound	40	2	1433653062
1433653265	Triggered	5,23,24,25,26,27,28,29,30,31,	 PureTone-7kHz	40	2	1433653265
1433656471	Triggered	2,37,38,39,40,41,	 NoSound	40	2	1433656471
1433656671	Triggered	2,37,38,39,40,41,	 File_beep1	40	2	1433656671
1433661684	Triggered	5,23,24,25,26,27,28,29,30,31,	 NoSound	40	2	1433661684
1433661888	Triggered	5,23,24,25,26,27,28,29,30,31,	 PureTone-5kHz	40	2	1433661888
1433664759	Triggered	8,52,53,54,55,56,	 NoSound	40	2	1433664759
1433664962	Triggered	8,52,53,54,55,56,	 File_beep5	40	2	1433664962
1433682003	Triggered	5,23,24,25,26,27,28,29,30,31,	 NoSound	40	2	1433682003
1433682204	Triggered	5,23,24,25,26,27,28,29,30,31,	 PureTone-3kHz	40	2	1433682204
1433684945	Triggered	8,52,53,54,55,56,	 NoSound	40	2	1433684945
1433685148	Triggered	8,52,53,54,55,56,	 File_beep5	40	2	1433685148
1433702725	Triggered	5,23,24,25,26,27,28,29,30,31,	 NoSound	40	2	1433702725
1433702929	Triggered	5,23,24,25,26,27,28,29,30,31,	 PureTone-2kHz	40	2	1433702929
1433705732	Triggered	8,52,53,54,55,56,	 NoSound	40	2	1433705732
1433705935	Triggered	8,52,53,54,55,56,	 File_beep5	40	2	1433705935
1433725318	Triggered	5,23,24,25,26,27,28,29,30,31,	 NoSound	40	2	1433725318
1433725519	Triggered	5,23,24,25,26,27,28,29,30,31,	 PureTone-1kHz	40	2	1433725519
1433728323	Triggered	8,52,53,54,55,56,	 NoSound	40	2	1433728323
1433728526	Triggered	8,52,53,54,55,56,	 File_beep5	40	2	1433728526
1433747240	Triggered	5,23,24,25,26,27,28,29,30,31,	 NoSound	40	2	1433747240
1433747440	Triggered	5,23,24,25,26,27,28,29,30,31,	 StopSoundShort	40	2	1433747440
1433760545	Triggered	1,14,15,16,17,18,19,20,21,22,	 NoSound	40	2	1433760545
1433760749	Triggered	1,14,15,16,17,18,19,20,21,22,	 PureTone-3kHz	40	2	1433760749
1433763954	Triggered	6,47,48,49,50,51,	 NoSound	40	2	1433763954
1433764156	Triggered	6,47,48,49,50,51,	 File_beep5	40	2	1433764156
1433775446	Triggered	1,14,15,16,17,18,19,20,21,22,	 NoSound	40	2	1433775446
1433775649	Triggered	1,14,15,16,17,18,19,20,21,22,	 PureTone-2kHz	40	2	1433775649
1433778789	Triggered	6,47,48,49,50,51,	 NoSound	40	2	1433778789
1433778991	Triggered	6,47,48,49,50,51,	 File_beep5	40	2	1433778991
1433791090	Triggered	1,14,15,16,17,18,19,20,21,22,	 NoSound	40	2	1433791090
1433791292	Triggered	1,14,15,16,17,18,19,20,21,22,	 PureTone-1kHz	40	2	1433791292
1433794503	Triggered	6,47,48,49,50,51,	 NoSound	40	2	1433794503
1433794706	Triggered	6,47,48,49,50,51,	 File_beep5	40	2	1433794706
1433807664	Triggered	1,14,15,16,17,18,19,20,21,22,	 NoSound	40	2	1433807664
1433807866	Triggered	1,14,15,16,17,18,19,20,21,22,	 StopSoundLong	40	2	1433807866
1433822710	Triggered	5,23,24,25,26,27,28,29,30,31,	 NoSound	40	2	1433822710
1433826113	Triggered	8,52,53,54,55,56,	 NoSound	40	2	1433826113
1433833865	Triggered	5,23,24,25,26,27,28,29,30,31,	 NoSound	40	2	1433833865
1433834071	Triggered	5,23,24,25,26,27,28,29,30,31,	 PureTone-11kHz	40	2	1433834071
1433837609	Triggered	8,52,53,54,55,56,	 NoSound	40	2	1433837609
1433841753	Triggered	5,23,24,25,26,27,28,29,30,31,	 NoSound	40	2	1433841753
1433841968	Triggered	5,23,24,25,26,27,28,29,30,31,	 PureTone-9kHz	40	2	1433841968
1433848437	Triggered	2,37,38,39,40,41,	 NoSound	40	2	1433848437
1433848637	Triggered	2,37,38,39,40,41,	 File_beep1	40	2	1433848637
1433855589	Triggered	5,23,24,25,26,27,28,29,30,31,	 NoSound	40	2	1433855589
1433855806	Triggered	5,23,24,25,26,27,28,29,30,31,	 PureTone-7kHz	40	2	1433855806
1433859466	Triggered	8,52,53,54,55,56,	 NoSound	40	2	1433859466
1433866083	Triggered	5,23,24,25,26,27,28,29,30,31,	 NoSound	40	2	1433866083
1433866285	Triggered	5,23,24,25,26,27,28,29,30,31,	 PureTone-5kHz	40	2	1433866285
1433870361	Triggered	2,37,38,39,40,41,	 NoSound	40	2	1433870361
1433870562	Triggered	2,37,38,39,40,41,	 File_beep1	40	2	1433870562
1433884272	Triggered	5,23,24,25,26,27,28,29,30,31,	 NoSound	40	2	1433884272
1433884475	Triggered	5,23,24,25,26,27,28,29,30,31,	 PureTone-3kHz	40	2	1433884475
1433888073	Triggered	2,37,38,39,40,41,	 NoSound	40	2	1433888073
1433888274	Triggered	2,37,38,39,40,41,	 File_beep1	40	2	1433888274
1433896295	Triggered	5,23,24,25,26,27,28,29,30,31,	 NoSound	40	2	1433896295
1433896509	Triggered	5,23,24,25,26,27,28,29,30,31,	 PureTone-2kHz	40	2	1433896509
1433900038	Triggered	8,52,53,54,55,56,	 NoSound	40	2	1433900038
1433910733	Triggered	5,23,24,25,26,27,28,29,30,31,	 NoSound	40	2	1433910733
1433910934	Triggered	5,23,24,25,26,27,28,29,30,31,	 PureTone-1kHz	40	2	1433910934
1433921227	Triggered	2,37,38,39,40,41,	 NoSound	40	2	1433921227
1433921428	Triggered	2,37,38,39,40,41,	 File_beep1	40	2	1433921428
1433931393	Triggered	5,23,24,25,26,27,28,29,30,31,	 NoSound	40	2	1433931393
1433931594	Triggered	5,23,24,25,26,27,28,29,30,31,	 StopSoundShort	40	2	1433931594
1433951038	Triggered	1,14,15,16,17,18,19,20,21,22,	 NoSound	40	2	1433951038
1433951243	Triggered	1,14,15,16,17,18,19,20,21,22,	 PureTone-3kHz	40	2	1433951243
1433958270	Triggered	6,47,48,49,50,51,	 NoSound	40	2	1433958270
1433958472	Triggered	6,47,48,49,50,51,	 File_beep5	40	2	1433958472
1433971492	Triggered	1,14,15,16,17,18,19,20,21,22,	 NoSound	40	2	1433971492
1433971694	Triggered	1,14,15,16,17,18,19,20,21,22,	 PureTone-2kHz	40	2	1433971694
1433975769	Triggered	6,47,48,49,50,51,	 NoSound	40	2	1433975769
1433975971	Triggered	6,47,48,49,50,51,	 File_beep5	40	2	1433975971
1433989945	Triggered	1,14,15,16,17,18,19,20,21,22,	 NoSound	40	2	1433989945
1433990148	Triggered	1,14,15,16,17,18,19,20,21,22,	 PureTone-1kHz	40	2	1433990148
1433994016	Triggered	4,42,43,44,45,46,	 NoSound	40	2	1433994016
1433994228	Triggered	4,42,43,44,45,46,	 File_beep2	40	2	1433994228
1434006650	Triggered	1,14,15,16,17,18,19,20,21,22,	 NoSound	40	2	1434006650
1434006851	Triggered	1,14,15,16,17,18,19,20,21,22,	 StopSoundLong	40	2	1434006851
1434024429	Triggered	5,23,24,25,26,27,28,29,30,31,	 NoSound	40	2	1434024429
1434029041	Triggered	8,52,53,54,55,56,	 NoSound	40	2	1434029041
1434029243	Triggered	8,52,53,54,55,56,	 File_beep3	40	2	1434029243
1434043144	Triggered	5,23,24,25,26,27,28,29,30,31,	 NoSound	40	2	1434043144
1434043348	Triggered	5,23,24,25,26,27,28,29,30,31,	 PureTone-11kHz	40	2	1434043348
1434046353	Triggered	8,52,53,54,55,56,	 NoSound	40	2	1434046353
1434046555	Triggered	8,52,53,54,55,56,	 File_beep3	40	2	1434046555
1434062462	Triggered	5,23,24,25,26,27,28,29,30,31,	 NoSound	40	2	1434062462
1434062666	Triggered	5,23,24,25,26,27,28,29,30,31,	 PureTone-9kHz	40	2	1434062666
1434065736	Triggered	8,52,53,54,55,56,	 NoSound	40	2	1434065736
1434065938	Triggered	8,52,53,54,55,56,	 File_beep3	40	2	1434065938
1434081713	Triggered	5,23,24,25,26,27,28,29,30,31,	 NoSound	40	2	1434081713
1434081929	Triggered	5,23,24,25,26,27,28,29,30,31,	 PureTone-7kHz	40	2	1434081929
1434085188	Triggered	8,52,53,54,55,56,	 NoSound	40	2	1434085188
1434085400	Triggered	8,52,53,54,55,56,	 File_beep3	40	2	1434085400
1434100026	Triggered	5,23,24,25,26,27,28,29,30,31,	 NoSound	40	2	1434100026
1434100229	Triggered	5,23,24,25,26,27,28,29,30,31,	 PureTone-5kHz	40	2	1434100229
1434103368	Triggered	8,52,53,54,55,56,	 NoSound	40	2	1434103368
1434103569	Triggered	8,52,53,54,55,56,	 File_beep3	40	2	1434103569
1434118674	Triggered	5,23,24,25,26,27,28,29,30,31,	 NoSound	40	2	1434118674
1434118876	Triggered	5,23,24,25,26,27,28,29,30,31,	 PureTone-3kHz	40	2	1434118877
1434122084	Triggered	8,52,53,54,55,56,	 NoSound	40	2	1434122084
1434122286	Triggered	8,52,53,54,55,56,	 File_beep3	40	2	1434122286
1434137194	Triggered	5,23,24,25,26,27,28,29,30,31,	 NoSound	40	2	1434137194
1434137397	Triggered	5,23,24,25,26,27,28,29,30,31,	 PureTone-2kHz	40	2	1434137397
1434140667	Triggered	8,52,53,54,55,56,	 NoSound	40	2	1434140667
1434140868	Triggered	8,52,53,54,55,56,	 File_beep3	40	2	1434140868
1434156908	Triggered	5,23,24,25,26,27,28,29,30,31,	 NoSound	40	2	1434156908
1434157110	Triggered	5,23,24,25,26,27,28,29,30,31,	 PureTone-1kHz	40	2	1434157110
1434160384	Triggered	8,52,53,54,55,56,	 NoSound	40	2	1434160384
1434160586	Triggered	8,52,53,54,55,56,	 File_beep3	40	2	1434160586
1434175357	Triggered	5,23,24,25,26,27,28,29,30,31,	 NoSound	40	2	1434175357
1434175557	Triggered	5,23,24,25,26,27,28,29,30,31,	 StopSoundShort	40	2	1434175557
1434194539	Triggered	1,14,15,16,17,18,19,20,21,22,	 NoSound	40	2	1434194539
1434194743	Triggered	1,14,15,16,17,18,19,20,21,22,	 PureTone-3kHz	40	2	1434194743
1434199152	Triggered	4,42,43,44,45,46,	 NoSound	40	2	1434199152
1434199353	Triggered	4,42,43,44,45,46,	 File_beep5	40	2	1434199353
1434216396	Triggered	1,14,15,16,17,18,19,20,21,22,	 NoSound	40	2	1434216396
1434216599	Triggered	1,14,15,16,17,18,19,20,21,22,	 PureTone-2kHz	40	2	1434216599
1434221008	Triggered	6,47,48,49,50,51,	 NoSound	40	2	1434221008
1434226033	Triggered	1,14,15,16,17,18,19,20,21,22,	 NoSound	40	2	1434226033
1434226234	Triggered	1,14,15,16,17,18,19,20,21,22,	 PureTone-1kHz	40	2	1434226234
1434262384	Triggered	6,47,48,49,50,51,	 NoSound	40	2	1434262384
1434289453	Triggered	1,14,15,16,17,18,19,20,21,22,	 NoSound	40	2	1434289453
1434289653	Triggered	1,14,15,16,17,18,19,20,21,22,	 StopSoundLong	40	2	1434289653
1434319333	Triggered	5,23,24,25,26,27,28,29,30,31,	 NoSound	40	2	1434319333
1434326350	Triggered	2,37,38,39,40,41,	 NoSound	40	2	1434326350
1434326567	Triggered	2,37,38,39,40,41,	 File_beep3	40	2	1434326567
1434339652	Triggered	5,23,24,25,26,27,28,29,30,31,	 NoSound	40	2	1434339652
1434339857	Triggered	5,23,24,25,26,27,28,29,30,31,	 PureTone-11kHz	40	2	1434339857
1434343261	Triggered	8,52,53,54,55,56,	 NoSound	40	2	1434343261
1434361975	Triggered	5,23,24,25,26,27,28,29,30,31,	 NoSound	40	2	1434361975
1434362189	Triggered	5,23,24,25,26,27,28,29,30,31,	 PureTone-9kHz	40	2	1434362189
1434371401	Triggered	2,37,38,39,40,41,	 NoSound	40	2	1434371401
1434371602	Triggered	2,37,38,39,40,41,	 File_beep3	40	2	1434371602
1434387108	Triggered	5,23,24,25,26,27,28,29,30,31,	 NoSound	40	2	1434387108
1434387311	Triggered	5,23,24,25,26,27,28,29,30,31,	 PureTone-7kHz	40	2	1434387311
1434391118	Triggered	8,52,53,54,55,56,	 NoSound	40	2	1434391118
1434403618	Triggered	5,23,24,25,26,27,28,29,30,31,	 NoSound	40	2	1434403618
1434403821	Triggered	5,23,24,25,26,27,28,29,30,31,	 PureTone-5kHz	40	2	1434403821
1434407763	Triggered	2,37,38,39,40,41,	 NoSound	40	2	1434407763
1434407965	Triggered	2,37,38,39,40,41,	 File_beep3	40	2	1434407965
1434424285	Triggered	5,23,24,25,26,27,28,29,30,31,	 NoSound	40	2	1434424285
1434424489	Triggered	5,23,24,25,26,27,28,29,30,31,	 PureTone-3kHz	40	2	1434424489
1434428215	Triggered	2,37,38,39,40,41,	 NoSound	40	2	1434428215
1434428416	Triggered	2,37,38,39,40,41,	 File_beep3	40	2	1434428416
1434442327	Triggered	5,23,24,25,26,27,28,29,30,31,	 NoSound	40	2	1434442327
1434442530	Triggered	5,23,24,25,26,27,28,29,30,31,	 PureTone-2kHz	40	2	1434442530
1434446396	Triggered	8,52,53,54,55,56,	 NoSound	40	2	1434446396
1434451409	Triggered	5,23,24,25,26,27,28,29,30,31,	 NoSound	40	2	1434451409
1434451612	Triggered	5,23,24,25,26,27,28,29,30,31,	 PureTone-1kHz	40	2	1434451612
1434458695	Triggered	2,37,38,39,40,41,	 NoSound	40	2	1434458695
1434458896	Triggered	2,37,38,39,40,41,	 File_beep3	40	2	1434458896
1434472598	Triggered	5,23,24,25,26,27,28,29,30,31,	 NoSound	40	2	1434472598
1434472798	Triggered	5,23,24,25,26,27,28,29,30,31,	 StopSoundShort	40	2	1434472798
1434494723	Triggered	1,14,15,16,17,18,19,20,21,22,	 NoSound	40	2	1434494723
1434494929	Triggered	1,14,15,16,17,18,19,20,21,22,	 PureTone-3kHz	40	2	1434494929
1434498332	Triggered	6,47,48,49,50,51,	 NoSound	40	2	1434498332
1434498533	Triggered	6,47,48,49,50,51,	 File_beep1	40	2	1434498533
1434505951	Triggered	1,14,15,16,17,18,19,20,21,22,	 NoSound	40	2	1434505951
1434506154	Triggered	1,14,15,16,17,18,19,20,21,22,	 PureTone-2kHz	40	2	1434506154
1434509429	Triggered	4,42,43,44,45,46,	 NoSound	40	2	1434509429
1434509643	Triggered	4,42,43,44,45,46,	 File_beep5	40	2	1434509643
1434523536	Triggered	1,14,15,16,17,18,19,20,21,22,	 NoSound	40	2	1434523536
1434523738	Triggered	1,14,15,16,17,18,19,20,21,22,	 PureTone-1kHz	40	2	1434523738
1434526538	Triggered	4,42,43,44,45,46,	 NoSound	40	2	1434526538
1434526740	Triggered	4,42,43,44,45,46,	 File_beep5	40	2	1434526740
1434541846	Triggered	1,14,15,16,17,18,19,20,21,22,	 NoSound	40	2	1434541846
1434542046	Triggered	1,14,15,16,17,18,19,20,21,22,	 StopSoundLong	40	2	1434542046
1434557352	Triggered	8,52,53,54,55,56,	 NoSound	40	2	1434557352
1434557556	Triggered	8,52,53,54,55,56,	 File_beep4	40	2	1434557556
1434570996	Triggered	5,23,24,25,26,27,28,29,30,31,	 NoSound	40	2	1434570996
1434571198	Triggered	5,23,24,25,26,27,28,29,30,31,	 PureTone-11kHz	40	2	1434571198
1434574129	Triggered	8,52,53,54,55,56,	 NoSound	40	2	1434574129
1434574332	Triggered	8,52,53,54,55,56,	 File_beep4	40	2	1434574332
1434591910	Triggered	5,23,24,25,26,27,28,29,30,31,	 NoSound	40	2	1434591910
1434592113	Triggered	5,23,24,25,26,27,28,29,30,31,	 PureTone-9kHz	40	2	1434592113
1434595388	Triggered	8,52,53,54,55,56,	 NoSound	40	2	1434595388
1434595591	Triggered	8,52,53,54,55,56,	 File_beep4	40	2	1434595591
1434614034	Triggered	5,23,24,25,26,27,28,29,30,31,	 NoSound	40	2	1434614034
1434614238	Triggered	5,23,24,25,26,27,28,29,30,31,	 PureTone-7kHz	40	2	1434614238
1434617576	Triggered	8,52,53,54,55,56,	 NoSound	40	2	1434617576
1434617778	Triggered	8,52,53,54,55,56,	 File_beep4	40	2	1434617778
1434635690	Triggered	5,23,24,25,26,27,28,29,30,31,	 NoSound	40	2	1434635690
1434635893	Triggered	5,23,24,25,26,27,28,29,30,31,	 PureTone-5kHz	40	2	1434635894
1434639243	Triggered	8,52,53,54,55,56,	 NoSound	40	2	1434639243
1434639446	Triggered	8,52,53,54,55,56,	 File_beep4	40	2	1434639446
1434656277	Triggered	5,23,24,25,26,27,28,29,30,31,	 NoSound	40	2	1434656277
1434656479	Triggered	5,23,24,25,26,27,28,29,30,31,	 PureTone-3kHz	40	2	1434656479
1434659954	Triggered	8,52,53,54,55,56,	 NoSound	40	2	1434659954
1434660156	Triggered	8,52,53,54,55,56,	 File_beep4	40	2	1434660156
1434676529	Triggered	5,23,24,25,26,27,28,29,30,31,	 NoSound	40	2	1434676529
1434676744	Triggered	5,23,24,25,26,27,28,29,30,31,	 PureTone-2kHz	40	2	1434676744
1434680206	Triggered	8,52,53,54,55,56,	 NoSound	40	2	1434680206
1434680408	Triggered	8,52,53,54,55,56,	 File_beep4	40	2	1434680408
1434697584	Triggered	5,23,24,25,26,27,28,29,30,31,	 NoSound	40	2	1434697584
1434697786	Triggered	5,23,24,25,26,27,28,29,30,31,	 PureTone-1kHz	40	2	1434697786
1434701261	Triggered	8,52,53,54,55,56,	 NoSound	40	2	1434701261
1434701464	Triggered	8,52,53,54,55,56,	 File_beep4	40	2	1434701464
1434718441	Triggered	5,23,24,25,26,27,28,29,30,31,	 NoSound	40	2	1434718441
1434718642	Triggered	5,23,24,25,26,27,28,29,30,31,	 StopSoundShort	40	2	1434718642
1434732415	Triggered	1,14,15,16,17,18,19,20,21,22,	 NoSound	40	2	1434732415
1434732618	Triggered	1,14,15,16,17,18,19,20,21,22,	 PureTone-3kHz	40	2	1434732618
1434736888	Triggered	4,42,43,44,45,46,	 NoSound	40	2	1434736888
1434737088	Triggered	4,42,43,44,45,46,	 File_beep1	40	2	1434737088
1434749787	Triggered	1,14,15,16,17,18,19,20,21,22,	 NoSound	40	2	1434749787
1434749988	Triggered	1,14,15,16,17,18,19,20,21,22,	 PureTone-2kHz	40	2	1434749988
1434754666	Triggered	6,47,48,49,50,51,	 NoSound	40	2	1434754666
1434754868	Triggered	6,47,48,49,50,51,	 File_beep2	40	2	1434754868
1434773047	Triggered	1,14,15,16,17,18,19,20,21,22,	 NoSound	40	2	1434773047
1434773249	Triggered	1,14,15,16,17,18,19,20,21,22,	 PureTone-1kHz	40	2	1434773249
1434784612	Triggered	6,47,48,49,50,51,	 NoSound	40	2	1434784612
1434784813	Triggered	6,47,48,49,50,51,	 File_beep2	40	2	1434784813
1434797847	Triggered	1,14,15,16,17,18,19,20,21,22,	 NoSound	40	2	1434797847
1434798050	Triggered	1,14,15,16,17,18,19,20,21,22,	 StopSoundLong	40	2	1434798050
1434880394	Triggered	8,52,53,54,55,56,	 NoSound	40	2	1434880394
1434880598	Triggered	8,52,53,54,55,56,	 File_beep3	40	2	1434880598
1434897839	Triggered	5,23,24,25,26,27,28,29,30,31,	 NoSound	40	2	1434897839
1434898044	Triggered	5,23,24,25,26,27,28,29,30,31,	 PureTone-11kHz	40	2	1434898044
1434901917	Triggered	8,52,53,54,55,56,	 NoSound	40	2	1434901917
1434902119	Triggered	8,52,53,54,55,56,	 File_beep3	40	2	1434902119
1434923105	Triggered	5,23,24,25,26,27,28,29,30,31,	 NoSound	40	2	1434923105
1434923309	Triggered	5,23,24,25,26,27,28,29,30,31,	 PureTone-9kHz	40	2	1434923309
1434927115	Triggered	8,52,53,54,55,56,	 NoSound	40	2	1434927115
1434927317	Triggered	8,52,53,54,55,56,	 File_beep3	40	2	1434927317
1434944828	Triggered	5,23,24,25,26,27,28,29,30,31,	 NoSound	40	2	1434944828
1434945043	Triggered	5,23,24,25,26,27,28,29,30,31,	 PureTone-7kHz	40	2	1434945043
1434948705	Triggered	8,52,53,54,55,56,	 NoSound	40	2	1434948705
1434948907	Triggered	8,52,53,54,55,56,	 File_beep3	40	2	1434948907
1434968825	Triggered	5,23,24,25,26,27,28,29,30,31,	 NoSound	40	2	1434968825
1434969026	Triggered	5,23,24,25,26,27,28,29,30,31,	 PureTone-5kHz	40	2	1434969026
1434972768	Triggered	8,52,53,54,55,56,	 NoSound	40	2	1434972768
1434972969	Triggered	8,52,53,54,55,56,	 File_beep3	40	2	1434972969
1434989813	Triggered	5,23,24,25,26,27,28,29,30,31,	 NoSound	40	2	1434989813
1434990026	Triggered	5,23,24,25,26,27,28,29,30,31,	 PureTone-3kHz	40	2	1434990026
1434993354	Triggered	8,52,53,54,55,56,	 NoSound	40	2	1434993354
1434993556	Triggered	8,52,53,54,55,56,	 File_beep3	40	2	1434993556
1435016214	Triggered	5,23,24,25,26,27,28,29,30,31,	 NoSound	40	2	1435016214
1435016417	Triggered	5,23,24,25,26,27,28,29,30,31,	 PureTone-2kHz	40	2	1435016417
1435020293	Triggered	8,52,53,54,55,56,	 NoSound	40	2	1435020293
1435020495	Triggered	8,52,53,54,55,56,	 File_beep3	40	2	1435020495
1435043355	Triggered	5,23,24,25,26,27,28,29,30,31,	 NoSound	40	2	1435043355
1435043557	Triggered	5,23,24,25,26,27,28,29,30,31,	 PureTone-1kHz	40	2	1435043557
1435047363	Triggered	8,52,53,54,55,56,	 NoSound	40	2	1435047363
1435047564	Triggered	8,52,53,54,55,56,	 File_beep3	40	2	1435047564
1435065211	Triggered	5,23,24,25,26,27,28,29,30,31,	 NoSound	40	2	1435065211
1435065411	Triggered	5,23,24,25,26,27,28,29,30,31,	 StopSoundShort	40	2	1435065411
1435080583	Triggered	1,14,15,16,17,18,19,20,21,22,	 NoSound	40	2	1435080583
1435080789	Triggered	1,14,15,16,17,18,19,20,21,22,	 PureTone-3kHz	40	2	1435080789
1435084526	Triggered	4,42,43,44,45,46,	 NoSound	40	2	1435084526
1435084728	Triggered	4,42,43,44,45,46,	 File_beep4	40	2	1435084728
1435100770	Triggered	1,14,15,16,17,18,19,20,21,22,	 NoSound	40	2	1435100770
1435100973	Triggered	1,14,15,16,17,18,19,20,21,22,	 PureTone-2kHz	40	2	1435100973
1435104712	Triggered	6,47,48,49,50,51,	 NoSound	40	2	1435104712
1435104915	Triggered	6,47,48,49,50,51,	 File_beep5	40	2	1435104915
1435125433	Triggered	1,14,15,16,17,18,19,20,21,22,	 NoSound	40	2	1435125433
1435125635	Triggered	1,14,15,16,17,18,19,20,21,22,	 PureTone-1kHz	40	2	1435125635
1435130513	Triggered	6,47,48,49,50,51,	 NoSound	40	2	1435130513
1435130714	Triggered	6,47,48,49,50,51,	 File_beep5	40	2	1435130714
1435155512	Triggered	1,14,15,16,17,18,19,20,21,22,	 NoSound	40	2	1435155512
1435155714	Triggered	1,14,15,16,17,18,19,20,21,22,	 StopSoundLong	40	2	1435155714
1435184654	Triggered	8,52,53,54,55,56,	 NoSound	40	2	1435184654
1435184870	Triggered	8,52,53,54,55,56,	 File_beep5	40	2	1435184870
1435204639	Triggered	5,23,24,25,26,27,28,29,30,31,	 NoSound	40	2	1435204639
1435204843	Triggered	5,23,24,25,26,27,28,29,30,31,	 PureTone-11kHz	40	2	1435204843
1435208050	Triggered	8,52,53,54,55,56,	 NoSound	40	2	1435208050
1435208252	Triggered	8,52,53,54,55,56,	 File_beep5	40	2	1435208252
1435230039	Triggered	5,23,24,25,26,27,28,29,30,31,	 NoSound	40	2	1435230039
1435230243	Triggered	5,23,24,25,26,27,28,29,30,31,	 PureTone-9kHz	40	2	1435230243
1435233247	Triggered	8,52,53,54,55,56,	 NoSound	40	2	1435233247
1435233461	Triggered	8,52,53,54,55,56,	 File_beep5	40	2	1435233461
1435254636	Triggered	5,23,24,25,26,27,28,29,30,31,	 NoSound	40	2	1435254636
1435254839	Triggered	5,23,24,25,26,27,28,29,30,31,	 PureTone-7kHz	40	2	1435254839
1435257712	Triggered	8,52,53,54,55,56,	 NoSound	40	2	1435257712
1435257915	Triggered	8,52,53,54,55,56,	 File_beep5	40	2	1435257915
1435277964	Triggered	5,23,24,25,26,27,28,29,30,31,	 NoSound	40	2	1435277964
1435278179	Triggered	5,23,24,25,26,27,28,29,30,31,	 PureTone-5kHz	40	2	1435278179
1435281506	Triggered	8,52,53,54,55,56,	 NoSound	40	2	1435281506
1435281709	Triggered	8,52,53,54,55,56,	 File_beep5	40	2	1435281709
1435302227	Triggered	5,23,24,25,26,27,28,29,30,31,	 NoSound	40	2	1435302227
1435302430	Triggered	5,23,24,25,26,27,28,29,30,31,	 PureTone-3kHz	40	2	1435302430
1435305437	Triggered	8,52,53,54,55,56,	 NoSound	40	2	1435305437
1435305639	Triggered	8,52,53,54,55,56,	 File_beep5	40	2	1435305639
1435328964	Triggered	5,23,24,25,26,27,28,29,30,31,	 NoSound	40	2	1435328964
1435329167	Triggered	5,23,24,25,26,27,28,29,30,31,	 PureTone-2kHz	40	2	1435329167
1435332572	Triggered	8,52,53,54,55,56,	 NoSound	40	2	1435332572
1435332775	Triggered	8,52,53,54,55,56,	 File_beep5	40	2	1435332775
1435358047	Triggered	5,23,24,25,26,27,28,29,30,31,	 NoSound	40	2	1435358047
1435358248	Triggered	5,23,24,25,26,27,28,29,30,31,	 PureTone-1kHz	40	2	1435358248
1435361448	Triggered	8,52,53,54,55,56,	 NoSound	40	2	1435361448
1435361651	Triggered	8,52,53,54,55,56,	 File_beep5	40	2	1435361651
1435382302	Triggered	5,23,24,25,26,27,28,29,30,31,	 NoSound	40	2	1435382302
1435382503	Triggered	5,23,24,25,26,27,28,29,30,31,	 StopSoundShort	40	2	1435382503
1435394803	Triggered	1,14,15,16,17,18,19,20,21,22,	 NoSound	40	2	1435394803
1435395006	Triggered	1,14,15,16,17,18,19,20,21,22,	 PureTone-3kHz	40	2	1435395006
1435398545	Triggered	6,47,48,49,50,51,	 NoSound	40	2	1435398545
1435398758	Triggered	6,47,48,49,50,51,	 File_beep2	40	2	1435398758
1435408972	Triggered	1,14,15,16,17,18,19,20,21,22,	 NoSound	40	2	1435408972
1435409173	Triggered	1,14,15,16,17,18,19,20,21,22,	 PureTone-2kHz	40	2	1435409173
1435424691	Triggered	4,42,43,44,45,46,	 NoSound	40	2	1435424691
1435424893	Triggered	4,42,43,44,45,46,	 File_beep3	40	2	1435424893
1437108803	Triggered	1,14,15,16,17,18,19,20,21,22,	 NoSound	40	2	1437108803
1437109005	Triggered	1,14,15,16,17,18,19,20,21,22,	 PureTone-1kHz	40	2	1437109005
1437118228	Triggered	4,42,43,44,45,46,	 NoSound	40	2	1437118228
1437118430	Triggered	4,42,43,44,45,46,	 File_beep3	40	2	1437118430
1437204855	Triggered	1,14,15,16,17,18,19,20,21,22,	 NoSound	40	2	1437204855
1437205057	Triggered	1,14,15,16,17,18,19,20,21,22,	 StopSoundLong	40	2	1437205057
1437668664	Triggered	8,52,53,54,55,56,	 NoSound	40	2	1437668664
1437668868	Triggered	8,52,53,54,55,56,	 File_beep1	40	2	1437668868
1437686442	Triggered	5,23,24,25,26,27,28,29,30,31,	 NoSound	40	2	1437686442
1437686647	Triggered	5,23,24,25,26,27,28,29,30,31,	 PureTone-11kHz	40	2	1437686647
1437698741	Triggered	8,52,53,54,55,56,	 NoSound	40	2	1437698741
1437698952	Triggered	8,52,53,54,55,56,	 File_beep1	40	2	1437698952
1438522358	Triggered	5,23,24,25,26,27,28,29,30,31,	 NoSound	40	2	1438522358
1438522563	Triggered	5,23,24,25,26,27,28,29,30,31,	 PureTone-9kHz	40	2	1438522563
1438531245	Triggered	8,52,53,54,55,56,	 NoSound	40	2	1438531245
1438531446	Triggered	8,52,53,54,55,56,	 File_beep1	40	2	1438531446
1438841522	Triggered	5,23,24,25,26,27,28,29,30,31,	 NoSound	40	2	1438841522
1438841727	Triggered	5,23,24,25,26,27,28,29,30,31,	 PureTone-7kHz	40	2	1438841727
1438894993	Triggered	8,52,53,54,55,56,	 NoSound	40	2	1438894993
1438895194	Triggered	8,52,53,54,55,56,	 File_beep1	40	2	1438895194
1438942451	Triggered	5,23,24,25,26,27,28,29,30,31,	 NoSound	40	2	1438942451
1438942654	Triggered	5,23,24,25,26,27,28,29,30,31,	 PureTone-5kHz	40	2	1438942654
