Ver1.3	264307849	StartFile	6/5/2020	2:52:59 PM	E:\BehavioralExperiments\Ratzo\RatData_Ratzo\Rawdata\060520\SoundData.txt	264307849
264607858	Triggered	1,14,15,16,17,18,19,20,21,22,	 NoSound	40	2	264607858
264608059	Triggered	1,14,15,16,17,18,19,20,21,22,	 StopSoundShort	40	2	264608059
264621032	Triggered	5,23,24,25,26,27,28,29,30,31,	 NoSound	40	2	264621032
264621234	Triggered	5,23,24,25,26,27,28,29,30,31,	 PureTone-2kHz	40	2	264621234
264625503	Triggered	2,	 NoSound	40	2	264625503
264633657	Triggered	5,23,24,25,26,27,28,29,30,31,	 NoSound	40	2	264633657
264633858	Triggered	5,23,24,25,26,27,28,29,30,31,	 PureTone-1kHz	40	2	264633858
264638137	Triggered	8,	 NoSound	40	2	264638137
264654044	Triggered	5,23,24,25,26,27,28,29,30,31,	 NoSound	40	2	264654044
264654246	Triggered	5,23,24,25,26,27,28,29,30,31,	 StopSoundLong	40	2	264654246
264667813	Triggered	1,14,15,16,17,18,19,20,21,22,	 NoSound	40	2	264667813
264668016	Triggered	1,14,15,16,17,18,19,20,21,22,	 PureTone-11kHz	40	2	264668016
264671222	Triggered	6,	 NoSound	40	2	264671222
264683521	Triggered	1,14,15,16,17,18,19,20,21,22,	 NoSound	40	2	264683521
264683721	Triggered	1,14,15,16,17,18,19,20,21,22,	 PureTone-9kHz	40	2	264683721
264686863	Triggered	6,	 NoSound	40	2	264686863
264730644	Triggered	1,14,15,16,17,18,19,20,21,22,	 NoSound	40	2	264730644
264730856	Triggered	1,14,15,16,17,18,19,20,21,22,	 PureTone-7kHz	40	2	264730856
264734788	Triggered	6,	 NoSound	40	2	264734788
264750428	Triggered	1,14,15,16,17,18,19,20,21,22,	 NoSound	40	2	264750428
264750629	Triggered	1,14,15,16,17,18,19,20,21,22,	 PureTone-5kHz	40	2	264750629
264753838	Triggered	6,	 NoSound	40	2	264753838
264764132	Triggered	1,14,15,16,17,18,19,20,21,22,	 NoSound	40	2	264764132
264764332	Triggered	1,14,15,16,17,18,19,20,21,22,	 PureTone-3kHz	40	2	264764332
264767273	Triggered	6,	 NoSound	40	2	264767273
264776903	Triggered	1,14,15,16,17,18,19,20,21,22,	 NoSound	40	2	264776903
264777104	Triggered	1,14,15,16,17,18,19,20,21,22,	 PureTone-2kHz	40	2	264777104
264779840	Triggered	6,	 NoSound	40	2	264779840
264789597	Triggered	1,14,15,16,17,18,19,20,21,22,	 NoSound	40	2	264789597
264789797	Triggered	1,14,15,16,17,18,19,20,21,22,	 PureTone-1kHz	40	2	264789797
264792471	Triggered	6,	 NoSound	40	2	264792471
264811320	Triggered	1,14,15,16,17,18,19,20,21,22,	 NoSound	40	2	264811320
264811520	Triggered	1,14,15,16,17,18,19,20,21,22,	 StopSoundShort	40	2	264811520
264830047	Triggered	5,23,24,25,26,27,28,29,30,31,	 NoSound	40	2	264830047
264830249	Triggered	5,23,24,25,26,27,28,29,30,31,	 PureTone-2kHz	40	2	264830249
264833378	Triggered	2,	 NoSound	40	2	264833378
264843136	Triggered	5,23,24,25,26,27,28,29,30,31,	 NoSound	40	2	264843136
264843336	Triggered	5,23,24,25,26,27,28,29,30,31,	 PureTone-1kHz	40	2	264843336
264846479	Triggered	8,	 NoSound	40	2	264846479
264860917	Triggered	5,23,24,25,26,27,28,29,30,31,	 NoSound	40	2	264860917
264861119	Triggered	5,23,24,25,26,27,28,29,30,31,	 StopSoundLong	40	2	264861119
264872346	Triggered	1,14,15,16,17,18,19,20,21,22,	 NoSound	40	2	264872346
264872548	Triggered	1,14,15,16,17,18,19,20,21,22,	 PureTone-11kHz	40	2	264872548
264875621	Triggered	6,	 NoSound	40	2	264875621
264884646	Triggered	1,14,15,16,17,18,19,20,21,22,	 NoSound	40	2	264884646
264884847	Triggered	1,14,15,16,17,18,19,20,21,22,	 PureTone-9kHz	40	2	264884847
264887720	Triggered	6,	 NoSound	40	2	264887720
264897478	Triggered	1,14,15,16,17,18,19,20,21,22,	 NoSound	40	2	264897478
264897678	Triggered	1,14,15,16,17,18,19,20,21,22,	 PureTone-7kHz	40	2	264897678
264900419	Triggered	6,	 NoSound	40	2	264900419
264909644	Triggered	1,14,15,16,17,18,19,20,21,22,	 NoSound	40	2	264909644
264909844	Triggered	1,14,15,16,17,18,19,20,21,22,	 PureTone-5kHz	40	2	264909844
264912784	Triggered	6,	 NoSound	40	2	264912784
264921474	Triggered	1,14,15,16,17,18,19,20,21,22,	 NoSound	40	2	264921474
264921675	Triggered	1,14,15,16,17,18,19,20,21,22,	 PureTone-3kHz	40	2	264921675
264924281	Triggered	6,	 NoSound	40	2	264924281
264935244	Triggered	1,14,15,16,17,18,19,20,21,22,	 NoSound	40	2	264935244
264935444	Triggered	1,14,15,16,17,18,19,20,21,22,	 PureTone-2kHz	40	2	264935444
264938519	Triggered	6,	 NoSound	40	2	264938519
264948479	Triggered	1,14,15,16,17,18,19,20,21,22,	 NoSound	40	2	264948479
264948679	Triggered	1,14,15,16,17,18,19,20,21,22,	 PureTone-1kHz	40	2	264948679
264952426	Triggered	6,	 NoSound	40	2	264952426
264962182	Triggered	1,14,15,16,17,18,19,20,21,22,	 NoSound	40	2	264962182
264962382	Triggered	1,14,15,16,17,18,19,20,21,22,	 StopSoundShort	40	2	264962382
264989719	Triggered	5,23,24,25,26,27,28,29,30,31,	 NoSound	40	2	264989719
264989921	Triggered	5,23,24,25,26,27,28,29,30,31,	 PureTone-2kHz	40	2	264989921
264993328	Triggered	8,	 NoSound	40	2	264993328
265002897	Triggered	5,23,24,25,26,27,28,29,30,31,	 NoSound	40	2	265002897
265003097	Triggered	5,23,24,25,26,27,28,29,30,31,	 PureTone-1kHz	40	2	265003097
265006697	Triggered	8,	 NoSound	40	2	265006697
265015519	Triggered	5,23,24,25,26,27,28,29,30,31,	 NoSound	40	2	265015519
265015719	Triggered	5,23,24,25,26,27,28,29,30,31,	 StopSoundLong	40	2	265015719
265030638	Triggered	1,14,15,16,17,18,19,20,21,22,	 NoSound	40	2	265030638
265030840	Triggered	1,14,15,16,17,18,19,20,21,22,	 PureTone-11kHz	40	2	265030840
265033567	Triggered	6,	 NoSound	40	2	265033567
265041654	Triggered	1,14,15,16,17,18,19,20,21,22,	 NoSound	40	2	265041654
265041855	Triggered	1,14,15,16,17,18,19,20,21,22,	 PureTone-9kHz	40	2	265041855
265044594	Triggered	6,	 NoSound	40	2	265044594
265052081	Triggered	1,14,15,16,17,18,19,20,21,22,	 NoSound	40	2	265052081
265052281	Triggered	1,14,15,16,17,18,19,20,21,22,	 PureTone-7kHz	40	2	265052281
265054954	Triggered	6,	 NoSound	40	2	265054954
265062107	Triggered	1,14,15,16,17,18,19,20,21,22,	 NoSound	40	2	265062107
265062307	Triggered	1,14,15,16,17,18,19,20,21,22,	 PureTone-5kHz	40	2	265062307
265066318	Triggered	6,	 NoSound	40	2	265066318
265073269	Triggered	1,14,15,16,17,18,19,20,21,22,	 NoSound	40	2	265073269
265073470	Triggered	1,14,15,16,17,18,19,20,21,22,	 PureTone-3kHz	40	2	265073470
265076946	Triggered	4,	 NoSound	40	2	265076946
265088910	Triggered	1,14,15,16,17,18,19,20,21,22,	 NoSound	40	2	265088910
265089110	Triggered	1,14,15,16,17,18,19,20,21,22,	 PureTone-2kHz	40	2	265089110
265092119	Triggered	6,	 NoSound	40	2	265092119
265100207	Triggered	1,14,15,16,17,18,19,20,21,22,	 NoSound	40	2	265100207
265100408	Triggered	1,14,15,16,17,18,19,20,21,22,	 PureTone-1kHz	40	2	265100408
265104083	Triggered	4,	 NoSound	40	2	265104083
265113641	Triggered	1,14,15,16,17,18,19,20,21,22,	 NoSound	40	2	265113641
265113843	Triggered	1,14,15,16,17,18,19,20,21,22,	 StopSoundShort	40	2	265113843
265132023	Triggered	5,23,24,25,26,27,28,29,30,31,	 NoSound	40	2	265132023
265132225	Triggered	5,23,24,25,26,27,28,29,30,31,	 PureTone-2kHz	40	2	265132225
265135165	Triggered	2,	 NoSound	40	2	265135165
265144121	Triggered	5,23,24,25,26,27,28,29,30,31,	 NoSound	40	2	265144121
265144321	Triggered	5,23,24,25,26,27,28,29,30,31,	 PureTone-1kHz	40	2	265144321
265147396	Triggered	8,	 NoSound	40	2	265147396
265158291	Triggered	5,23,24,25,26,27,28,29,30,31,	 NoSound	40	2	265158291
265158492	Triggered	5,23,24,25,26,27,28,29,30,31,	 StopSoundLong	40	2	265158492
265168250	Triggered	5,23,24,25,26,27,28,29,30,31,	 NoSound	40	2	265168250
265168452	Triggered	5,23,24,25,26,27,28,29,30,31,	 StopSoundLong	40	2	265168452
265183691	Triggered	1,14,15,16,17,18,19,20,21,22,	 NoSound	40	2	265183691
265183905	Triggered	1,14,15,16,17,18,19,20,21,22,	 PureTone-9kHz	40	2	265183905
265187500	Triggered	6,	 NoSound	40	2	265187500
265193917	Triggered	1,14,15,16,17,18,19,20,21,22,	 NoSound	40	2	265193917
265194117	Triggered	1,14,15,16,17,18,19,20,21,22,	 PureTone-7kHz	40	2	265194117
265197059	Triggered	6,	 NoSound	40	2	265197059
265203943	Triggered	1,14,15,16,17,18,19,20,21,22,	 NoSound	40	2	265203943
265204144	Triggered	1,14,15,16,17,18,19,20,21,22,	 PureTone-5kHz	40	2	265204144
265207419	Triggered	6,	 NoSound	40	2	265207419
265213240	Triggered	1,14,15,16,17,18,19,20,21,22,	 NoSound	40	2	265213240
265213440	Triggered	1,14,15,16,17,18,19,20,21,22,	 PureTone-3kHz	40	2	265213440
265216710	Triggered	6,	 NoSound	40	2	265216710
265223329	Triggered	1,14,15,16,17,18,19,20,21,22,	 NoSound	40	2	265223329
265223529	Triggered	1,14,15,16,17,18,19,20,21,22,	 PureTone-2kHz	40	2	265223529
265226669	Triggered	4,	 NoSound	40	2	265226669
265236897	Triggered	1,14,15,16,17,18,19,20,21,22,	 NoSound	40	2	265236897
265237097	Triggered	1,14,15,16,17,18,19,20,21,22,	 PureTone-1kHz	40	2	265237097
265240237	Triggered	6,	 NoSound	40	2	265240237
265245720	Triggered	1,14,15,16,17,18,19,20,21,22,	 NoSound	40	2	265245720
265245920	Triggered	1,14,15,16,17,18,19,20,21,22,	 StopSoundShort	40	2	265245920
265261227	Triggered	5,23,24,25,26,27,28,29,30,31,	 NoSound	40	2	265261227
265261430	Triggered	5,23,24,25,26,27,28,29,30,31,	 PureTone-2kHz	40	2	265261430
265264502	Triggered	2,	 NoSound	40	2	265264502
265274193	Triggered	5,23,24,25,26,27,28,29,30,31,	 NoSound	40	2	265274193
265274394	Triggered	5,23,24,25,26,27,28,29,30,31,	 PureTone-1kHz	40	2	265274394
265277000	Triggered	8,	 NoSound	40	2	265277000
265284218	Triggered	5,23,24,25,26,27,28,29,30,31,	 NoSound	40	2	265284218
265284419	Triggered	5,23,24,25,26,27,28,29,30,31,	 StopSoundLong	40	2	265284419
265298725	Triggered	1,14,15,16,17,18,19,20,21,22,	 NoSound	40	2	265298725
265298927	Triggered	1,14,15,16,17,18,19,20,21,22,	 PureTone-11kHz	40	2	265298927
265301865	Triggered	6,	 NoSound	40	2	265301865
265311089	Triggered	1,14,15,16,17,18,19,20,21,22,	 NoSound	40	2	265311089
265311290	Triggered	1,14,15,16,17,18,19,20,21,22,	 PureTone-9kHz	40	2	265311290
265313963	Triggered	6,	 NoSound	40	2	265313963
265323789	Triggered	1,14,15,16,17,18,19,20,21,22,	 NoSound	40	2	265323789
265323989	Triggered	1,14,15,16,17,18,19,20,21,22,	 PureTone-7kHz	40	2	265323989
265326462	Triggered	6,	 NoSound	40	2	265326462
265338026	Triggered	1,14,15,16,17,18,19,20,21,22,	 NoSound	40	2	265338026
265338227	Triggered	1,14,15,16,17,18,19,20,21,22,	 PureTone-5kHz	40	2	265338227
265340572	Triggered	6,	 NoSound	40	2	265340572
265350992	Triggered	1,14,15,16,17,18,19,20,21,22,	 NoSound	40	2	265350992
265351193	Triggered	1,14,15,16,17,18,19,20,21,22,	 PureTone-3kHz	40	2	265351193
265353866	Triggered	6,	 NoSound	40	2	265353866
265366968	Triggered	1,14,15,16,17,18,19,20,21,22,	 NoSound	40	2	265366968
265367168	Triggered	1,14,15,16,17,18,19,20,21,22,	 PureTone-2kHz	40	2	265367168
265370444	Triggered	6,	 NoSound	40	2	265370444
265382876	Triggered	1,14,15,16,17,18,19,20,21,22,	 NoSound	40	2	265382876
265383076	Triggered	1,14,15,16,17,18,19,20,21,22,	 PureTone-1kHz	40	2	265383076
265386219	Triggered	6,	 NoSound	40	2	265386219
265398583	Triggered	1,14,15,16,17,18,19,20,21,22,	 NoSound	40	2	265398583
265398785	Triggered	1,14,15,16,17,18,19,20,21,22,	 StopSoundShort	40	2	265398785
265408542	Triggered	1,14,15,16,17,18,19,20,21,22,	 NoSound	40	2	265408542
265408745	Triggered	1,14,15,16,17,18,19,20,21,22,	 StopSoundShort	40	2	265408745
265419237	Triggered	5,23,24,25,26,27,28,29,30,31,	 NoSound	40	2	265419237
265419440	Triggered	5,23,24,25,26,27,28,29,30,31,	 PureTone-2kHz	40	2	265419440
265424183	Triggered	8,	 NoSound	40	2	265424183
265441029	Triggered	5,23,24,25,26,27,28,29,30,31,	 NoSound	40	2	265441029
265441229	Triggered	5,23,24,25,26,27,28,29,30,31,	 PureTone-1kHz	40	2	265441229
265444837	Triggered	2,	 NoSound	40	2	265444837
265459408	Triggered	5,23,24,25,26,27,28,29,30,31,	 NoSound	40	2	265459408
265459609	Triggered	5,23,24,25,26,27,28,29,30,31,	 StopSoundLong	40	2	265459609
265472317	Triggered	1,14,15,16,17,18,19,20,21,22,	 NoSound	40	2	265472317
265472519	Triggered	1,14,15,16,17,18,19,20,21,22,	 PureTone-11kHz	40	2	265472519
265475785	Triggered	6,	 NoSound	40	2	265475785
265488149	Triggered	1,14,15,16,17,18,19,20,21,22,	 NoSound	40	2	265488149
265488350	Triggered	1,14,15,16,17,18,19,20,21,22,	 PureTone-9kHz	40	2	265488350
265490957	Triggered	6,	 NoSound	40	2	265490957
265501050	Triggered	1,14,15,16,17,18,19,20,21,22,	 NoSound	40	2	265501050
265501252	Triggered	1,14,15,16,17,18,19,20,21,22,	 PureTone-7kHz	40	2	265501252
265504131	Triggered	6,	 NoSound	40	2	265504131
265514887	Triggered	1,14,15,16,17,18,19,20,21,22,	 NoSound	40	2	265514887
265515087	Triggered	1,14,15,16,17,18,19,20,21,22,	 PureTone-5kHz	40	2	265515087
265518428	Triggered	6,	 NoSound	40	2	265518428
265549317	Triggered	1,14,15,16,17,18,19,20,21,22,	 NoSound	40	2	265549317
265549517	Triggered	1,14,15,16,17,18,19,20,21,22,	 PureTone-3kHz	40	2	265549517
265552519	Triggered	6,	 NoSound	40	2	265552519
265561278	Triggered	1,14,15,16,17,18,19,20,21,22,	 NoSound	40	2	265561278
265561478	Triggered	1,14,15,16,17,18,19,20,21,22,	 PureTone-2kHz	40	2	265561478
265565151	Triggered	6,	 NoSound	40	2	265565151
265578921	Triggered	1,14,15,16,17,18,19,20,21,22,	 NoSound	40	2	265578921
265579121	Triggered	1,14,15,16,17,18,19,20,21,22,	 PureTone-1kHz	40	2	265579121
265582329	Triggered	6,	 NoSound	40	2	265582329
265597435	Triggered	1,14,15,16,17,18,19,20,21,22,	 NoSound	40	2	265597435
265597635	Triggered	1,14,15,16,17,18,19,20,21,22,	 StopSoundShort	40	2	265597635
265611805	Triggered	5,23,24,25,26,27,28,29,30,31,	 NoSound	40	2	265611805
265612007	Triggered	5,23,24,25,26,27,28,29,30,31,	 PureTone-2kHz	40	2	265612007
265615014	Triggered	2,	 NoSound	40	2	265615014
265628985	Triggered	5,23,24,25,26,27,28,29,30,31,	 NoSound	40	2	265628985
265629185	Triggered	5,23,24,25,26,27,28,29,30,31,	 PureTone-1kHz	40	2	265629185
265632472	Triggered	8,	 NoSound	40	2	265632472
265647900	Triggered	5,23,24,25,26,27,28,29,30,31,	 NoSound	40	2	265647900
265648100	Triggered	5,23,24,25,26,27,28,29,30,31,	 StopSoundLong	40	2	265648100
265664944	Triggered	1,14,15,16,17,18,19,20,21,22,	 NoSound	40	2	265664944
265665146	Triggered	1,14,15,16,17,18,19,20,21,22,	 PureTone-11kHz	40	2	265665146
265668153	Triggered	6,	 NoSound	40	2	265668153
265679247	Triggered	1,14,15,16,17,18,19,20,21,22,	 NoSound	40	2	265679247
265679448	Triggered	1,14,15,16,17,18,19,20,21,22,	 PureTone-9kHz	40	2	265679448
265682406	Triggered	6,	 NoSound	40	2	265682406
265692348	Triggered	1,14,15,16,17,18,19,20,21,22,	 NoSound	40	2	265692348
265692550	Triggered	1,14,15,16,17,18,19,20,21,22,	 PureTone-7kHz	40	2	265692550
265695357	Triggered	6,	 NoSound	40	2	265695357
265706185	Triggered	1,14,15,16,17,18,19,20,21,22,	 NoSound	40	2	265706185
265706385	Triggered	1,14,15,16,17,18,19,20,21,22,	 PureTone-5kHz	40	2	265706385
265709260	Triggered	6,	 NoSound	40	2	265709260
265718951	Triggered	1,14,15,16,17,18,19,20,21,22,	 NoSound	40	2	265718951
265719151	Triggered	1,14,15,16,17,18,19,20,21,22,	 PureTone-3kHz	40	2	265719151
265722630	Triggered	6,	 NoSound	40	2	265722630
265738669	Triggered	1,14,15,16,17,18,19,20,21,22,	 NoSound	40	2	265738669
265738869	Triggered	1,14,15,16,17,18,19,20,21,22,	 PureTone-2kHz	40	2	265738869
265741750	Triggered	6,	 NoSound	40	2	265741750
265751903	Triggered	1,14,15,16,17,18,19,20,21,22,	 NoSound	40	2	265751903
265752105	Triggered	1,14,15,16,17,18,19,20,21,22,	 PureTone-1kHz	40	2	265752105
265755114	Triggered	6,	 NoSound	40	2	265755114
265764804	Triggered	1,14,15,16,17,18,19,20,21,22,	 NoSound	40	2	265764804
265765004	Triggered	1,14,15,16,17,18,19,20,21,22,	 StopSoundShort	40	2	265765004
265777504	Triggered	5,23,24,25,26,27,28,29,30,31,	 NoSound	40	2	265777504
265777707	Triggered	5,23,24,25,26,27,28,29,30,31,	 PureTone-2kHz	40	2	265777707
265780912	Triggered	2,	 NoSound	40	2	265780912
265794087	Triggered	5,23,24,25,26,27,28,29,30,31,	 NoSound	40	2	265794087
265794287	Triggered	5,23,24,25,26,27,28,29,30,31,	 PureTone-1kHz	40	2	265794287
265797757	Triggered	2,	 NoSound	40	2	265797757
265808718	Triggered	5,23,24,25,26,27,28,29,30,31,	 NoSound	40	2	265808718
265808919	Triggered	5,23,24,25,26,27,28,29,30,31,	 StopSoundLong	40	2	265808919
265821886	Triggered	1,14,15,16,17,18,19,20,21,22,	 NoSound	40	2	265821886
265822089	Triggered	1,14,15,16,17,18,19,20,21,22,	 PureTone-11kHz	40	2	265822089
265825162	Triggered	6,	 NoSound	40	2	265825162
265835329	Triggered	1,14,15,16,17,18,19,20,21,22,	 NoSound	40	2	265835329
265835529	Triggered	1,14,15,16,17,18,19,20,21,22,	 PureTone-9kHz	40	2	265835529
265838930	Triggered	6,	 NoSound	40	2	265838930
265845814	Triggered	1,14,15,16,17,18,19,20,21,22,	 NoSound	40	2	265845814
265846015	Triggered	1,14,15,16,17,18,19,20,21,22,	 PureTone-7kHz	40	2	265846015
265849357	Triggered	6,	 NoSound	40	2	265849357
265857312	Triggered	1,14,15,16,17,18,19,20,21,22,	 NoSound	40	2	265857312
265857512	Triggered	1,14,15,16,17,18,19,20,21,22,	 PureTone-5kHz	40	2	265857512
265861590	Triggered	6,	 NoSound	40	2	265861590
265872952	Triggered	1,14,15,16,17,18,19,20,21,22,	 NoSound	40	2	265872952
265873152	Triggered	1,14,15,16,17,18,19,20,21,22,	 PureTone-3kHz	40	2	265873152
265877833	Triggered	4,	 NoSound	40	2	265877833
265894958	Triggered	1,14,15,16,17,18,19,20,21,22,	 NoSound	40	2	265894958
265895160	Triggered	1,14,15,16,17,18,19,20,21,22,	 PureTone-2kHz	40	2	265895160
265899154	Triggered	6,	 NoSound	40	2	265899154
265910598	Triggered	1,14,15,16,17,18,19,20,21,22,	 NoSound	40	2	265910598
265910799	Triggered	1,14,15,16,17,18,19,20,21,22,	 PureTone-1kHz	40	2	265910799
265914729	Triggered	6,	 NoSound	40	2	265914729
265925890	Triggered	1,14,15,16,17,18,19,20,21,22,	 NoSound	40	2	265925890
265926091	Triggered	1,14,15,16,17,18,19,20,21,22,	 StopSoundShort	40	2	265926091
265943070	Triggered	5,23,24,25,26,27,28,29,30,31,	 NoSound	40	2	265943070
265943272	Triggered	5,23,24,25,26,27,28,29,30,31,	 PureTone-2kHz	40	2	265943272
265948750	Triggered	2,	 NoSound	40	2	265948750
265971680	Triggered	5,23,24,25,26,27,28,29,30,31,	 NoSound	40	2	265971680
265971880	Triggered	5,23,24,25,26,27,28,29,30,31,	 PureTone-1kHz	40	2	265971880
265975218	Triggered	2,	 NoSound	40	2	265975218
265991662	Triggered	5,23,24,25,26,27,28,29,30,31,	 NoSound	40	2	265991662
265991863	Triggered	5,23,24,25,26,27,28,29,30,31,	 StopSoundLong	40	2	265991863
266004160	Triggered	1,14,15,16,17,18,19,20,21,22,	 NoSound	40	2	266004160
266004363	Triggered	1,14,15,16,17,18,19,20,21,22,	 PureTone-11kHz	40	2	266004363
266008037	Triggered	6,	 NoSound	40	2	266008037
266021940	Triggered	1,14,15,16,17,18,19,20,21,22,	 NoSound	40	2	266021940
266022141	Triggered	1,14,15,16,17,18,19,20,21,22,	 PureTone-9kHz	40	2	266022141
266025482	Triggered	6,	 NoSound	40	2	266025482
266031699	Triggered	1,14,15,16,17,18,19,20,21,22,	 NoSound	40	2	266031699
266031899	Triggered	1,14,15,16,17,18,19,20,21,22,	 PureTone-7kHz	40	2	266031899
266035516	Triggered	4,	 NoSound	40	2	266035516
266048610	Triggered	1,14,15,16,17,18,19,20,21,22,	 NoSound	40	2	266048610
266048810	Triggered	1,14,15,16,17,18,19,20,21,22,	 PureTone-5kHz	40	2	266048810
266052821	Triggered	6,	 NoSound	40	2	266052821
266064251	Triggered	1,14,15,16,17,18,19,20,21,22,	 NoSound	40	2	266064251
266064451	Triggered	1,14,15,16,17,18,19,20,21,22,	 PureTone-3kHz	40	2	266064451
266069130	Triggered	6,	 NoSound	40	2	266069130
266075815	Triggered	1,14,15,16,17,18,19,20,21,22,	 NoSound	40	2	266075815
266076015	Triggered	1,14,15,16,17,18,19,20,21,22,	 PureTone-2kHz	40	2	266076015
266079690	Triggered	4,	 NoSound	40	2	266079690
266089718	Triggered	1,14,15,16,17,18,19,20,21,22,	 NoSound	40	2	266089718
266089918	Triggered	1,14,15,16,17,18,19,20,21,22,	 PureTone-1kHz	40	2	266089918
266093734	Triggered	6,	 NoSound	40	2	266093734
266101414	Triggered	1,14,15,16,17,18,19,20,21,22,	 NoSound	40	2	266101414
266101616	Triggered	1,14,15,16,17,18,19,20,21,22,	 StopSoundShort	40	2	266101616
266119261	Triggered	5,23,24,25,26,27,28,29,30,31,	 NoSound	40	2	266119261
266119464	Triggered	5,23,24,25,26,27,28,29,30,31,	 PureTone-2kHz	40	2	266119464
266122736	Triggered	2,	 NoSound	40	2	266122736
266136038	Triggered	5,23,24,25,26,27,28,29,30,31,	 NoSound	40	2	266136038
266136239	Triggered	5,23,24,25,26,27,28,29,30,31,	 PureTone-1kHz	40	2	266136239
266139781	Triggered	2,	 NoSound	40	2	266139781
266154622	Triggered	5,23,24,25,26,27,28,29,30,31,	 NoSound	40	2	266154622
266154822	Triggered	5,23,24,25,26,27,28,29,30,31,	 StopSoundLong	40	2	266154822
266171666	Triggered	6,	 NoSound	40	2	266171666
266190379	Triggered	1,14,15,16,17,18,19,20,21,22,	 NoSound	40	2	266190379
266190581	Triggered	1,14,15,16,17,18,19,20,21,22,	 PureTone-9kHz	40	2	266190581
266193788	Triggered	6,	 NoSound	40	2	266193788
266204288	Triggered	1,14,15,16,17,18,19,20,21,22,	 NoSound	40	2	266204288
266204490	Triggered	1,14,15,16,17,18,19,20,21,22,	 PureTone-7kHz	40	2	266204490
266207223	Triggered	6,	 NoSound	40	2	266207223
266217116	Triggered	1,14,15,16,17,18,19,20,21,22,	 NoSound	40	2	266217116
266217327	Triggered	1,14,15,16,17,18,19,20,21,22,	 PureTone-5kHz	40	2	266217327
266220323	Triggered	6,	 NoSound	40	2	266220323
266233625	Triggered	1,14,15,16,17,18,19,20,21,22,	 NoSound	40	2	266233625
266233825	Triggered	1,14,15,16,17,18,19,20,21,22,	 PureTone-3kHz	40	2	266233825
266236900	Triggered	6,	 NoSound	40	2	266236900
266246727	Triggered	1,14,15,16,17,18,19,20,21,22,	 NoSound	40	2	266246727
266246927	Triggered	1,14,15,16,17,18,19,20,21,22,	 PureTone-2kHz	40	2	266246927
266249867	Triggered	6,	 NoSound	40	2	266249867
266260301	Triggered	1,14,15,16,17,18,19,20,21,22,	 NoSound	40	2	266260301
266260501	Triggered	1,14,15,16,17,18,19,20,21,22,	 PureTone-1kHz	40	2	266260501
266263303	Triggered	6,	 NoSound	40	2	266263303
266274933	Triggered	1,14,15,16,17,18,19,20,21,22,	 NoSound	40	2	266274933
266275134	Triggered	1,14,15,16,17,18,19,20,21,22,	 StopSoundShort	40	2	266275134
266291242	Triggered	5,23,24,25,26,27,28,29,30,31,	 NoSound	40	2	266291242
266291444	Triggered	5,23,24,25,26,27,28,29,30,31,	 PureTone-2kHz	40	2	266291444
266294584	Triggered	2,	 NoSound	40	2	266294584
266301201	Triggered	5,23,24,25,26,27,28,29,30,31,	 NoSound	40	2	266301201
266301401	Triggered	5,23,24,25,26,27,28,29,30,31,	 PureTone-1kHz	40	2	266301401
266306081	Triggered	8,	 NoSound	40	2	266306082
266320919	Triggered	5,23,24,25,26,27,28,29,30,31,	 NoSound	40	2	266320919
266321119	Triggered	5,23,24,25,26,27,28,29,30,31,	 StopSoundLong	40	2	266321119
266334020	Triggered	1,14,15,16,17,18,19,20,21,22,	 NoSound	40	2	266334020
266334224	Triggered	1,14,15,16,17,18,19,20,21,22,	 PureTone-11kHz	40	2	266334224
266337094	Triggered	6,	 NoSound	40	2	266337094
266348733	Triggered	1,14,15,16,17,18,19,20,21,22,	 NoSound	40	2	266348733
266348933	Triggered	1,14,15,16,17,18,19,20,21,22,	 PureTone-9kHz	40	2	266348933
266351599	Triggered	6,	 NoSound	40	2	266351599
266361570	Triggered	1,14,15,16,17,18,19,20,21,22,	 NoSound	40	2	266361570
266361772	Triggered	1,14,15,16,17,18,19,20,21,22,	 PureTone-7kHz	40	2	266361772
266364366	Triggered	6,	 NoSound	40	2	266364366
266374325	Triggered	1,14,15,16,17,18,19,20,21,22,	 NoSound	40	2	266374325
266374537	Triggered	1,14,15,16,17,18,19,20,21,22,	 PureTone-5kHz	40	2	266374537
266377332	Triggered	6,	 NoSound	40	2	266377332
266396929	Triggered	1,14,15,16,17,18,19,20,21,22,	 NoSound	40	2	266396929
266397129	Triggered	1,14,15,16,17,18,19,20,21,22,	 PureTone-3kHz	40	2	266397129
266400459	Triggered	6,	 NoSound	40	2	266400459
266410688	Triggered	1,14,15,16,17,18,19,20,21,22,	 NoSound	40	2	266410688
266410888	Triggered	1,14,15,16,17,18,19,20,21,22,	 PureTone-2kHz	40	2	266410888
266413761	Triggered	6,	 NoSound	40	2	266413761
266425325	Triggered	1,14,15,16,17,18,19,20,21,22,	 NoSound	40	2	266425325
266425525	Triggered	1,14,15,16,17,18,19,20,21,22,	 PureTone-1kHz	40	2	266425525
266428733	Triggered	6,	 NoSound	40	2	266428733
266439561	Triggered	1,14,15,16,17,18,19,20,21,22,	 NoSound	40	2	266439561
266439761	Triggered	1,14,15,16,17,18,19,20,21,22,	 StopSoundShort	40	2	266439761
266455604	Triggered	5,23,24,25,26,27,28,29,30,31,	 NoSound	40	2	266455604
266455806	Triggered	5,23,24,25,26,27,28,29,30,31,	 PureTone-2kHz	40	2	266455806
266458745	Triggered	2,	 NoSound	40	2	266458745
266475388	Triggered	5,23,24,25,26,27,28,29,30,31,	 NoSound	40	2	266475388
266475588	Triggered	5,23,24,25,26,27,28,29,30,31,	 PureTone-1kHz	40	2	266475588
266478530	Triggered	2,	 NoSound	40	2	266478530
266495709	Triggered	5,23,24,25,26,27,28,29,30,31,	 NoSound	40	2	266495709
266495909	Triggered	5,23,24,25,26,27,28,29,30,31,	 StopSoundLong	40	2	266495909
266507271	Triggered	1,14,15,16,17,18,19,20,21,22,	 NoSound	40	2	266507271
266507476	Triggered	1,14,15,16,17,18,19,20,21,22,	 PureTone-11kHz	40	2	266507476
266510947	Triggered	6,	 NoSound	40	2	266510947
266521115	Triggered	1,14,15,16,17,18,19,20,21,22,	 NoSound	40	2	266521115
266521315	Triggered	1,14,15,16,17,18,19,20,21,22,	 PureTone-9kHz	40	2	266521315
266524254	Triggered	6,	 NoSound	40	2	266524254
266532410	Triggered	1,14,15,16,17,18,19,20,21,22,	 NoSound	40	2	266532410
266532610	Triggered	1,14,15,16,17,18,19,20,21,22,	 PureTone-7kHz	40	2	266532610
266535880	Triggered	6,	 NoSound	40	2	266535880
266546039	Triggered	1,14,15,16,17,18,19,20,21,22,	 NoSound	40	2	266546039
266546239	Triggered	1,14,15,16,17,18,19,20,21,22,	 PureTone-5kHz	40	2	266546239
266549381	Triggered	6,	 NoSound	40	2	266549381
266560543	Triggered	1,14,15,16,17,18,19,20,21,22,	 NoSound	40	2	266560543
266560743	Triggered	1,14,15,16,17,18,19,20,21,22,	 PureTone-3kHz	40	2	266560743
266567830	Triggered	6,	 NoSound	40	2	266567830
266577654	Triggered	1,14,15,16,17,18,19,20,21,22,	 NoSound	40	2	266577654
266577854	Triggered	1,14,15,16,17,18,19,20,21,22,	 PureTone-2kHz	40	2	266577854
266582535	Triggered	4,	 NoSound	40	2	266582535
266602854	Triggered	1,14,15,16,17,18,19,20,21,22,	 NoSound	40	2	266602854
266603054	Triggered	1,14,15,16,17,18,19,20,21,22,	 PureTone-1kHz	40	2	266603054
266606730	Triggered	6,	 NoSound	40	2	266606730
266619570	Triggered	1,14,15,16,17,18,19,20,21,22,	 NoSound	40	2	266619570
266619771	Triggered	1,14,15,16,17,18,19,20,21,22,	 StopSoundShort	40	2	266619771
266631932	Triggered	5,23,24,25,26,27,28,29,30,31,	 NoSound	40	2	266631932
266632135	Triggered	5,23,24,25,26,27,28,29,30,31,	 PureTone-2kHz	40	2	266632135
266635473	Triggered	2,	 NoSound	40	2	266635473
266645906	Triggered	5,23,24,25,26,27,28,29,30,31,	 NoSound	40	2	266645906
266646106	Triggered	5,23,24,25,26,27,28,29,30,31,	 PureTone-1kHz	40	2	266646106
266650712	Triggered	8,	 NoSound	40	2	266650712
266667087	Triggered	5,23,24,25,26,27,28,29,30,31,	 NoSound	40	2	266667087
266667288	Triggered	5,23,24,25,26,27,28,29,30,31,	 StopSoundLong	40	2	266667288
266681325	Triggered	1,14,15,16,17,18,19,20,21,22,	 NoSound	40	2	266681325
266681528	Triggered	1,14,15,16,17,18,19,20,21,22,	 PureTone-11kHz	40	2	266681528
266684934	Triggered	6,	 NoSound	40	2	266684934
266702785	Triggered	1,14,15,16,17,18,19,20,21,22,	 NoSound	40	2	266702785
266702986	Triggered	1,14,15,16,17,18,19,20,21,22,	 PureTone-9kHz	40	2	266702986
266706725	Triggered	4,	 NoSound	40	2	266706725
266731121	Triggered	1,14,15,16,17,18,19,20,21,22,	 NoSound	40	2	266731121
266731322	Triggered	1,14,15,16,17,18,19,20,21,22,	 PureTone-7kHz	40	2	266731322
266735265	Triggered	6,	 NoSound	40	2	266735265
266747096	Triggered	1,14,15,16,17,18,19,20,21,22,	 NoSound	40	2	266747096
266747297	Triggered	1,14,15,16,17,18,19,20,21,22,	 PureTone-5kHz	40	2	266747297
266753379	Triggered	4,	 NoSound	40	2	266753379
266771961	Triggered	1,14,15,16,17,18,19,20,21,22,	 NoSound	40	2	266771961
266772161	Triggered	1,14,15,16,17,18,19,20,21,22,	 PureTone-3kHz	40	2	266772161
266775906	Triggered	6,	 NoSound	40	2	266775906
266787534	Triggered	1,14,15,16,17,18,19,20,21,22,	 NoSound	40	2	266787534
266787735	Triggered	1,14,15,16,17,18,19,20,21,22,	 PureTone-2kHz	40	2	266787735
266792014	Triggered	6,	 NoSound	40	2	266792014
266803511	Triggered	1,14,15,16,17,18,19,20,21,22,	 NoSound	40	2	266803511
266803711	Triggered	1,14,15,16,17,18,19,20,21,22,	 PureTone-1kHz	40	2	266803711
266807520	Triggered	6,	 NoSound	40	2	266807520
266815541	Triggered	1,14,15,16,17,18,19,20,21,22,	 NoSound	40	2	266815541
266815741	Triggered	1,14,15,16,17,18,19,20,21,22,	 StopSoundShort	40	2	266815741
266908320	Triggered	5,23,24,25,26,27,28,29,30,31,	 NoSound	40	2	266908320
266908523	Triggered	5,23,24,25,26,27,28,29,30,31,	 PureTone-2kHz	40	2	266908523
266912660	Triggered	2,	 NoSound	40	2	266912660
266928169	Triggered	5,23,24,25,26,27,28,29,30,31,	 NoSound	40	2	266928169
266928370	Triggered	5,23,24,25,26,27,28,29,30,31,	 PureTone-1kHz	40	2	266928370
266932445	Triggered	8,	 NoSound	40	2	266932445
266945084	Triggered	5,23,24,25,26,27,28,29,30,31,	 NoSound	40	2	266945084
266945285	Triggered	5,23,24,25,26,27,28,29,30,31,	 StopSoundLong	40	2	266945285
266957043	Triggered	1,14,15,16,17,18,19,20,21,22,	 NoSound	40	2	266957043
266957246	Triggered	1,14,15,16,17,18,19,20,21,22,	 PureTone-11kHz	40	2	266957246
266960652	Triggered	6,	 NoSound	40	2	266960652
266972551	Triggered	1,14,15,16,17,18,19,20,21,22,	 NoSound	40	2	266972551
266972752	Triggered	1,14,15,16,17,18,19,20,21,22,	 PureTone-9kHz	40	2	266972752
266975959	Triggered	6,	 NoSound	40	2	266975959
266988124	Triggered	1,14,15,16,17,18,19,20,21,22,	 NoSound	40	2	266988124
266988336	Triggered	1,14,15,16,17,18,19,20,21,22,	 PureTone-7kHz	40	2	266988336
266991799	Triggered	6,	 NoSound	40	2	266991799
267009915	Triggered	1,14,15,16,17,18,19,20,21,22,	 NoSound	40	2	267009915
267010115	Triggered	1,14,15,16,17,18,19,20,21,22,	 PureTone-5kHz	40	2	267010115
267017336	Triggered	6,	 NoSound	40	2	267017336
267028897	Triggered	1,14,15,16,17,18,19,20,21,22,	 NoSound	40	2	267028897
267029097	Triggered	1,14,15,16,17,18,19,20,21,22,	 PureTone-3kHz	40	2	267029097
267032305	Triggered	6,	 NoSound	40	2	267032305
267060045	Triggered	1,14,15,16,17,18,19,20,21,22,	 NoSound	40	2	267060045
267060245	Triggered	1,14,15,16,17,18,19,20,21,22,	 PureTone-2kHz	40	2	267060245
267065326	Triggered	6,	 NoSound	40	2	267065326
267075887	Triggered	1,14,15,16,17,18,19,20,21,22,	 NoSound	40	2	267075887
267076087	Triggered	1,14,15,16,17,18,19,20,21,22,	 PureTone-1kHz	40	2	267076087
267079563	Triggered	6,	 NoSound	40	2	267079563
267090457	Triggered	1,14,15,16,17,18,19,20,21,22,	 NoSound	40	2	267090457
267090658	Triggered	1,14,15,16,17,18,19,20,21,22,	 StopSoundShort	40	2	267090658
267107635	Triggered	5,23,24,25,26,27,28,29,30,31,	 NoSound	40	2	267107635
267107838	Triggered	5,23,24,25,26,27,28,29,30,31,	 PureTone-2kHz	40	2	267107838
267111112	Triggered	2,	 NoSound	40	2	267111112
267123879	Triggered	5,23,24,25,26,27,28,29,30,31,	 NoSound	40	2	267123879
267124079	Triggered	5,23,24,25,26,27,28,29,30,31,	 PureTone-1kHz	40	2	267124079
267128088	Triggered	8,	 NoSound	40	2	267128088
267139652	Triggered	5,23,24,25,26,27,28,29,30,31,	 NoSound	40	2	267139652
267139852	Triggered	5,23,24,25,26,27,28,29,30,31,	 StopSoundLong	40	2	267139852
267158634	Triggered	1,14,15,16,17,18,19,20,21,22,	 NoSound	40	2	267158634
267158838	Triggered	1,14,15,16,17,18,19,20,21,22,	 PureTone-11kHz	40	2	267158838
267162111	Triggered	6,	 NoSound	40	2	267162111
267171944	Triggered	1,14,15,16,17,18,19,20,21,22,	 NoSound	40	2	267171944
267172144	Triggered	1,14,15,16,17,18,19,20,21,22,	 PureTone-9kHz	40	2	267172144
267175747	Triggered	6,	 NoSound	40	2	267175747
267183901	Triggered	1,14,15,16,17,18,19,20,21,22,	 NoSound	40	2	267183901
267184101	Triggered	1,14,15,16,17,18,19,20,21,22,	 PureTone-7kHz	40	2	267184101
267188045	Triggered	6,	 NoSound	40	2	267188045
267197402	Triggered	1,14,15,16,17,18,19,20,21,22,	 NoSound	40	2	267197402
267197603	Triggered	1,14,15,16,17,18,19,20,21,22,	 PureTone-5kHz	40	2	267197603
267202348	Triggered	6,	 NoSound	40	2	267202348
267213912	Triggered	1,14,15,16,17,18,19,20,21,22,	 NoSound	40	2	267213913
267214113	Triggered	1,14,15,16,17,18,19,20,21,22,	 PureTone-3kHz	40	2	267214113
267218190	Triggered	6,	 NoSound	40	2	267218190
267227949	Triggered	1,14,15,16,17,18,19,20,21,22,	 NoSound	40	2	267227949
267228150	Triggered	1,14,15,16,17,18,19,20,21,22,	 PureTone-2kHz	40	2	267228150
267233029	Triggered	4,	 NoSound	40	2	267233029
267268520	Triggered	1,14,15,16,17,18,19,20,21,22,	 NoSound	40	2	267268520
267268721	Triggered	1,14,15,16,17,18,19,20,21,22,	 PureTone-1kHz	40	2	267268721
267272799	Triggered	6,	 NoSound	40	2	267272799
267282962	Triggered	1,14,15,16,17,18,19,20,21,22,	 NoSound	40	2	267282962
267283162	Triggered	1,14,15,16,17,18,19,20,21,22,	 StopSoundShort	40	2	267283162
267294523	Triggered	5,23,24,25,26,27,28,29,30,31,	 NoSound	40	2	267294523
267294725	Triggered	5,23,24,25,26,27,28,29,30,31,	 PureTone-2kHz	40	2	267294725
267297999	Triggered	2,	 NoSound	40	2	267297999
267309361	Triggered	5,23,24,25,26,27,28,29,30,31,	 NoSound	40	2	267309361
267309561	Triggered	5,23,24,25,26,27,28,29,30,31,	 PureTone-1kHz	40	2	267309561
267314040	Triggered	8,	 NoSound	40	2	267314040
267323062	Triggered	5,23,24,25,26,27,28,29,30,31,	 NoSound	40	2	267323062
267323263	Triggered	5,23,24,25,26,27,28,29,30,31,	 StopSoundLong	40	2	267323263
267337434	Triggered	1,14,15,16,17,18,19,20,21,22,	 NoSound	40	2	267337434
267337638	Triggered	1,14,15,16,17,18,19,20,21,22,	 PureTone-11kHz	40	2	267337638
267340776	Triggered	6,	 NoSound	40	2	267340776
267350204	Triggered	1,14,15,16,17,18,19,20,21,22,	 NoSound	40	2	267350204
267350404	Triggered	1,14,15,16,17,18,19,20,21,22,	 PureTone-9kHz	40	2	267350404
267354210	Triggered	4,	 NoSound	40	2	267354210
267363302	Triggered	1,14,15,16,17,18,19,20,21,22,	 NoSound	40	2	267363302
267363503	Triggered	1,14,15,16,17,18,19,20,21,22,	 PureTone-7kHz	40	2	267363503
267367379	Triggered	6,	 NoSound	40	2	267367379
267377004	Triggered	1,14,15,16,17,18,19,20,21,22,	 NoSound	40	2	267377004
267377204	Triggered	1,14,15,16,17,18,19,20,21,22,	 PureTone-5kHz	40	2	267377204
267381149	Triggered	6,	 NoSound	40	2	267381149
267390846	Triggered	1,14,15,16,17,18,19,20,21,22,	 NoSound	40	2	267390846
267391046	Triggered	1,14,15,16,17,18,19,20,21,22,	 PureTone-3kHz	40	2	267391046
267395390	Triggered	6,	 NoSound	40	2	267395390
267405010	Triggered	1,14,15,16,17,18,19,20,21,22,	 NoSound	40	2	267405010
267405210	Triggered	1,14,15,16,17,18,19,20,21,22,	 PureTone-2kHz	40	2	267405210
267408553	Triggered	6,	 NoSound	40	2	267408553
267416774	Triggered	1,14,15,16,17,18,19,20,21,22,	 NoSound	40	2	267416774
267416985	Triggered	1,14,15,16,17,18,19,20,21,22,	 PureTone-1kHz	40	2	267416985
267420584	Triggered	6,	 NoSound	40	2	267420584
267431813	Triggered	1,14,15,16,17,18,19,20,21,22,	 NoSound	40	2	267431813
267432013	Triggered	1,14,15,16,17,18,19,20,21,22,	 StopSoundShort	40	2	267432013
267450937	Triggered	5,23,24,25,26,27,28,29,30,31,	 NoSound	40	2	267450937
267451139	Triggered	5,23,24,25,26,27,28,29,30,31,	 PureTone-2kHz	40	2	267451139
267454606	Triggered	2,	 NoSound	40	2	267454606
267469512	Triggered	5,23,24,25,26,27,28,29,30,31,	 NoSound	40	2	267469512
267469713	Triggered	5,23,24,25,26,27,28,29,30,31,	 PureTone-1kHz	40	2	267469713
267473188	Triggered	2,	 NoSound	40	2	267473188
267488226	Triggered	5,23,24,25,26,27,28,29,30,31,	 NoSound	40	2	267488226
267488426	Triggered	5,23,24,25,26,27,28,29,30,31,	 StopSoundLong	40	2	267488426
267499924	Triggered	1,14,15,16,17,18,19,20,21,22,	 NoSound	40	2	267499924
267500126	Triggered	1,14,15,16,17,18,19,20,21,22,	 PureTone-11kHz	40	2	267500126
267503734	Triggered	6,	 NoSound	40	2	267503734
267512557	Triggered	1,14,15,16,17,18,19,20,21,22,	 NoSound	40	2	267512557
267512757	Triggered	1,14,15,16,17,18,19,20,21,22,	 PureTone-9kHz	40	2	267512757
267515898	Triggered	4,	 NoSound	40	2	267515898
267528063	Triggered	1,14,15,16,17,18,19,20,21,22,	 NoSound	40	2	267528063
267528265	Triggered	1,14,15,16,17,18,19,20,21,22,	 PureTone-7kHz	40	2	267528265
267531740	Triggered	6,	 NoSound	40	2	267531740
267541833	Triggered	1,14,15,16,17,18,19,20,21,22,	 NoSound	40	2	267541833
267542033	Triggered	1,14,15,16,17,18,19,20,21,22,	 PureTone-5kHz	40	2	267542033
267545377	Triggered	6,	 NoSound	40	2	267545377
267556473	Triggered	1,14,15,16,17,18,19,20,21,22,	 NoSound	40	2	267556473
267556673	Triggered	1,14,15,16,17,18,19,20,21,22,	 PureTone-3kHz	40	2	267556673
267559880	Triggered	6,	 NoSound	40	2	267559880
267572914	Triggered	1,14,15,16,17,18,19,20,21,22,	 NoSound	40	2	267572914
267573114	Triggered	1,14,15,16,17,18,19,20,21,22,	 PureTone-2kHz	40	2	267573114
267577326	Triggered	6,	 NoSound	40	2	267577326
267588489	Triggered	1,14,15,16,17,18,19,20,21,22,	 NoSound	40	2	267588489
267588689	Triggered	1,14,15,16,17,18,19,20,21,22,	 PureTone-1kHz	40	2	267588689
267592231	Triggered	6,	 NoSound	40	2	267592231
267603527	Triggered	1,14,15,16,17,18,19,20,21,22,	 NoSound	40	2	267603527
267603740	Triggered	1,14,15,16,17,18,19,20,21,22,	 StopSoundShort	40	2	267603740
267631133	Triggered	5,23,24,25,26,27,28,29,30,31,	 NoSound	40	2	267631133
267631337	Triggered	5,23,24,25,26,27,28,29,30,31,	 PureTone-2kHz	40	2	267631337
267634340	Triggered	2,	 NoSound	40	2	267634340
267645035	Triggered	5,23,24,25,26,27,28,29,30,31,	 NoSound	40	2	267645035
267645235	Triggered	5,23,24,25,26,27,28,29,30,31,	 PureTone-1kHz	40	2	267645235
267648711	Triggered	8,	 NoSound	40	2	267648711
267723706	Triggered	5,23,24,25,26,27,28,29,30,31,	 NoSound	40	2	267723706
267723906	Triggered	5,23,24,25,26,27,28,29,30,31,	 StopSoundLong	40	2	267723906
