1	1	0
9	0	0	0	0
N5	100	1	0	00
1	100	0	0	1
4i	100	1	0	31
1	100	0	0	1
4i	100	1	0	31
1	100	0	0	1
4i	100	1	0	31
G1	100	1	0	10
4i6p	100	1	0	3151
E1	100	1	0	00
5	100	0	0	1
2	100	1	0	0
5	100	0	0	1
2	100	1	0	0
5	100	0	0	1
2	100	1	0	0
P5	100	1	0	10
8s2	100	1	0	310
N5	100	1	0	00
1	100	0	0	1
4h	100	1	0	21
1	100	0	0	1
4h	100	1	0	21
1	100	0	0	1
4h	100	1	0	21
G1	100	1	0	10
4h6p	100	1	0	2151
E1	100	1	0	00
5	100	0	0	1
2f	100	1	0	51
5	100	0	0	1
2f	100	1	0	51
5	100	0	0	1
2f	100	1	0	51
P5	100	1	0	10
2f8u	100	1	0	5151
N5	100	1	0	00
1	100	0	0	1
6n	100	1	0	31
1	100	0	0	1
6n	100	1	0	31
1	100	0	0	1
6n	100	1	0	31
G1	100	1	0	10
6n4h	100	1	0	3121
E1	100	1	0	00
5	100	0	0	1
2e	100	1	0	41
5	100	0	0	1
2e	100	1	0	41
5	100	0	0	1
2e	100	1	0	41
P5	100	1	0	10
2e8t	100	1	0	4141
N5	100	1	0	00
1	100	0	0	1
4h	100	1	0	21
1	100	0	0	1
4h	100	1	0	21
1	100	0	0	1
4h	100	1	0	21
G1	100	1	0	10
4h6	100	1	0	210
E1	100	1	0	00
5	100	0	0	1
2c	100	1	0	21
5	100	0	0	1
2c	100	1	0	21
5	100	0	0	1
2c	100	1	0	21
P5	100	1	0	10
2c8u	100	1	0	2151
N5	100	1	0	00
1	100	0	0	1
4g	100	1	0	11
1	100	0	0	1
4g	100	1	0	11
1	100	0	0	1
4g	100	1	0	11
G1	100	1	0	10
4g6p	100	1	0	1151
E1	100	1	0	00
5	100	0	0	1
2b	100	1	0	11
5	100	0	0	1
2b	100	1	0	11
5	100	0	0	1
2b	100	1	0	11
P5	100	1	0	10
2b8	100	1	0	110
N5	100	1	0	00
1	100	0	0	1
6n	100	1	0	31
1	100	0	0	1
6n	100	1	0	31
1	100	0	0	1
6n	100	1	0	31
G1	100	1	0	10
6n4i	100	1	0	3131
E1	100	1	0	00
5	100	0	0	1
8u	100	1	0	51
5	100	0	0	1
8u	100	1	0	51
5	100	0	0	1
8u	100	1	0	51
P5	100	1	0	10
8u2	100	1	0	510
N5	100	1	0	00
1	100	0	0	1
6l	100	1	0	11
1	100	0	0	1
6l	100	1	0	11
1	100	0	0	1
6l	100	1	0	11
G1	100	1	0	10
6l4i	100	1	0	1131
E1	100	1	0	00
5	100	0	0	1
8s	100	1	0	31
5	100	0	0	1
8s	100	1	0	31
5	100	0	0	1
8s	100	1	0	31
P5	100	1	0	10
8s2d	100	1	0	3131
N5	100	1	0	00
1	100	0	0	1
4	100	1	0	0
1	100	0	0	1
4	100	1	0	0
1	100	0	0	1
4	100	1	0	0
G1	100	1	0	10
6m4	100	1	0	210
E1	100	1	0	00
5	100	0	0	1
8t	100	1	0	41
5	100	0	0	1
8t	100	1	0	41
5	100	0	0	1
8t	100	1	0	41
P5	100	1	0	10
8t2f	100	1	0	4151
N5	100	1	0	00
1	100	0	0	1
6m	100	1	0	21
1	100	0	0	1
6m	100	1	0	21
1	100	0	0	1
6m	100	1	0	21
G1	100	1	0	10
6m4k	100	1	0	2151
E1	100	1	0	00
5	100	0	0	1
2e	100	1	0	41
5	100	0	0	1
2e	100	1	0	41
5	100	0	0	1
2e	100	1	0	41
P5	100	1	0	10
2e8r	100	1	0	4121
N5	100	1	0	00
1	100	0	0	1
4g	100	1	0	11
1	100	0	0	1
4g	100	1	0	11
1	100	0	0	1
4g	100	1	0	11
G1	100	1	0	10
4g6p	100	1	0	1151
E1	100	1	0	00
5	100	0	0	1
8t	100	1	0	41
5	100	0	0	1
8t	100	1	0	41
5	100	0	0	1
8t	100	1	0	41
P5	100	1	0	10
8t2c	100	1	0	4121
N5	100	1	0	00
1	100	0	0	1
6m	100	1	0	21
1	100	0	0	1
6m	100	1	0	21
1	100	0	0	1
6m	100	1	0	21
G1	100	1	0	10
6m4g	100	1	0	2111
E1	100	1	0	00
5	100	0	0	1
8	100	1	0	0
5	100	0	0	1
8	100	1	0	0
5	100	0	0	1
8	100	1	0	0
P5	100	1	0	10
2c8	100	1	0	210
N5	100	1	0	00
1	100	0	0	1
4j	100	1	0	41
1	100	0	0	1
4j	100	1	0	41
1	100	0	0	1
4j	100	1	0	41
G1	100	1	0	10
4j6n	100	1	0	4131
E1	100	1	0	00
5	100	0	0	1
2b	100	1	0	11
5	100	0	0	1
2b	100	1	0	11
5	100	0	0	1
2b	100	1	0	11
P5	100	1	0	10
2b8u	100	1	0	1151
N5	100	1	0	00
1	100	0	0	1
6n	100	1	0	31
1	100	0	0	1
6n	100	1	0	31
1	100	0	0	1
6n	100	1	0	31
G1	100	1	0	10
6n4h	100	1	0	3121
E1	100	1	0	00
5	100	0	0	1
8t	100	1	0	41
5	100	0	0	1
8t	100	1	0	41
5	100	0	0	1
8t	100	1	0	41
P5	100	1	0	10
8t2f	100	1	0	4151
N5	100	1	0	00
1	100	0	0	1
6	100	1	0	0
1	100	0	0	1
6	100	1	0	0
1	100	0	0	1
6	100	1	0	0
G1	100	1	0	10
4i6	100	1	0	310
E1	100	1	0	00
5	100	0	0	1
2f	100	1	0	51
5	100	0	0	1
2f	100	1	0	51
5	100	0	0	1
2f	100	1	0	51
P5	100	1	0	10
2f8u	100	1	0	5151
N5	100	1	0	00
1	100	0	0	1
6m	100	1	0	21
1	100	0	0	1
6m	100	1	0	21
1	100	0	0	1
6m	100	1	0	21
G1	100	1	0	10
6m4k	100	1	0	2151
E1	100	1	0	00
5	100	0	0	1
8s	100	1	0	31
5	100	0	0	1
8s	100	1	0	31
5	100	0	0	1
8s	100	1	0	31
P5	100	1	0	10
8s2e	100	1	0	3141
N5	100	1	0	00
1	100	0	0	1
6n	100	1	0	31
1	100	0	0	1
6n	100	1	0	31
1	100	0	0	1
6n	100	1	0	31
G1	100	1	0	10
6n4	100	1	0	310
E1	100	1	0	00
5	100	0	0	1
8u	100	1	0	51
5	100	0	0	1
8u	100	1	0	51
5	100	0	0	1
8u	100	1	0	51
P5	100	1	0	10
8u2c	100	1	0	5121
N5	100	1	0	00
1	100	0	0	1
4h	100	1	0	21
1	100	0	0	1
4h	100	1	0	21
1	100	0	0	1
4h	100	1	0	21
G1	100	1	0	10
4h6p	100	1	0	2151
E1	100	1	0	00
5	100	0	0	1
8s	100	1	0	31
5	100	0	0	1
8s	100	1	0	31
5	100	0	0	1
8s	100	1	0	31
P5	100	1	0	10
8s2e	100	1	0	3141
N5	100	1	0	00
1	100	0	0	1
4g	100	1	0	11
1	100	0	0	1
4g	100	1	0	11
1	100	0	0	1
4g	100	1	0	11
G1	100	1	0	10
4g6o	100	1	0	1141
E1	100	1	0	00
5	100	0	0	1
8r	100	1	0	21
5	100	0	0	1
8r	100	1	0	21
5	100	0	0	1
8r	100	1	0	21
P5	100	1	0	10
8r2c	100	1	0	2121
N5	100	1	0	00
1	100	0	0	1
6o	100	1	0	41
1	100	0	0	1
6o	100	1	0	41
1	100	0	0	1
6o	100	1	0	41
G1	100	1	0	10
6o4g	100	1	0	4111
E1	100	1	0	00
5	100	0	0	1
8q	100	1	0	11
5	100	0	0	1
8q	100	1	0	11
5	100	0	0	1
8q	100	1	0	11
P5	100	1	0	10
8q2f	100	1	0	1151
N5	100	1	0	00
1	100	0	0	1
6l	100	1	0	11
1	100	0	0	1
6l	100	1	0	11
1	100	0	0	1
6l	100	1	0	11
G1	100	1	0	10
6l4i	100	1	0	1131
E1	100	1	0	00
5	100	0	0	1
2e	100	1	0	41
5	100	0	0	1
2e	100	1	0	41
5	100	0	0	1
2e	100	1	0	41
P5	100	1	0	10
2e8u	100	1	0	4151
N5	100	1	0	00
1	100	0	0	1
6n	100	1	0	31
1	100	0	0	1
6n	100	1	0	31
1	100	0	0	1
6n	100	1	0	31
G1	100	1	0	10
6n4h	100	1	0	3121
E1	100	1	0	00
5	100	0	0	1
8	100	1	0	0
5	100	0	0	1
8	100	1	0	0
5	100	0	0	1
8	100	1	0	0
P5	100	1	0	10
2d8	100	1	0	310
N5	100	1	0	00
1	100	0	0	1
4j	100	1	0	41
1	100	0	0	1
4j	100	1	0	41
1	100	0	0	1
4j	100	1	0	41
G1	100	1	0	10
4j6l	100	1	0	4111
E1	100	1	0	00
5	100	0	0	1
2	100	1	0	0
5	100	0	0	1
2	100	1	0	0
5	100	0	0	1
2	100	1	0	0
P5	100	1	0	10
8u2	100	1	0	510
N5	100	1	0	00
1	100	0	0	1
4k	100	1	0	51
1	100	0	0	1
4k	100	1	0	51
1	100	0	0	1
4k	100	1	0	51
G1	100	1	0	10
4k6m	100	1	0	5121
E1	100	1	0	00
5	100	0	0	1
8s	100	1	0	31
5	100	0	0	1
8s	100	1	0	31
5	100	0	0	1
8s	100	1	0	31
P5	100	1	0	10
8s2b	100	1	0	3111
N5	100	1	0	00
1	100	0	0	1
6p	100	1	0	51
1	100	0	0	1
6p	100	1	0	51
1	100	0	0	1
6p	100	1	0	51
G1	100	1	0	10
6p4k	100	1	0	5151
E1	100	1	0	00
5	100	0	0	1
2c	100	1	0	21
5	100	0	0	1
2c	100	1	0	21
5	100	0	0	1
2c	100	1	0	21
P5	100	1	0	10
2c8r	100	1	0	2121
N5	100	1	0	00
1	100	0	0	1
4g	100	1	0	11
1	100	0	0	1
4g	100	1	0	11
1	100	0	0	1
4g	100	1	0	11
G1	100	1	0	10
4g6n	100	1	0	1131
E1	100	1	0	00
5	100	0	0	1
2b	100	1	0	11
5	100	0	0	1
2b	100	1	0	11
5	100	0	0	1
2b	100	1	0	11
P5	100	1	0	10
2b8	100	1	0	110
N5	100	1	0	00
1	100	0	0	1
6n	100	1	0	31
1	100	0	0	1
6n	100	1	0	31
1	100	0	0	1
6n	100	1	0	31
G1	100	1	0	10
6n4g	100	1	0	3111
E1	100	1	0	00
5	100	0	0	1
8q	100	1	0	11
5	100	0	0	1
8q	100	1	0	11
5	100	0	0	1
8q	100	1	0	11
P5	100	1	0	10
8q2	100	1	0	110
N5	100	1	0	00
1	100	0	0	1
6m	100	1	0	21
1	100	0	0	1
6m	100	1	0	21
1	100	0	0	1
6m	100	1	0	21
G1	100	1	0	10
6m4	100	1	0	210
E1	100	1	0	00
5	100	0	0	1
2e	100	1	0	41
5	100	0	0	1
2e	100	1	0	41
5	100	0	0	1
2e	100	1	0	41
P5	100	1	0	10
2e8q	100	1	0	4111
N5	100	1	0	00
1	100	0	0	1
4h	100	1	0	21
1	100	0	0	1
4h	100	1	0	21
1	100	0	0	1
4h	100	1	0	21
G1	100	1	0	10
4h6	100	1	0	210
E1	100	1	0	00
5	100	0	0	1
2b	100	1	0	11
5	100	0	0	1
2b	100	1	0	11
5	100	0	0	1
2b	100	1	0	11
P5	100	1	0	10
2b8	100	1	0	110
N5	100	1	0	00
1	100	0	0	1
4h	100	1	0	21
1	100	0	0	1
4h	100	1	0	21
1	100	0	0	1
4h	100	1	0	21
G1	100	1	0	10
4h6l	100	1	0	2111
E1	100	1	0	00
5	100	0	0	1
8s	100	1	0	31
5	100	0	0	1
8s	100	1	0	31
5	100	0	0	1
8s	100	1	0	31
P5	100	1	0	10
8s2f	100	1	0	3151
N5	100	1	0	00
1	100	0	0	1
6o	100	1	0	41
1	100	0	0	1
6o	100	1	0	41
1	100	0	0	1
6o	100	1	0	41
G1	100	1	0	10
6o4	100	1	0	410
E1	100	1	0	00
5	100	0	0	1
8t	100	1	0	41
5	100	0	0	1
8t	100	1	0	41
5	100	0	0	1
8t	100	1	0	41
P5	100	1	0	10
8t2	100	1	0	410
N5	100	1	0	00
1	100	0	0	1
4i	100	1	0	31
1	100	0	0	1
4i	100	1	0	31
1	100	0	0	1
4i	100	1	0	31
G1	100	1	0	10
4i6n	100	1	0	3131
E1	100	1	0	00
5	100	0	0	1
2e	100	1	0	41
5	100	0	0	1
2e	100	1	0	41
5	100	0	0	1
2e	100	1	0	41
P5	100	1	0	10
2e8t	100	1	0	4141
N5	100	1	0	00
1	100	0	0	1
4g	100	1	0	11
1	100	0	0	1
4g	100	1	0	11
1	100	0	0	1
4g	100	1	0	11
G1	100	1	0	10
4g6	100	1	0	110
E1	100	1	0	00
5	100	0	0	1
8q	100	1	0	11
5	100	0	0	1
8q	100	1	0	11
5	100	0	0	1
8q	100	1	0	11
P5	100	1	0	10
8q2b	100	1	0	1111
N5	100	1	0	00
1	100	0	0	1
4j	100	1	0	41
1	100	0	0	1
4j	100	1	0	41
1	100	0	0	1
4j	100	1	0	41
G1	100	1	0	10
4j6p	100	1	0	4151
E1	100	1	0	00
5	100	0	0	1
2b	100	1	0	11
5	100	0	0	1
2b	100	1	0	11
5	100	0	0	1
2b	100	1	0	11
P5	100	1	0	10
2b8t	100	1	0	1141
N5	100	1	0	00
1	100	0	0	1
6p	100	1	0	51
1	100	0	0	1
6p	100	1	0	51
1	100	0	0	1
6p	100	1	0	51
G1	100	1	0	10
6p4j	100	1	0	5141
E1	100	1	0	00
5	100	0	0	1
2d	100	1	0	31
5	100	0	0	1
2d	100	1	0	31
5	100	0	0	1
2d	100	1	0	31
P5	100	1	0	10
2d8q	100	1	0	3111
N5	100	1	0	00
1	100	0	0	1
4h	100	1	0	21
1	100	0	0	1
4h	100	1	0	21
1	100	0	0	1
4h	100	1	0	21
G1	100	1	0	10
4h6p	100	1	0	2151
E1	100	1	0	00
5	100	0	0	1
8r	100	1	0	21
5	100	0	0	1
8r	100	1	0	21
5	100	0	0	1
8r	100	1	0	21
P5	100	1	0	10
8r2f	100	1	0	2151
N5	100	1	0	00
1	100	0	0	1
4k	100	1	0	51
1	100	0	0	1
4k	100	1	0	51
1	100	0	0	1
4k	100	1	0	51
G1	100	1	0	10
4k6n	100	1	0	5131
E1	100	1	0	00
5	100	0	0	1
8t	100	1	0	41
5	100	0	0	1
8t	100	1	0	41
5	100	0	0	1
8t	100	1	0	41
P5	100	1	0	10
8t2c	100	1	0	4121
N5	100	1	0	00
1	100	0	0	1
4	100	1	0	0
1	100	0	0	1
4	100	1	0	0
1	100	0	0	1
4	100	1	0	0
G1	100	1	0	10
6n4	100	1	0	310
E1	100	1	0	00
5	100	0	0	1
2c	100	1	0	21
5	100	0	0	1
2c	100	1	0	21
5	100	0	0	1
2c	100	1	0	21
P5	100	1	0	10
2c8s	100	1	0	2131
N5	100	1	0	00
1	100	0	0	1
6	100	1	0	0
1	100	0	0	1
6	100	1	0	0
1	100	0	0	1
6	100	1	0	0
G1	100	1	0	10
4k6	100	1	0	510
E1	100	1	0	00
5	100	0	0	1
2b	100	1	0	11
5	100	0	0	1
2b	100	1	0	11
5	100	0	0	1
2b	100	1	0	11
P5	100	1	0	10
2b8t	100	1	0	1141
N5	100	1	0	00
1	100	0	0	1
6o	100	1	0	41
1	100	0	0	1
6o	100	1	0	41
1	100	0	0	1
6o	100	1	0	41
G1	100	1	0	10
6o4j	100	1	0	4141
E1	100	1	0	00
5	100	0	0	1
2c	100	1	0	21
5	100	0	0	1
2c	100	1	0	21
5	100	0	0	1
2c	100	1	0	21
P5	100	1	0	10
2c8	100	1	0	210
N5	100	1	0	00
1	100	0	0	1
4i	100	1	0	31
1	100	0	0	1
4i	100	1	0	31
1	100	0	0	1
4i	100	1	0	31
G1	100	1	0	10
4i6	100	1	0	310
E1	100	1	0	00
5	100	0	0	1
2d	100	1	0	31
5	100	0	0	1
2d	100	1	0	31
5	100	0	0	1
2d	100	1	0	31
P5	100	1	0	10
2d8u	100	1	0	3151
N5	100	1	0	00
1	100	0	0	1
6o	100	1	0	41
1	100	0	0	1
6o	100	1	0	41
1	100	0	0	1
6o	100	1	0	41
G1	100	1	0	10
6o4j	100	1	0	4141
E1	100	1	0	00
5	100	0	0	1
8r	100	1	0	21
5	100	0	0	1
8r	100	1	0	21
5	100	0	0	1
8r	100	1	0	21
P5	100	1	0	10
8r2	100	1	0	210
N5	100	1	0	00
1	100	0	0	1
4j	100	1	0	41
1	100	0	0	1
4j	100	1	0	41
1	100	0	0	1
4j	100	1	0	41
G1	100	1	0	10
4j6p	100	1	0	4151
E1	100	1	0	00
5	100	0	0	1
8	100	1	0	0
5	100	0	0	1
8	100	1	0	0
5	100	0	0	1
8	100	1	0	0
P5	100	1	0	10
2b8	100	1	0	110
N5	100	1	0	00
1	100	0	0	1
4h	100	1	0	21
1	100	0	0	1
4h	100	1	0	21
1	100	0	0	1
4h	100	1	0	21
G1	100	1	0	10
4h6p	100	1	0	2151
E1	100	1	0	00
5	100	0	0	1
2f	100	1	0	51
5	100	0	0	1
2f	100	1	0	51
5	100	0	0	1
2f	100	1	0	51
P5	100	1	0	10
2f8t	100	1	0	5141
N5	100	1	0	00
1	100	0	0	1
6n	100	1	0	31
1	100	0	0	1
6n	100	1	0	31
1	100	0	0	1
6n	100	1	0	31
G1	100	1	0	10
6n4k	100	1	0	3151
E1	100	1	0	00
5	100	0	0	1
2b	100	1	0	11
5	100	0	0	1
2b	100	1	0	11
5	100	0	0	1
2b	100	1	0	11
P5	100	1	0	10
2b8r	100	1	0	1121
N5	100	1	0	00
1	100	0	0	1
6n	100	1	0	31
1	100	0	0	1
6n	100	1	0	31
1	100	0	0	1
6n	100	1	0	31
G1	100	1	0	10
6n4	100	1	0	310
E1	100	1	0	00
5	100	0	0	1
8q	100	1	0	11
5	100	0	0	1
8q	100	1	0	11
5	100	0	0	1
8q	100	1	0	11
P5	100	1	0	10
8q2f	100	1	0	1151
N5	100	1	0	00
1	100	0	0	1
4i	100	1	0	31
1	100	0	0	1
4i	100	1	0	31
1	100	0	0	1
4i	100	1	0	31
G1	100	1	0	10
4i6l	100	1	0	3111
E1	100	1	0	00
5	100	0	0	1
8t	100	1	0	41
5	100	0	0	1
8t	100	1	0	41
5	100	0	0	1
8t	100	1	0	41
P5	100	1	0	10
8t2d	100	1	0	4131
N5	100	1	0	00
1	100	0	0	1
6	100	1	0	0
1	100	0	0	1
6	100	1	0	0
1	100	0	0	1
6	100	1	0	0
G1	100	1	0	10
4h6	100	1	0	210
E1	100	1	0	00
5	100	0	0	1
2e	100	1	0	41
5	100	0	0	1
2e	100	1	0	41
5	100	0	0	1
2e	100	1	0	41
P5	100	1	0	10
2e8	100	1	0	410
N5	100	1	0	00
1	100	0	0	1
6l	100	1	0	11
1	100	0	0	1
6l	100	1	0	11
1	100	0	0	1
6l	100	1	0	11
G1	100	1	0	10
6l4	100	1	0	110
E1	100	1	0	00
5	100	0	0	1
8q	100	1	0	11
5	100	0	0	1
8q	100	1	0	11
5	100	0	0	1
8q	100	1	0	11
P5	100	1	0	10
8q2b	100	1	0	1111
N5	100	1	0	00
1	100	0	0	1
6m	100	1	0	21
1	100	0	0	1
6m	100	1	0	21
1	100	0	0	1
6m	100	1	0	21
G1	100	1	0	10
6m4h	100	1	0	2121
E1	100	1	0	00
5	100	0	0	1
8u	100	1	0	51
5	100	0	0	1
8u	100	1	0	51
5	100	0	0	1
8u	100	1	0	51
P5	100	1	0	10
8u2d	100	1	0	5131
N5	100	1	0	00
1	100	0	0	1
4i	100	1	0	31
1	100	0	0	1
4i	100	1	0	31
1	100	0	0	1
4i	100	1	0	31
G1	100	1	0	10
4i6	100	1	0	310
E1	100	1	0	00
5	100	0	0	1
2c	100	1	0	21
5	100	0	0	1
2c	100	1	0	21
5	100	0	0	1
2c	100	1	0	21
P5	100	1	0	10
2c8t	100	1	0	2141
N5	100	1	0	00
1	100	0	0	1
6m	100	1	0	21
1	100	0	0	1
6m	100	1	0	21
1	100	0	0	1
6m	100	1	0	21
G1	100	1	0	10
6m4	100	1	0	210
E1	100	1	0	00
5	100	0	0	1
8s	100	1	0	31
5	100	0	0	1
8s	100	1	0	31
5	100	0	0	1
8s	100	1	0	31
P5	100	1	0	10
8s2c	100	1	0	3121
N5	100	1	0	00
1	100	0	0	1
6m	100	1	0	21
1	100	0	0	1
6m	100	1	0	21
1	100	0	0	1
6m	100	1	0	21
G1	100	1	0	10
6m4g	100	1	0	2111
E1	100	1	0	00
5	100	0	0	1
8	100	1	0	0
5	100	0	0	1
8	100	1	0	0
5	100	0	0	1
8	100	1	0	0
P5	100	1	0	10
2f8	100	1	0	510
N5	100	1	0	00
1	100	0	0	1
4g	100	1	0	11
1	100	0	0	1
4g	100	1	0	11
1	100	0	0	1
4g	100	1	0	11
G1	100	1	0	10
4g6m	100	1	0	1121
E1	100	1	0	00
5	100	0	0	1
2e	100	1	0	41
5	100	0	0	1
2e	100	1	0	41
5	100	0	0	1
2e	100	1	0	41
P5	100	1	0	10
2e8q	100	1	0	4111
N5	100	1	0	00
1	100	0	0	1
4j	100	1	0	41
1	100	0	0	1
4j	100	1	0	41
1	100	0	0	1
4j	100	1	0	41
G1	100	1	0	10
4j6p	100	1	0	4151
E1	100	1	0	00
5	100	0	0	1
2b	100	1	0	11
5	100	0	0	1
2b	100	1	0	11
5	100	0	0	1
2b	100	1	0	11
P5	100	1	0	10
2b8	100	1	0	110
N5	100	1	0	00
1	100	0	0	1
6n	100	1	0	31
1	100	0	0	1
6n	100	1	0	31
1	100	0	0	1
6n	100	1	0	31
G1	100	1	0	10
6n4h	100	1	0	3121
E1	100	1	0	00
5	100	0	0	1
8r	100	1	0	21
5	100	0	0	1
8r	100	1	0	21
5	100	0	0	1
8r	100	1	0	21
P5	100	1	0	10
8r2	100	1	0	210
N5	100	1	0	00
1	100	0	0	1
4h	100	1	0	21
1	100	0	0	1
4h	100	1	0	21
1	100	0	0	1
4h	100	1	0	21
G1	100	1	0	10
4h6l	100	1	0	2111
E1	100	1	0	00
5	100	0	0	1
2f	100	1	0	51
5	100	0	0	1
2f	100	1	0	51
5	100	0	0	1
2f	100	1	0	51
P5	100	1	0	10
2f8r	100	1	0	5121
N5	100	1	0	00
1	100	0	0	1
6	100	1	0	0
1	100	0	0	1
6	100	1	0	0
1	100	0	0	1
6	100	1	0	0
G1	100	1	0	10
4g6	100	1	0	110
E1	100	1	0	00
5	100	0	0	1
2d	100	1	0	31
5	100	0	0	1
2d	100	1	0	31
5	100	0	0	1
2d	100	1	0	31
P5	100	1	0	10
2d8r	100	1	0	3121
N5	100	1	0	00
1	100	0	0	1
6l	100	1	0	11
1	100	0	0	1
6l	100	1	0	11
1	100	0	0	1
6l	100	1	0	11
G1	100	1	0	10
6l4i	100	1	0	1131
E1	100	1	0	00
5	100	0	0	1
8u	100	1	0	51
5	100	0	0	1
8u	100	1	0	51
5	100	0	0	1
8u	100	1	0	51
P5	100	1	0	10
8u2f	100	1	0	5151
N5	100	1	0	00
1	100	0	0	1
4j	100	1	0	41
1	100	0	0	1
4j	100	1	0	41
1	100	0	0	1
4j	100	1	0	41
G1	100	1	0	10
4j6m	100	1	0	4121
E1	100	1	0	00
5	100	0	0	1
8s	100	1	0	31
5	100	0	0	1
8s	100	1	0	31
5	100	0	0	1
8s	100	1	0	31
P5	100	1	0	10
8s2	100	1	0	310
N5	100	1	0	00
1	100	0	0	1
4g	100	1	0	11
1	100	0	0	1
4g	100	1	0	11
1	100	0	0	1
4g	100	1	0	11
G1	100	1	0	10
4g6p	100	1	0	1151
E1	100	1	0	00
5	100	0	0	1
2e	100	1	0	41
5	100	0	0	1
2e	100	1	0	41
5	100	0	0	1
2e	100	1	0	41
P5	100	1	0	10
2e8	100	1	0	410
N5	100	1	0	00
1	100	0	0	1
4i	100	1	0	31
1	100	0	0	1
4i	100	1	0	31
1	100	0	0	1
4i	100	1	0	31
G1	100	1	0	10
4i6o	100	1	0	3141
E1	100	1	0	00
5	100	0	0	1
8t	100	1	0	41
5	100	0	0	1
8t	100	1	0	41
5	100	0	0	1
8t	100	1	0	41
P5	100	1	0	10
8t2	100	1	0	410
N5	100	1	0	00
1	100	0	0	1
4g	100	1	0	11
1	100	0	0	1
4g	100	1	0	11
1	100	0	0	1
4g	100	1	0	11
G1	100	1	0	10
4g6	100	1	0	110
E1	100	1	0	00
5	100	0	0	1
2c	100	1	0	21
5	100	0	0	1
2c	100	1	0	21
5	100	0	0	1
2c	100	1	0	21
P5	100	1	0	10
2c8u	100	1	0	2151
N5	100	1	0	00
1	100	0	0	1
6o	100	1	0	41
1	100	0	0	1
6o	100	1	0	41
1	100	0	0	1
6o	100	1	0	41
G1	100	1	0	10
6o4	100	1	0	410
E1	100	1	0	00
5	100	0	0	1
2f	100	1	0	51
5	100	0	0	1
2f	100	1	0	51
5	100	0	0	1
2f	100	1	0	51
P5	100	1	0	10
2f8	100	1	0	510
N5	100	1	0	00
1	100	0	0	1
4h	100	1	0	21
1	100	0	0	1
4h	100	1	0	21
1	100	0	0	1
4h	100	1	0	21
G1	100	1	0	10
4h6n	100	1	0	2131
E1	100	1	0	00
5	100	0	0	1
8q	100	1	0	11
5	100	0	0	1
8q	100	1	0	11
5	100	0	0	1
8q	100	1	0	11
P5	100	1	0	10
8q2f	100	1	0	1151
N5	100	1	0	00
1	100	0	0	1
6n	100	1	0	31
1	100	0	0	1
6n	100	1	0	31
1	100	0	0	1
6n	100	1	0	31
G1	100	1	0	10
6n4k	100	1	0	3151
E1	100	1	0	00
5	100	0	0	1
8u	100	1	0	51
5	100	0	0	1
8u	100	1	0	51
5	100	0	0	1
8u	100	1	0	51
P5	100	1	0	10
8u2b	100	1	0	5111
N5	100	1	0	00
1	100	0	0	1
6l	100	1	0	11
1	100	0	0	1
6l	100	1	0	11
1	100	0	0	1
6l	100	1	0	11
G1	100	1	0	10
6l4k	100	1	0	1151
E1	100	1	0	00
5	100	0	0	1
8	100	1	0	0
5	100	0	0	1
8	100	1	0	0
5	100	0	0	1
8	100	1	0	0
P5	100	1	0	10
2d8	100	1	0	310
N5	100	1	0	00
1	100	0	0	1
4i	100	1	0	31
1	100	0	0	1
4i	100	1	0	31
1	100	0	0	1
4i	100	1	0	31
G1	100	1	0	10
4i6p	100	1	0	3151
E1	100	1	0	00
5	100	0	0	1
2c	100	1	0	21
5	100	0	0	1
2c	100	1	0	21
5	100	0	0	1
2c	100	1	0	21
P5	100	1	0	10
2c8u	100	1	0	2151
N5	100	1	0	00
1	100	0	0	1
6o	100	1	0	41
1	100	0	0	1
6o	100	1	0	41
1	100	0	0	1
6o	100	1	0	41
G1	100	1	0	10
6o4h	100	1	0	4121
E1	100	1	0	00
5	100	0	0	1
2d	100	1	0	31
5	100	0	0	1
2d	100	1	0	31
5	100	0	0	1
2d	100	1	0	31
P5	100	1	0	10
2d8q	100	1	0	3111
N5	100	1	0	00
1	100	0	0	1
6	100	1	0	0
1	100	0	0	1
6	100	1	0	0
1	100	0	0	1
6	100	1	0	0
G1	100	1	0	10
4h6	100	1	0	210
E1	100	1	0	00
5	100	0	0	1
8r	100	1	0	21
5	100	0	0	1
8r	100	1	0	21
5	100	0	0	1
8r	100	1	0	21
P5	100	1	0	10
8r2d	100	1	0	2131
N5	100	1	0	00
1	100	0	0	1
6l	100	1	0	11
1	100	0	0	1
6l	100	1	0	11
1	100	0	0	1
6l	100	1	0	11
G1	100	1	0	10
6l4j	100	1	0	1141
E1	100	1	0	00
5	100	0	0	1
8t	100	1	0	41
5	100	0	0	1
8t	100	1	0	41
5	100	0	0	1
8t	100	1	0	41
P5	100	1	0	10
8t2d	100	1	0	4131
N5	100	1	0	00
1	100	0	0	1
4i	100	1	0	31
1	100	0	0	1
4i	100	1	0	31
1	100	0	0	1
4i	100	1	0	31
G1	100	1	0	10
4i6	100	1	0	310
E1	100	1	0	00
5	100	0	0	1
2c	100	1	0	21
5	100	0	0	1
2c	100	1	0	21
5	100	0	0	1
2c	100	1	0	21
P5	100	1	0	10
2c8t	100	1	0	2141
N5	100	1	0	00
1	100	0	0	1
6n	100	1	0	31
1	100	0	0	1
6n	100	1	0	31
1	100	0	0	1
6n	100	1	0	31
G1	100	1	0	10
6n4i	100	1	0	3131
E1	100	1	0	00
5	100	0	0	1
2c	100	1	0	21
5	100	0	0	1
2c	100	1	0	21
5	100	0	0	1
2c	100	1	0	21
P5	100	1	0	10
2c8r	100	1	0	2121
N5	100	1	0	00
1	100	0	0	1
4i	100	1	0	31
1	100	0	0	1
4i	100	1	0	31
1	100	0	0	1
4i	100	1	0	31
G1	100	1	0	10
4i6	100	1	0	310
E1	100	1	0	00
5	100	0	0	1
2e	100	1	0	41
5	100	0	0	1
2e	100	1	0	41
5	100	0	0	1
2e	100	1	0	41
P5	100	1	0	10
2e8	100	1	0	410
N5	100	1	0	00
1	100	0	0	1
4k	100	1	0	51
1	100	0	0	1
4k	100	1	0	51
1	100	0	0	1
4k	100	1	0	51
G1	100	1	0	10
4k6	100	1	0	510
E1	100	1	0	00
5	100	0	0	1
2f	100	1	0	51
5	100	0	0	1
2f	100	1	0	51
5	100	0	0	1
2f	100	1	0	51
P5	100	1	0	10
2f8	100	1	0	510
N5	100	1	0	00
1	100	0	0	1
6l	100	1	0	11
1	100	0	0	1
6l	100	1	0	11
1	100	0	0	1
6l	100	1	0	11
G1	100	1	0	10
6l4h	100	1	0	1121
E1	100	1	0	00
5	100	0	0	1
2b	100	1	0	11
5	100	0	0	1
2b	100	1	0	11
5	100	0	0	1
2b	100	1	0	11
P5	100	1	0	10
2b8q	100	1	0	1111
N5	100	1	0	00
1	100	0	0	1
4	100	1	0	0
1	100	0	0	1
4	100	1	0	0
1	100	0	0	1
4	100	1	0	0
G1	100	1	0	10
6m4	100	1	0	210
E1	100	1	0	00
5	100	0	0	1
8t	100	1	0	41
5	100	0	0	1
8t	100	1	0	41
5	100	0	0	1
8t	100	1	0	41
P5	100	1	0	10
8t2d	100	1	0	4131
N5	100	1	0	00
1	100	0	0	1
4h	100	1	0	21
1	100	0	0	1
4h	100	1	0	21
1	100	0	0	1
4h	100	1	0	21
G1	100	1	0	10
4h6n	100	1	0	2131
E1	100	1	0	00
5	100	0	0	1
8r	100	1	0	21
5	100	0	0	1
8r	100	1	0	21
5	100	0	0	1
8r	100	1	0	21
P5	100	1	0	10
8r2c	100	1	0	2121
N5	100	1	0	00
1	100	0	0	1
4g	100	1	0	11
1	100	0	0	1
4g	100	1	0	11
1	100	0	0	1
4g	100	1	0	11
G1	100	1	0	10
4g6m	100	1	0	1121
E1	100	1	0	00
5	100	0	0	1
8q	100	1	0	11
5	100	0	0	1
8q	100	1	0	11
5	100	0	0	1
8q	100	1	0	11
P5	100	1	0	10
8q2c	100	1	0	1121
N5	100	1	0	00
1	100	0	0	1
4j	100	1	0	41
1	100	0	0	1
4j	100	1	0	41
1	100	0	0	1
4j	100	1	0	41
G1	100	1	0	10
4j6n	100	1	0	4131
E1	100	1	0	00
5	100	0	0	1
2	100	1	0	0
5	100	0	0	1
2	100	1	0	0
5	100	0	0	1
2	100	1	0	0
P5	100	1	0	10
8t2	100	1	0	410
N5	100	1	0	00
1	100	0	0	1
6n	100	1	0	31
1	100	0	0	1
6n	100	1	0	31
1	100	0	0	1
6n	100	1	0	31
G1	100	1	0	10
6n4h	100	1	0	3121
E1	100	1	0	00
5	100	0	0	1
2e	100	1	0	41
5	100	0	0	1
2e	100	1	0	41
5	100	0	0	1
2e	100	1	0	41
P5	100	1	0	10
2e8	100	1	0	410
N5	100	1	0	00
1	100	0	0	1
6o	100	1	0	41
1	100	0	0	1
6o	100	1	0	41
1	100	0	0	1
6o	100	1	0	41
G1	100	1	0	10
6o4j	100	1	0	4141
E1	100	1	0	00
5	100	0	0	1
2d	100	1	0	31
5	100	0	0	1
2d	100	1	0	31
5	100	0	0	1
2d	100	1	0	31
P5	100	1	0	10
2d8t	100	1	0	3141
N5	100	1	0	00
1	100	0	0	1
4g	100	1	0	11
1	100	0	0	1
4g	100	1	0	11
1	100	0	0	1
4g	100	1	0	11
G1	100	1	0	10
4g6l	100	1	0	1111
E1	100	1	0	00
5	100	0	0	1
8t	100	1	0	41
5	100	0	0	1
8t	100	1	0	41
5	100	0	0	1
8t	100	1	0	41
P5	100	1	0	10
8t2b	100	1	0	4111
N5	100	1	0	00
1	100	0	0	1
4k	100	1	0	51
1	100	0	0	1
4k	100	1	0	51
1	100	0	0	1
4k	100	1	0	51
G1	100	1	0	10
4k6o	100	1	0	5141
E1	100	1	0	00
5	100	0	0	1
2d	100	1	0	31
5	100	0	0	1
2d	100	1	0	31
5	100	0	0	1
2d	100	1	0	31
P5	100	1	0	10
2d8	100	1	0	310
N5	100	1	0	00
1	100	0	0	1
4g	100	1	0	11
1	100	0	0	1
4g	100	1	0	11
1	100	0	0	1
4g	100	1	0	11
G1	100	1	0	10
4g6p	100	1	0	1151
E1	100	1	0	00
5	100	0	0	1
2	100	1	0	0
5	100	0	0	1
2	100	1	0	0
5	100	0	0	1
2	100	1	0	0
P5	100	1	0	10
8t2	100	1	0	410
N5	100	1	0	00
1	100	0	0	1
6m	100	1	0	21
1	100	0	0	1
6m	100	1	0	21
1	100	0	0	1
6m	100	1	0	21
G1	100	1	0	10
6m4h	100	1	0	2121
E1	100	1	0	00
5	100	0	0	1
8s	100	1	0	31
5	100	0	0	1
8s	100	1	0	31
5	100	0	0	1
8s	100	1	0	31
P5	100	1	0	10
8s2b	100	1	0	3111
N5	100	1	0	00
1	100	0	0	1
6m	100	1	0	21
1	100	0	0	1
6m	100	1	0	21
1	100	0	0	1
6m	100	1	0	21
G1	100	1	0	10
6m4g	100	1	0	2111
E1	100	1	0	00
5	100	0	0	1
2b	100	1	0	11
5	100	0	0	1
2b	100	1	0	11
5	100	0	0	1
2b	100	1	0	11
P5	100	1	0	10
2b8q	100	1	0	1111
N5	100	1	0	00
1	100	0	0	1
6l	100	1	0	11
1	100	0	0	1
6l	100	1	0	11
1	100	0	0	1
6l	100	1	0	11
G1	100	1	0	10
6l4i	100	1	0	1131
E1	100	1	0	00
5	100	0	0	1
8r	100	1	0	21
5	100	0	0	1
8r	100	1	0	21
5	100	0	0	1
8r	100	1	0	21
P5	100	1	0	10
8r2c	100	1	0	2121
N5	100	1	0	00
1	100	0	0	1
4j	100	1	0	41
1	100	0	0	1
4j	100	1	0	41
1	100	0	0	1
4j	100	1	0	41
G1	100	1	0	10
4j6p	100	1	0	4151
E1	100	1	0	00
5	100	0	0	1
8s	100	1	0	31
5	100	0	0	1
8s	100	1	0	31
5	100	0	0	1
8s	100	1	0	31
P5	100	1	0	10
8s2c	100	1	0	3121
N5	100	1	0	00
1	100	0	0	1
6p	100	1	0	51
1	100	0	0	1
6p	100	1	0	51
1	100	0	0	1
6p	100	1	0	51
G1	100	1	0	10
6p4j	100	1	0	5141
E1	100	1	0	00
5	100	0	0	1
2e	100	1	0	41
5	100	0	0	1
2e	100	1	0	41
5	100	0	0	1
2e	100	1	0	41
P5	100	1	0	10
2e8r	100	1	0	4121
N5	100	1	0	00
1	100	0	0	1
4h	100	1	0	21
1	100	0	0	1
4h	100	1	0	21
1	100	0	0	1
4h	100	1	0	21
G1	100	1	0	10
4h6n	100	1	0	2131
E1	100	1	0	00
5	100	0	0	1
8	100	1	0	0
5	100	0	0	1
8	100	1	0	0
5	100	0	0	1
8	100	1	0	0
P5	100	1	0	10
2c8	100	1	0	210
N5	100	1	0	00
