Ver1.3	2068908782	StartFile	8/18/2020	10:46:07 AM	E:\BehavioralExperiments\Ratzo\RatData_Ratzo\Rawdata\081820A\SoundData.txt	2068908782
2069188239	Triggered	5,23,24,25,26,27,28,29,30,31,	 NoSound	40	2	2069188239
2069188440	Triggered	5,23,24,25,26,27,28,29,30,31,	 StopSoundShort	40	2	2069188440
2069201348	Triggered	1,14,15,16,17,18,19,20,21,22,	 NoSound	40	2	2069201348
2069207891	Triggered	6,47,48,49,50,51,	 NoSound	40	2	2069207891
2069208092	Triggered	6,47,48,49,50,51,	 File_beep1	40	2	2069208092
2069224666	Triggered	1,14,15,16,17,18,19,20,21,22,	 NoSound	40	2	2069224666
2069224868	Triggered	1,14,15,16,17,18,19,20,21,22,	 PureTone-1kHz	40	2	2069224868
2069230081	Triggered	4,42,43,44,45,46,	 NoSound	40	2	2069230081
2069230282	Triggered	4,42,43,44,45,46,	 File_beep2	40	2	2069230282
2069244520	Triggered	1,14,15,16,17,18,19,20,21,22,	 NoSound	40	2	2069244520
2069244722	Triggered	1,14,15,16,17,18,19,20,21,22,	 StopSoundLong	40	2	2069244722
2069254745	Triggered	5,23,24,25,26,27,28,29,30,31,	 NoSound	40	2	2069254745
2069259963	Triggered	8,52,53,54,55,56,	 NoSound	40	2	2069259963
2069260164	Triggered	8,52,53,54,55,56,	 File_beep2	40	2	2069260164
2069277272	Triggered	5,23,24,25,26,27,28,29,30,31,	 NoSound	40	2	2069277272
2069277477	Triggered	5,23,24,25,26,27,28,29,30,31,	 PureTone-9kHz	40	2	2069277477
2069282617	Triggered	2,37,38,39,40,41,	 NoSound	40	2	2069282617
2069282819	Triggered	2,37,38,39,40,41,	 File_beep3	40	2	2069282819
2069296521	Triggered	5,23,24,25,26,27,28,29,30,31,	 NoSound	40	2	2069296521
2069296724	Triggered	5,23,24,25,26,27,28,29,30,31,	 PureTone-7kHz	40	2	2069296724
2069300869	Triggered	8,52,53,54,55,56,	 NoSound	40	2	2069300869
2069301071	Triggered	8,52,53,54,55,56,	 File_beep2	40	2	2069301071
2069314836	Triggered	5,23,24,25,26,27,28,29,30,31,	 NoSound	40	2	2069314836
2069315039	Triggered	5,23,24,25,26,27,28,29,30,31,	 PureTone-5kHz	40	2	2069315039
2069318579	Triggered	8,52,53,54,55,56,	 NoSound	40	2	2069318579
2069318781	Triggered	8,52,53,54,55,56,	 File_beep2	40	2	2069318781
2069331277	Triggered	5,23,24,25,26,27,28,29,30,31,	 NoSound	40	2	2069331277
2069331480	Triggered	5,23,24,25,26,27,28,29,30,31,	 PureTone-3kHz	40	2	2069331480
2069335089	Triggered	8,52,53,54,55,56,	 NoSound	40	2	2069335089
2069335290	Triggered	8,52,53,54,55,56,	 File_beep2	40	2	2069335290
2069349793	Triggered	5,23,24,25,26,27,28,29,30,31,	 NoSound	40	2	2069349793
2069349995	Triggered	5,23,24,25,26,27,28,29,30,31,	 PureTone-2kHz	40	2	2069349995
2069353336	Triggered	8,52,53,54,55,56,	 NoSound	40	2	2069353336
2069353538	Triggered	8,52,53,54,55,56,	 File_beep2	40	2	2069353538
2069365634	Triggered	5,23,24,25,26,27,28,29,30,31,	 NoSound	40	2	2069365634
2069365836	Triggered	5,23,24,25,26,27,28,29,30,31,	 PureTone-1kHz	40	2	2069365836
2069369384	Triggered	8,52,53,54,55,56,	 NoSound	40	2	2069369384
2069369586	Triggered	8,52,53,54,55,56,	 File_beep2	40	2	2069369586
2069383548	Triggered	5,23,24,25,26,27,28,29,30,31,	 NoSound	40	2	2069383548
2069383762	Triggered	5,23,24,25,26,27,28,29,30,31,	 StopSoundShort	40	2	2069383762
2069397718	Triggered	1,14,15,16,17,18,19,20,21,22,	 NoSound	40	2	2069397718
2069401595	Triggered	6,47,48,49,50,51,	 NoSound	40	2	2069401595
2069401809	Triggered	6,47,48,49,50,51,	 File_beep2	40	2	2069401809
2069417303	Triggered	1,14,15,16,17,18,19,20,21,22,	 NoSound	40	2	2069417303
2069417504	Triggered	1,14,15,16,17,18,19,20,21,22,	 PureTone-1kHz	40	2	2069417504
2069420778	Triggered	4,42,43,44,45,46,	 NoSound	40	2	2069420778
2069420979	Triggered	4,42,43,44,45,46,	 File_beep3	40	2	2069420979
2069436220	Triggered	1,14,15,16,17,18,19,20,21,22,	 NoSound	40	2	2069436220
2069436420	Triggered	1,14,15,16,17,18,19,20,21,22,	 StopSoundLong	40	2	2069436420
2069450455	Triggered	8,52,53,54,55,56,	 NoSound	40	2	2069450455
2069450669	Triggered	8,52,53,54,55,56,	 File_beep1	40	2	2069450669
2069458611	Triggered	5,23,24,25,26,27,28,29,30,31,	 NoSound	40	2	2069458611
2069458815	Triggered	5,23,24,25,26,27,28,29,30,31,	 PureTone-9kHz	40	2	2069458815
2069461885	Triggered	8,52,53,54,55,56,	 NoSound	40	2	2069461885
2069462088	Triggered	8,52,53,54,55,56,	 File_beep1	40	2	2069462088
2069471110	Triggered	5,23,24,25,26,27,28,29,30,31,	 NoSound	40	2	2069471110
2069471313	Triggered	5,23,24,25,26,27,28,29,30,31,	 PureTone-7kHz	40	2	2069471313
2069474586	Triggered	8,52,53,54,55,56,	 NoSound	40	2	2069474586
2069474786	Triggered	8,52,53,54,55,56,	 File_beep1	40	2	2069474786
2069487686	Triggered	5,23,24,25,26,27,28,29,30,31,	 NoSound	40	2	2069487686
2069487888	Triggered	5,23,24,25,26,27,28,29,30,31,	 PureTone-5kHz	40	2	2069487888
2069490894	Triggered	8,52,53,54,55,56,	 NoSound	40	2	2069490894
2069491095	Triggered	8,52,53,54,55,56,	 File_beep1	40	2	2069491095
2069501789	Triggered	5,23,24,25,26,27,28,29,30,31,	 NoSound	40	2	2069501789
2069501992	Triggered	5,23,24,25,26,27,28,29,30,31,	 PureTone-3kHz	40	2	2069501992
2069505133	Triggered	8,52,53,54,55,56,	 NoSound	40	2	2069505133
2069505333	Triggered	8,52,53,54,55,56,	 File_beep1	40	2	2069505333
2069513554	Triggered	5,23,24,25,26,27,28,29,30,31,	 NoSound	40	2	2069513554
2069513756	Triggered	5,23,24,25,26,27,28,29,30,31,	 PureTone-2kHz	40	2	2069513756
2069516629	Triggered	8,52,53,54,55,56,	 NoSound	40	2	2069516629
2069516830	Triggered	8,52,53,54,55,56,	 File_beep1	40	2	2069516830
2069524248	Triggered	5,23,24,25,26,27,28,29,30,31,	 NoSound	40	2	2069524248
2069524450	Triggered	5,23,24,25,26,27,28,29,30,31,	 PureTone-1kHz	40	2	2069524450
2069527522	Triggered	8,52,53,54,55,56,	 NoSound	40	2	2069527522
2069527723	Triggered	8,52,53,54,55,56,	 File_beep1	40	2	2069527723
2069537550	Triggered	5,23,24,25,26,27,28,29,30,31,	 NoSound	40	2	2069537550
2069537750	Triggered	5,23,24,25,26,27,28,29,30,31,	 StopSoundShort	40	2	2069537750
2069551986	Triggered	4,42,43,44,45,46,	 NoSound	40	2	2069551986
2069552189	Triggered	4,42,43,44,45,46,	 File_beep2	40	2	2069552189
2069563617	Triggered	1,14,15,16,17,18,19,20,21,22,	 NoSound	40	2	2069563617
2069563819	Triggered	1,14,15,16,17,18,19,20,21,22,	 PureTone-1kHz	40	2	2069563819
2069567366	Triggered	4,42,43,44,45,46,	 NoSound	40	2	2069567366
2069567568	Triggered	4,42,43,44,45,46,	 File_beep2	40	2	2069567568
2069580327	Triggered	1,14,15,16,17,18,19,20,21,22,	 NoSound	40	2	2069580327
2069580529	Triggered	1,14,15,16,17,18,19,20,21,22,	 StopSoundLong	40	2	2069580529
2069594969	Triggered	2,37,38,39,40,41,	 NoSound	40	2	2069594969
2069595171	Triggered	2,37,38,39,40,41,	 File_beep2	40	2	2069595171
2069605058	Triggered	5,23,24,25,26,27,28,29,30,31,	 NoSound	40	2	2069605058
2069605263	Triggered	5,23,24,25,26,27,28,29,30,31,	 PureTone-9kHz	40	2	2069605263
2069607731	Triggered	8,52,53,54,55,56,	 NoSound	40	2	2069607731
2069607932	Triggered	8,52,53,54,55,56,	 File_beep1	40	2	2069607932
2069617223	Triggered	5,23,24,25,26,27,28,29,30,31,	 NoSound	40	2	2069617223
2069617425	Triggered	5,23,24,25,26,27,28,29,30,31,	 PureTone-7kHz	40	2	2069617425
2069620298	Triggered	8,52,53,54,55,56,	 NoSound	40	2	2069620298
2069620498	Triggered	8,52,53,54,55,56,	 File_beep1	40	2	2069620498
2069629990	Triggered	5,23,24,25,26,27,28,29,30,31,	 NoSound	40	2	2069629990
2069630192	Triggered	5,23,24,25,26,27,28,29,30,31,	 PureTone-5kHz	40	2	2069630192
2069633064	Triggered	8,52,53,54,55,56,	 NoSound	40	2	2069633064
2069633266	Triggered	8,52,53,54,55,56,	 File_beep1	40	2	2069633266
2069642562	Triggered	5,23,24,25,26,27,28,29,30,31,	 NoSound	40	2	2069642562
2069642765	Triggered	5,23,24,25,26,27,28,29,30,31,	 PureTone-3kHz	40	2	2069642765
2069645564	Triggered	8,52,53,54,55,56,	 NoSound	40	2	2069645564
2069645766	Triggered	8,52,53,54,55,56,	 File_beep1	40	2	2069645766
2069653050	Triggered	5,23,24,25,26,27,28,29,30,31,	 NoSound	40	2	2069653050
2069653252	Triggered	5,23,24,25,26,27,28,29,30,31,	 PureTone-2kHz	40	2	2069653252
2069655993	Triggered	8,52,53,54,55,56,	 NoSound	40	2	2069655993
2069656194	Triggered	8,52,53,54,55,56,	 File_beep1	40	2	2069656194
2069663745	Triggered	5,23,24,25,26,27,28,29,30,31,	 NoSound	40	2	2069663745
2069663947	Triggered	5,23,24,25,26,27,28,29,30,31,	 PureTone-1kHz	40	2	2069663947
2069666754	Triggered	8,52,53,54,55,56,	 NoSound	40	2	2069666754
2069666955	Triggered	8,52,53,54,55,56,	 File_beep1	40	2	2069666955
2069675115	Triggered	5,23,24,25,26,27,28,29,30,31,	 NoSound	40	2	2069675115
2069675315	Triggered	5,23,24,25,26,27,28,29,30,31,	 StopSoundShort	40	2	2069675315
2069693490	Triggered	1,14,15,16,17,18,19,20,21,22,	 NoSound	40	2	2069693490
2069696978	Triggered	6,47,48,49,50,51,	 NoSound	40	2	2069696978
2069697178	Triggered	6,47,48,49,50,51,	 File_beep1	40	2	2069697178
2069706122	Triggered	1,14,15,16,17,18,19,20,21,22,	 NoSound	40	2	2069706122
2069706323	Triggered	1,14,15,16,17,18,19,20,21,22,	 PureTone-1kHz	40	2	2069706323
2069709263	Triggered	4,42,43,44,45,46,	 NoSound	40	2	2069709263
2069714945	Triggered	1,14,15,16,17,18,19,20,21,22,	 NoSound	40	2	2069714945
2069715146	Triggered	1,14,15,16,17,18,19,20,21,22,	 StopSoundLong	40	2	2069715146
2069729651	Triggered	8,52,53,54,55,56,	 NoSound	40	2	2069729651
2069729854	Triggered	8,52,53,54,55,56,	 File_beep1	40	2	2069729854
2069743619	Triggered	5,23,24,25,26,27,28,29,30,31,	 NoSound	40	2	2069743619
2069743824	Triggered	5,23,24,25,26,27,28,29,30,31,	 PureTone-9kHz	40	2	2069743824
2069747296	Triggered	8,52,53,54,55,56,	 NoSound	40	2	2069747296
2069747509	Triggered	8,52,53,54,55,56,	 File_beep1	40	2	2069747509
2069758860	Triggered	5,23,24,25,26,27,28,29,30,31,	 NoSound	40	2	2069758860
2069759077	Triggered	5,23,24,25,26,27,28,29,30,31,	 PureTone-7kHz	40	2	2069759077
2069762403	Triggered	8,52,53,54,55,56,	 NoSound	40	2	2069762403
2069762618	Triggered	8,52,53,54,55,56,	 File_beep1	40	2	2069762618
2069769553	Triggered	5,23,24,25,26,27,28,29,30,31,	 NoSound	40	2	2069769553
2069769757	Triggered	5,23,24,25,26,27,28,29,30,31,	 PureTone-5kHz	40	2	2069769757
2069773230	Triggered	8,52,53,54,55,56,	 NoSound	40	2	2069773230
2069773431	Triggered	8,52,53,54,55,56,	 File_beep1	40	2	2069773431
2069783791	Triggered	5,23,24,25,26,27,28,29,30,31,	 NoSound	40	2	2069783791
2069783994	Triggered	5,23,24,25,26,27,28,29,30,31,	 PureTone-3kHz	40	2	2069783994
2069787468	Triggered	8,52,53,54,55,56,	 NoSound	40	2	2069787468
2069787670	Triggered	8,52,53,54,55,56,	 File_beep1	40	2	2069787670
2069798297	Triggered	5,23,24,25,26,27,28,29,30,31,	 NoSound	40	2	2069798297
2069798500	Triggered	5,23,24,25,26,27,28,29,30,31,	 PureTone-2kHz	40	2	2069798500
2069802640	Triggered	8,52,53,54,55,56,	 NoSound	40	2	2069802640
2069802841	Triggered	8,52,53,54,55,56,	 File_beep1	40	2	2069802841
2069814404	Triggered	5,23,24,25,26,27,28,29,30,31,	 NoSound	40	2	2069814404
2069814607	Triggered	5,23,24,25,26,27,28,29,30,31,	 PureTone-1kHz	40	2	2069814607
2069819151	Triggered	8,52,53,54,55,56,	 NoSound	40	2	2069819151
2069819351	Triggered	8,52,53,54,55,56,	 File_beep1	40	2	2069819351
2069829442	Triggered	5,23,24,25,26,27,28,29,30,31,	 NoSound	40	2	2069829442
2069829644	Triggered	5,23,24,25,26,27,28,29,30,31,	 StopSoundShort	40	2	2069829644
2069847359	Triggered	4,42,43,44,45,46,	 NoSound	40	2	2069847359
2069847562	Triggered	4,42,43,44,45,46,	 File_beep1	40	2	2069847562
2069858119	Triggered	1,14,15,16,17,18,19,20,21,22,	 NoSound	40	2	2069858119
2069858320	Triggered	1,14,15,16,17,18,19,20,21,22,	 PureTone-1kHz	40	2	2069858320
2069862530	Triggered	6,47,48,49,50,51,	 NoSound	40	2	2069862530
2069877100	Triggered	1,14,15,16,17,18,19,20,21,22,	 NoSound	40	2	2069877100
2069877300	Triggered	1,14,15,16,17,18,19,20,21,22,	 StopSoundLong	40	2	2069877300
2069888530	Triggered	5,23,24,25,26,27,28,29,30,31,	 NoSound	40	2	2069888530
2069892675	Triggered	2,37,38,39,40,41,	 NoSound	40	2	2069892675
2069892876	Triggered	2,37,38,39,40,41,	 File_beep2	40	2	2069892876
2069903704	Triggered	5,23,24,25,26,27,28,29,30,31,	 NoSound	40	2	2069903704
2069903908	Triggered	5,23,24,25,26,27,28,29,30,31,	 PureTone-9kHz	40	2	2069903908
2069908918	Triggered	8,52,53,54,55,56,	 NoSound	40	2	2069908918
2069909120	Triggered	8,52,53,54,55,56,	 File_beep1	40	2	2069909120
2069918207	Triggered	5,23,24,25,26,27,28,29,30,31,	 NoSound	40	2	2069918207
2069918410	Triggered	5,23,24,25,26,27,28,29,30,31,	 PureTone-7kHz	40	2	2069918410
2069922552	Triggered	8,52,53,54,55,56,	 NoSound	40	2	2069922552
2069922753	Triggered	8,52,53,54,55,56,	 File_beep1	40	2	2069922753
2069934192	Triggered	5,23,24,25,26,27,28,29,30,31,	 NoSound	40	2	2069934192
2069934396	Triggered	5,23,24,25,26,27,28,29,30,31,	 PureTone-5kHz	40	2	2069934396
2069938661	Triggered	8,52,53,54,55,56,	 NoSound	40	2	2069938661
2069938862	Triggered	8,52,53,54,55,56,	 File_beep1	40	2	2069938862
2069949496	Triggered	5,23,24,25,26,27,28,29,30,31,	 NoSound	40	2	2069949496
2069949698	Triggered	5,23,24,25,26,27,28,29,30,31,	 PureTone-3kHz	40	2	2069949698
2069953567	Triggered	8,52,53,54,55,56,	 NoSound	40	2	2069953567
2069953767	Triggered	8,52,53,54,55,56,	 File_beep1	40	2	2069953767
2069962189	Triggered	5,23,24,25,26,27,28,29,30,31,	 NoSound	40	2	2069962189
2069962392	Triggered	5,23,24,25,26,27,28,29,30,31,	 PureTone-2kHz	40	2	2069962392
2069965939	Triggered	8,52,53,54,55,56,	 NoSound	40	2	2069965939
2069966140	Triggered	8,52,53,54,55,56,	 File_beep1	40	2	2069966140
2069974354	Triggered	5,23,24,25,26,27,28,29,30,31,	 NoSound	40	2	2069974354
2069974556	Triggered	5,23,24,25,26,27,28,29,30,31,	 PureTone-1kHz	40	2	2069974556
2069978097	Triggered	8,52,53,54,55,56,	 NoSound	40	2	2069978097
2069978297	Triggered	8,52,53,54,55,56,	 File_beep1	40	2	2069978297
2069988858	Triggered	5,23,24,25,26,27,28,29,30,31,	 NoSound	40	2	2069988858
2069989059	Triggered	5,23,24,25,26,27,28,29,30,31,	 StopSoundShort	40	2	2069989059
2070004567	Triggered	1,14,15,16,17,18,19,20,21,22,	 NoSound	40	2	2070004567
2070008049	Triggered	6,47,48,49,50,51,	 NoSound	40	2	2070008049
2070008251	Triggered	6,47,48,49,50,51,	 File_beep2	40	2	2070008251
2070022421	Triggered	1,14,15,16,17,18,19,20,21,22,	 NoSound	40	2	2070022421
2070022622	Triggered	1,14,15,16,17,18,19,20,21,22,	 PureTone-1kHz	40	2	2070022622
2070025621	Triggered	4,42,43,44,45,46,	 NoSound	40	2	2070025621
2070025823	Triggered	4,42,43,44,45,46,	 File_beep3	40	2	2070025823
2070040326	Triggered	1,14,15,16,17,18,19,20,21,22,	 NoSound	40	2	2070040326
2070040529	Triggered	1,14,15,16,17,18,19,20,21,22,	 StopSoundLong	40	2	2070040529
2070054163	Triggered	5,23,24,25,26,27,28,29,30,31,	 NoSound	40	2	2070054163
2070058641	Triggered	8,52,53,54,55,56,	 NoSound	40	2	2070058641
2070058842	Triggered	8,52,53,54,55,56,	 File_beep2	40	2	2070058842
2070071139	Triggered	5,23,24,25,26,27,28,29,30,31,	 NoSound	40	2	2070071139
2070071343	Triggered	5,23,24,25,26,27,28,29,30,31,	 PureTone-9kHz	40	2	2070071343
2070074817	Triggered	8,52,53,54,55,56,	 NoSound	40	2	2070074817
2070075018	Triggered	8,52,53,54,55,56,	 File_beep2	40	2	2070075018
2070083571	Triggered	5,23,24,25,26,27,28,29,30,31,	 NoSound	40	2	2070083571
2070083774	Triggered	5,23,24,25,26,27,28,29,30,31,	 PureTone-7kHz	40	2	2070083774
2070087048	Triggered	8,52,53,54,55,56,	 NoSound	40	2	2070087048
2070087249	Triggered	8,52,53,54,55,56,	 File_beep2	40	2	2070087249
2070099079	Triggered	5,23,24,25,26,27,28,29,30,31,	 NoSound	40	2	2070099079
2070099283	Triggered	5,23,24,25,26,27,28,29,30,31,	 PureTone-5kHz	40	2	2070099283
2070102087	Triggered	8,52,53,54,55,56,	 NoSound	40	2	2070102087
2070102288	Triggered	8,52,53,54,55,56,	 File_beep2	40	2	2070102288
2070114386	Triggered	5,23,24,25,26,27,28,29,30,31,	 NoSound	40	2	2070114386
2070114588	Triggered	5,23,24,25,26,27,28,29,30,31,	 PureTone-3kHz	40	2	2070114588
2070117728	Triggered	8,52,53,54,55,56,	 NoSound	40	2	2070117728
2070117930	Triggered	8,52,53,54,55,56,	 File_beep2	40	2	2070117930
2070130428	Triggered	5,23,24,25,26,27,28,29,30,31,	 NoSound	40	2	2070130428
2070130632	Triggered	5,23,24,25,26,27,28,29,30,31,	 PureTone-2kHz	40	2	2070130632
2070133569	Triggered	8,52,53,54,55,56,	 NoSound	40	2	2070133569
2070133781	Triggered	8,52,53,54,55,56,	 File_beep2	40	2	2070133781
2070143128	Triggered	5,23,24,25,26,27,28,29,30,31,	 NoSound	40	2	2070143128
2070143329	Triggered	5,23,24,25,26,27,28,29,30,31,	 PureTone-1kHz	40	2	2070143329
2070146470	Triggered	8,52,53,54,55,56,	 NoSound	40	2	2070146470
2070146671	Triggered	8,52,53,54,55,56,	 File_beep2	40	2	2070146671
2070159236	Triggered	5,23,24,25,26,27,28,29,30,31,	 NoSound	40	2	2070159236
2070159437	Triggered	5,23,24,25,26,27,28,29,30,31,	 StopSoundShort	40	2	2070159437
2070172672	Triggered	1,14,15,16,17,18,19,20,21,22,	 NoSound	40	2	2070172672
2070176548	Triggered	6,47,48,49,50,51,	 NoSound	40	2	2070176548
2070176750	Triggered	6,47,48,49,50,51,	 File_beep1	40	2	2070176750
2070222536	Triggered	1,14,15,16,17,18,19,20,21,22,	 NoSound	40	2	2070222536
2070222737	Triggered	1,14,15,16,17,18,19,20,21,22,	 PureTone-1kHz	40	2	2070222737
2070225409	Triggered	4,42,43,44,45,46,	 NoSound	40	2	2070225409
2070244324	Triggered	1,14,15,16,17,18,19,20,21,22,	 NoSound	40	2	2070244324
2070244525	Triggered	1,14,15,16,17,18,19,20,21,22,	 StopSoundLong	40	2	2070244525
2070286235	Triggered	5,23,24,25,26,27,28,29,30,31,	 NoSound	40	2	2070286235
2070290845	Triggered	8,52,53,54,55,56,	 NoSound	40	2	2070290845
2070291047	Triggered	8,52,53,54,55,56,	 File_beep2	40	2	2070291047
2070308827	Triggered	5,23,24,25,26,27,28,29,30,31,	 NoSound	40	2	2070308827
2070309030	Triggered	5,23,24,25,26,27,28,29,30,31,	 PureTone-9kHz	40	2	2070309030
2070311701	Triggered	8,52,53,54,55,56,	 NoSound	40	2	2070311701
2070311903	Triggered	8,52,53,54,55,56,	 File_beep2	40	2	2070311903
2070325871	Triggered	5,23,24,25,26,27,28,29,30,31,	 NoSound	40	2	2070325871
2070326074	Triggered	5,23,24,25,26,27,28,29,30,31,	 PureTone-7kHz	40	2	2070326074
2070329548	Triggered	8,52,53,54,55,56,	 NoSound	40	2	2070329548
2070329749	Triggered	8,52,53,54,55,56,	 File_beep2	40	2	2070329749
2070343183	Triggered	5,23,24,25,26,27,28,29,30,31,	 NoSound	40	2	2070343183
2070343388	Triggered	5,23,24,25,26,27,28,29,30,31,	 PureTone-5kHz	40	2	2070343388
2070346666	Triggered	8,52,53,54,55,56,	 NoSound	40	2	2070346666
2070346868	Triggered	8,52,53,54,55,56,	 File_beep2	40	2	2070346868
2070357621	Triggered	5,23,24,25,26,27,28,29,30,31,	 NoSound	40	2	2070357621
2070357824	Triggered	5,23,24,25,26,27,28,29,30,31,	 PureTone-3kHz	40	2	2070357824
2070361096	Triggered	8,52,53,54,55,56,	 NoSound	40	2	2070361096
2070361298	Triggered	8,52,53,54,55,56,	 File_beep2	40	2	2070361298
2070375334	Triggered	5,23,24,25,26,27,28,29,30,31,	 NoSound	40	2	2070375334
2070375536	Triggered	5,23,24,25,26,27,28,29,30,31,	 PureTone-2kHz	40	2	2070375536
2070379209	Triggered	8,52,53,54,55,56,	 NoSound	40	2	2070379209
2070379411	Triggered	8,52,53,54,55,56,	 File_beep2	40	2	2070379411
2070395854	Triggered	5,23,24,25,26,27,28,29,30,31,	 NoSound	40	2	2070395854
2070396055	Triggered	5,23,24,25,26,27,28,29,30,31,	 PureTone-1kHz	40	2	2070396055
2070399128	Triggered	8,52,53,54,55,56,	 NoSound	40	2	2070399128
2070399330	Triggered	8,52,53,54,55,56,	 File_beep2	40	2	2070399330
2070413498	Triggered	5,23,24,25,26,27,28,29,30,31,	 NoSound	40	2	2070413498
2070413700	Triggered	5,23,24,25,26,27,28,29,30,31,	 StopSoundShort	40	2	2070413700
2070434019	Triggered	1,14,15,16,17,18,19,20,21,22,	 NoSound	40	2	2070434019
2070438431	Triggered	6,47,48,49,50,51,	 NoSound	40	2	2070438431
2070438632	Triggered	6,47,48,49,50,51,	 File_beep1	40	2	2070438632
2070454005	Triggered	1,14,15,16,17,18,19,20,21,22,	 NoSound	40	2	2070454005
2070454208	Triggered	1,14,15,16,17,18,19,20,21,22,	 PureTone-1kHz	40	2	2070454208
2070465702	Triggered	4,42,43,44,45,46,	 NoSound	40	2	2070465702
2070465918	Triggered	4,42,43,44,45,46,	 File_beep2	40	2	2070465918
2070488561	Triggered	1,14,15,16,17,18,19,20,21,22,	 NoSound	40	2	2070488561
2070488763	Triggered	1,14,15,16,17,18,19,20,21,22,	 StopSoundLong	40	2	2070488763
2070525725	Triggered	5,23,24,25,26,27,28,29,30,31,	 NoSound	40	2	2070525725
2070531543	Triggered	8,52,53,54,55,56,	 NoSound	40	2	2070531543
2070531744	Triggered	8,52,53,54,55,56,	 File_beep1	40	2	2070531744
2070549119	Triggered	5,23,24,25,26,27,28,29,30,31,	 NoSound	40	2	2070549119
2070549335	Triggered	5,23,24,25,26,27,28,29,30,31,	 PureTone-9kHz	40	2	2070549335
2070553732	Triggered	8,52,53,54,55,56,	 NoSound	40	2	2070553732
2070553933	Triggered	8,52,53,54,55,56,	 File_beep1	40	2	2070553933
2070568838	Triggered	5,23,24,25,26,27,28,29,30,31,	 NoSound	40	2	2070568838
2070569041	Triggered	5,23,24,25,26,27,28,29,30,31,	 PureTone-7kHz	40	2	2070569041
2070573450	Triggered	8,52,53,54,55,56,	 NoSound	40	2	2070573450
2070573650	Triggered	8,52,53,54,55,56,	 File_beep1	40	2	2070573650
2070592231	Triggered	5,23,24,25,26,27,28,29,30,31,	 NoSound	40	2	2070592231
2070592435	Triggered	5,23,24,25,26,27,28,29,30,31,	 PureTone-5kHz	40	2	2070592435
2070595975	Triggered	8,52,53,54,55,56,	 NoSound	40	2	2070595975
2070596175	Triggered	8,52,53,54,55,56,	 File_beep1	40	2	2070596175
2070607939	Triggered	5,23,24,25,26,27,28,29,30,31,	 NoSound	40	2	2070607939
2070608141	Triggered	5,23,24,25,26,27,28,29,30,31,	 PureTone-3kHz	40	2	2070608141
2070611749	Triggered	8,52,53,54,55,56,	 NoSound	40	2	2070611749
2070611949	Triggered	8,52,53,54,55,56,	 File_beep1	40	2	2070611949
2070624649	Triggered	5,23,24,25,26,27,28,29,30,31,	 NoSound	40	2	2070624649
2070624851	Triggered	5,23,24,25,26,27,28,29,30,31,	 PureTone-2kHz	40	2	2070624851
2070628191	Triggered	8,52,53,54,55,56,	 NoSound	40	2	2070628191
2070628392	Triggered	8,52,53,54,55,56,	 File_beep1	40	2	2070628392
2070640023	Triggered	5,23,24,25,26,27,28,29,30,31,	 NoSound	40	2	2070640023
2070640224	Triggered	5,23,24,25,26,27,28,29,30,31,	 PureTone-1kHz	40	2	2070640224
2070644166	Triggered	8,52,53,54,55,56,	 NoSound	40	2	2070644166
2070644367	Triggered	8,52,53,54,55,56,	 File_beep1	40	2	2070644367
2070655535	Triggered	5,23,24,25,26,27,28,29,30,31,	 NoSound	40	2	2070655535
2070655736	Triggered	5,23,24,25,26,27,28,29,30,31,	 StopSoundShort	40	2	2070655736
2070682066	Triggered	1,14,15,16,17,18,19,20,21,22,	 NoSound	40	2	2070682066
2070685742	Triggered	4,42,43,44,45,46,	 NoSound	40	2	2070685742
2070685956	Triggered	4,42,43,44,45,46,	 File_beep1	40	2	2070685956
2070697253	Triggered	1,14,15,16,17,18,19,20,21,22,	 NoSound	40	2	2070697253
2070697455	Triggered	1,14,15,16,17,18,19,20,21,22,	 PureTone-1kHz	40	2	2070697455
2070702252	Triggered	6,47,48,49,50,51,	 NoSound	40	2	2070702252
2070702452	Triggered	6,47,48,49,50,51,	 File_beep2	40	2	2070702452
2070716021	Triggered	1,14,15,16,17,18,19,20,21,22,	 NoSound	40	2	2070716021
2070716222	Triggered	1,14,15,16,17,18,19,20,21,22,	 StopSoundLong	40	2	2070716222
2070742157	Triggered	5,23,24,25,26,27,28,29,30,31,	 NoSound	40	2	2070742157
2070746436	Triggered	2,37,38,39,40,41,	 NoSound	40	2	2070746436
2070746637	Triggered	2,37,38,39,40,41,	 File_beep1	40	2	2070746637
2070757128	Triggered	5,23,24,25,26,27,28,29,30,31,	 NoSound	40	2	2070757128
2070757331	Triggered	5,23,24,25,26,27,28,29,30,31,	 PureTone-9kHz	40	2	2070757331
2070760738	Triggered	8,52,53,54,55,56,	 NoSound	40	2	2070760738
2070760939	Triggered	8,52,53,54,55,56,	 File_beep2	40	2	2070760939
2070773839	Triggered	5,23,24,25,26,27,28,29,30,31,	 NoSound	40	2	2070773839
2070774042	Triggered	5,23,24,25,26,27,28,29,30,31,	 PureTone-7kHz	40	2	2070774042
2070777314	Triggered	8,52,53,54,55,56,	 NoSound	40	2	2070777314
2070777516	Triggered	8,52,53,54,55,56,	 File_beep2	40	2	2070777516
2070788678	Triggered	5,23,24,25,26,27,28,29,30,31,	 NoSound	40	2	2070788678
2070788880	Triggered	5,23,24,25,26,27,28,29,30,31,	 PureTone-5kHz	40	2	2070788880
2070792087	Triggered	8,52,53,54,55,56,	 NoSound	40	2	2070792087
2070792288	Triggered	8,52,53,54,55,56,	 File_beep2	40	2	2070792288
2070804986	Triggered	5,23,24,25,26,27,28,29,30,31,	 NoSound	40	2	2070804986
2070805188	Triggered	5,23,24,25,26,27,28,29,30,31,	 PureTone-3kHz	40	2	2070805188
2070808263	Triggered	8,52,53,54,55,56,	 NoSound	40	2	2070808263
2070808463	Triggered	8,52,53,54,55,56,	 File_beep2	40	2	2070808463
2070820894	Triggered	5,23,24,25,26,27,28,29,30,31,	 NoSound	40	2	2070820894
2070821110	Triggered	5,23,24,25,26,27,28,29,30,31,	 PureTone-2kHz	40	2	2070821110
2070823970	Triggered	8,52,53,54,55,56,	 NoSound	40	2	2070823970
2070824171	Triggered	8,52,53,54,55,56,	 File_beep2	40	2	2070824171
2070839342	Triggered	5,23,24,25,26,27,28,29,30,31,	 NoSound	40	2	2070839342
2070839543	Triggered	5,23,24,25,26,27,28,29,30,31,	 PureTone-1kHz	40	2	2070839543
2070842817	Triggered	8,52,53,54,55,56,	 NoSound	40	2	2070842817
2070843019	Triggered	8,52,53,54,55,56,	 File_beep2	40	2	2070843019
2070857856	Triggered	5,23,24,25,26,27,28,29,30,31,	 NoSound	40	2	2070857856
2070858056	Triggered	5,23,24,25,26,27,28,29,30,31,	 StopSoundShort	40	2	2070858056
2070871292	Triggered	1,14,15,16,17,18,19,20,21,22,	 NoSound	40	2	2070871292
2070875035	Triggered	6,47,48,49,50,51,	 NoSound	40	2	2070875035
2070875247	Triggered	6,47,48,49,50,51,	 File_beep2	40	2	2070875247
2070889072	Triggered	1,14,15,16,17,18,19,20,21,22,	 NoSound	40	2	2070889072
2070889274	Triggered	1,14,15,16,17,18,19,20,21,22,	 PureTone-1kHz	40	2	2070889274
2070892148	Triggered	4,42,43,44,45,46,	 NoSound	40	2	2070892148
2070892349	Triggered	4,42,43,44,45,46,	 File_beep1	40	2	2070892349
2070909259	Triggered	1,14,15,16,17,18,19,20,21,22,	 NoSound	40	2	2070909259
2070909461	Triggered	1,14,15,16,17,18,19,20,21,22,	 StopSoundLong	40	2	2070909461
2070925967	Triggered	5,23,24,25,26,27,28,29,30,31,	 NoSound	40	2	2070925967
2070936862	Triggered	8,52,53,54,55,56,	 NoSound	40	2	2070936862
2070937064	Triggered	8,52,53,54,55,56,	 File_beep1	40	2	2070937064
2070954776	Triggered	5,23,24,25,26,27,28,29,30,31,	 NoSound	40	2	2070954776
2070954981	Triggered	5,23,24,25,26,27,28,29,30,31,	 PureTone-9kHz	40	2	2070954981
2070960524	Triggered	2,37,38,39,40,41,	 NoSound	40	2	2070960524
2070968146	Triggered	5,23,24,25,26,27,28,29,30,31,	 NoSound	40	2	2070968146
2070968349	Triggered	5,23,24,25,26,27,28,29,30,31,	 PureTone-7kHz	40	2	2070968349
2070974695	Triggered	8,52,53,54,55,56,	 NoSound	40	2	2070974695
2070974907	Triggered	8,52,53,54,55,56,	 File_beep1	40	2	2070974907
2071007123	Triggered	5,23,24,25,26,27,28,29,30,31,	 NoSound	40	2	2071007123
2071007327	Triggered	5,23,24,25,26,27,28,29,30,31,	 PureTone-5kHz	40	2	2071007327
2071012260	Triggered	8,52,53,54,55,56,	 NoSound	40	2	2071012260
2071012460	Triggered	8,52,53,54,55,56,	 File_beep1	40	2	2071012460
2071033583	Triggered	5,23,24,25,26,27,28,29,30,31,	 NoSound	40	2	2071033583
2071033798	Triggered	5,23,24,25,26,27,28,29,30,31,	 PureTone-3kHz	40	2	2071033798
2071039666	Triggered	8,52,53,54,55,56,	 NoSound	40	2	2071039666
2071039866	Triggered	8,52,53,54,55,56,	 File_beep1	40	2	2071039866
2071053241	Triggered	5,23,24,25,26,27,28,29,30,31,	 NoSound	40	2	2071053241
2071053442	Triggered	5,23,24,25,26,27,28,29,30,31,	 PureTone-2kHz	40	2	2071053442
2071058581	Triggered	8,52,53,54,55,56,	 NoSound	40	2	2071058581
2071058781	Triggered	8,52,53,54,55,56,	 File_beep1	40	2	2071058781
2071067947	Triggered	5,23,24,25,26,27,28,29,30,31,	 NoSound	40	2	2071067947
2071068149	Triggered	5,23,24,25,26,27,28,29,30,31,	 PureTone-1kHz	40	2	2071068149
2071072421	Triggered	8,52,53,54,55,56,	 NoSound	40	2	2071072421
2071072622	Triggered	8,52,53,54,55,56,	 File_beep1	40	2	2071072622
2071086787	Triggered	5,23,24,25,26,27,28,29,30,31,	 NoSound	40	2	2071086787
2071086988	Triggered	5,23,24,25,26,27,28,29,30,31,	 StopSoundShort	40	2	2071086988
2071100826	Triggered	1,14,15,16,17,18,19,20,21,22,	 NoSound	40	2	2071100826
2071103969	Triggered	4,42,43,44,45,46,	 NoSound	40	2	2071103969
2071104171	Triggered	4,42,43,44,45,46,	 File_beep2	40	2	2071104171
2071123482	Triggered	1,14,15,16,17,18,19,20,21,22,	 NoSound	40	2	2071123482
2071123684	Triggered	1,14,15,16,17,18,19,20,21,22,	 PureTone-1kHz	40	2	2071123684
2071179963	Triggered	4,42,43,44,45,46,	 NoSound	40	2	2071179963
2071180165	Triggered	4,42,43,44,45,46,	 File_beep2	40	2	2071180165
2071196006	Triggered	1,14,15,16,17,18,19,20,21,22,	 NoSound	40	2	2071196006
2071196208	Triggered	1,14,15,16,17,18,19,20,21,22,	 StopSoundLong	40	2	2071196208
2071211111	Triggered	8,52,53,54,55,56,	 NoSound	40	2	2071211111
2071211314	Triggered	8,52,53,54,55,56,	 File_beep2	40	2	2071211314
2071225817	Triggered	5,23,24,25,26,27,28,29,30,31,	 NoSound	40	2	2071225817
2071226019	Triggered	5,23,24,25,26,27,28,29,30,31,	 PureTone-9kHz	40	2	2071226019
2071229292	Triggered	8,52,53,54,55,56,	 NoSound	40	2	2071229292
2071229493	Triggered	8,52,53,54,55,56,	 File_beep2	40	2	2071229493
2071241338	Triggered	5,23,24,25,26,27,28,29,30,31,	 NoSound	40	2	2071241338
2071241540	Triggered	5,23,24,25,26,27,28,29,30,31,	 PureTone-7kHz	40	2	2071241540
2071245133	Triggered	8,52,53,54,55,56,	 NoSound	40	2	2071245133
2071245334	Triggered	8,52,53,54,55,56,	 File_beep2	40	2	2071245334
2071258969	Triggered	5,23,24,25,26,27,28,29,30,31,	 NoSound	40	2	2071258969
2071259172	Triggered	5,23,24,25,26,27,28,29,30,31,	 PureTone-5kHz	40	2	2071259172
2071262513	Triggered	8,52,53,54,55,56,	 NoSound	40	2	2071262513
2071262714	Triggered	8,52,53,54,55,56,	 File_beep2	40	2	2071262714
2071277485	Triggered	5,23,24,25,26,27,28,29,30,31,	 NoSound	40	2	2071277485
2071277688	Triggered	5,23,24,25,26,27,28,29,30,31,	 PureTone-3kHz	40	2	2071277688
2071283836	Triggered	8,52,53,54,55,56,	 NoSound	40	2	2071283836
2071284052	Triggered	8,52,53,54,55,56,	 File_beep2	40	2	2071284052
2071301214	Triggered	5,23,24,25,26,27,28,29,30,31,	 NoSound	40	2	2071301214
2071301416	Triggered	5,23,24,25,26,27,28,29,30,31,	 PureTone-2kHz	40	2	2071301416
2071304623	Triggered	8,52,53,54,55,56,	 NoSound	40	2	2071304623
2071304825	Triggered	8,52,53,54,55,56,	 File_beep2	40	2	2071304825
2071318660	Triggered	5,23,24,25,26,27,28,29,30,31,	 NoSound	40	2	2071318660
2071318862	Triggered	5,23,24,25,26,27,28,29,30,31,	 PureTone-1kHz	40	2	2071318862
2071322669	Triggered	8,52,53,54,55,56,	 NoSound	40	2	2071322669
2071322869	Triggered	8,52,53,54,55,56,	 File_beep2	40	2	2071322869
2071337174	Triggered	5,23,24,25,26,27,28,29,30,31,	 NoSound	40	2	2071337174
2071337374	Triggered	5,23,24,25,26,27,28,29,30,31,	 StopSoundShort	40	2	2071337374
2071347429	Triggered	1,14,15,16,17,18,19,20,21,22,	 NoSound	40	2	2071347429
2071353817	Triggered	6,47,48,49,50,51,	 NoSound	40	2	2071353817
2071354018	Triggered	6,47,48,49,50,51,	 File_beep2	40	2	2071354018
2071370394	Triggered	1,14,15,16,17,18,19,20,21,22,	 NoSound	40	2	2071370394
2071370595	Triggered	1,14,15,16,17,18,19,20,21,22,	 PureTone-1kHz	40	2	2071370595
2071373869	Triggered	4,42,43,44,45,46,	 NoSound	40	2	2071373869
2071374070	Triggered	4,42,43,44,45,46,	 File_beep3	40	2	2071374070
2071398533	Triggered	1,14,15,16,17,18,19,20,21,22,	 NoSound	40	2	2071398533
2071398734	Triggered	1,14,15,16,17,18,19,20,21,22,	 StopSoundLong	40	2	2071398734
2071418385	Triggered	2,37,38,39,40,41,	 NoSound	40	2	2071418385
2071418587	Triggered	2,37,38,39,40,41,	 File_beep1	40	2	2071418587
2071426407	Triggered	5,23,24,25,26,27,28,29,30,31,	 NoSound	40	2	2071426407
2071426609	Triggered	5,23,24,25,26,27,28,29,30,31,	 PureTone-9kHz	40	2	2071426609
2071429882	Triggered	8,52,53,54,55,56,	 NoSound	40	2	2071429882
2071449399	Triggered	5,23,24,25,26,27,28,29,30,31,	 NoSound	40	2	2071449399
2071449603	Triggered	5,23,24,25,26,27,28,29,30,31,	 PureTone-7kHz	40	2	2071449603
2071454078	Triggered	8,52,53,54,55,56,	 NoSound	40	2	2071454078
2071476603	Triggered	5,23,24,25,26,27,28,29,30,31,	 NoSound	40	2	2071476603
2071476805	Triggered	5,23,24,25,26,27,28,29,30,31,	 PureTone-5kHz	40	2	2071476805
2071482895	Triggered	8,52,53,54,55,56,	 NoSound	40	2	2071482895
2071491184	Triggered	5,23,24,25,26,27,28,29,30,31,	 NoSound	40	2	2071491184
2071491385	Triggered	5,23,24,25,26,27,28,29,30,31,	 PureTone-3kHz	40	2	2071491385
2071501001	Triggered	2,37,38,39,40,41,	 NoSound	40	2	2071501001
2071501202	Triggered	2,37,38,39,40,41,	 File_beep1	40	2	2071501202
2071516649	Triggered	5,23,24,25,26,27,28,29,30,31,	 NoSound	40	2	2071516649
2071516852	Triggered	5,23,24,25,26,27,28,29,30,31,	 PureTone-2kHz	40	2	2071516852
2071531481	Triggered	2,37,38,39,40,41,	 NoSound	40	2	2071531481
2071531681	Triggered	2,37,38,39,40,41,	 File_beep1	40	2	2071531681
2071553203	Triggered	5,23,24,25,26,27,28,29,30,31,	 NoSound	40	2	2071553203
2071553405	Triggered	5,23,24,25,26,27,28,29,30,31,	 PureTone-1kHz	40	2	2071553405
2071558151	Triggered	2,37,38,39,40,41,	 NoSound	40	2	2071558151
2071558352	Triggered	2,37,38,39,40,41,	 File_beep1	40	2	2071558352
2071569981	Triggered	5,23,24,25,26,27,28,29,30,31,	 NoSound	40	2	2071569981
2071570182	Triggered	5,23,24,25,26,27,28,29,30,31,	 StopSoundShort	40	2	2071570182
2071617705	Triggered	1,14,15,16,17,18,19,20,21,22,	 NoSound	40	2	2071617705
2071622986	Triggered	4,42,43,44,45,46,	 NoSound	40	2	2071622986
2071623186	Triggered	4,42,43,44,45,46,	 File_beep1	40	2	2071623186
2071656339	Triggered	1,14,15,16,17,18,19,20,21,22,	 NoSound	40	2	2071656339
2071656540	Triggered	1,14,15,16,17,18,19,20,21,22,	 PureTone-1kHz	40	2	2071656540
2071662556	Triggered	4,42,43,44,45,46,	 NoSound	40	2	2071662556
2071662757	Triggered	4,42,43,44,45,46,	 File_beep1	40	2	2071662757
2071699918	Triggered	1,14,15,16,17,18,19,20,21,22,	 NoSound	40	2	2071699918
2071700120	Triggered	1,14,15,16,17,18,19,20,21,22,	 StopSoundLong	40	2	2071700120
2071711416	Triggered	5,23,24,25,26,27,28,29,30,31,	 NoSound	40	2	2071711416
2071715159	Triggered	2,37,38,39,40,41,	 NoSound	40	2	2071715159
2071715360	Triggered	2,37,38,39,40,41,	 File_beep2	40	2	2071715360
2071729863	Triggered	5,23,24,25,26,27,28,29,30,31,	 NoSound	40	2	2071729863
2071730065	Triggered	5,23,24,25,26,27,28,29,30,31,	 PureTone-9kHz	40	2	2071730065
2071733476	Triggered	8,52,53,54,55,56,	 NoSound	40	2	2071733476
2071733678	Triggered	8,52,53,54,55,56,	 File_beep3	40	2	2071733678
2071750449	Triggered	5,23,24,25,26,27,28,29,30,31,	 NoSound	40	2	2071750449
2071750653	Triggered	5,23,24,25,26,27,28,29,30,31,	 PureTone-7kHz	40	2	2071750653
2071753533	Triggered	8,52,53,54,55,56,	 NoSound	40	2	2071753533
2071753735	Triggered	8,52,53,54,55,56,	 File_beep3	40	2	2071753735
2071772843	Triggered	5,23,24,25,26,27,28,29,30,31,	 NoSound	40	2	2071772843
2071773045	Triggered	5,23,24,25,26,27,28,29,30,31,	 PureTone-5kHz	40	2	2071773045
2071775985	Triggered	8,52,53,54,55,56,	 NoSound	40	2	2071775985
2071776186	Triggered	8,52,53,54,55,56,	 File_beep3	40	2	2071776186
2071795635	Triggered	5,23,24,25,26,27,28,29,30,31,	 NoSound	40	2	2071795635
2071795836	Triggered	5,23,24,25,26,27,28,29,30,31,	 PureTone-3kHz	40	2	2071795836
2071799178	Triggered	8,52,53,54,55,56,	 NoSound	40	2	2071799178
2071799380	Triggered	8,52,53,54,55,56,	 File_beep3	40	2	2071799380
2071821369	Triggered	5,23,24,25,26,27,28,29,30,31,	 NoSound	40	2	2071821369
2071821572	Triggered	5,23,24,25,26,27,28,29,30,31,	 PureTone-2kHz	40	2	2071821572
2071824383	Triggered	8,52,53,54,55,56,	 NoSound	40	2	2071824383
2071824585	Triggered	8,52,53,54,55,56,	 File_beep3	40	2	2071824585
2071844630	Triggered	5,23,24,25,26,27,28,29,30,31,	 NoSound	40	2	2071844630
2071844831	Triggered	5,23,24,25,26,27,28,29,30,31,	 PureTone-1kHz	40	2	2071844831
2071848105	Triggered	8,52,53,54,55,56,	 NoSound	40	2	2071848105
2071848306	Triggered	8,52,53,54,55,56,	 File_beep3	40	2	2071848306
2071872034	Triggered	5,23,24,25,26,27,28,29,30,31,	 NoSound	40	2	2071872035
2071872236	Triggered	5,23,24,25,26,27,28,29,30,31,	 StopSoundShort	40	2	2071872236
