Ver1.3	4501711	StartFile	6/2/2020	2:42:53 PM	E:\BehavioralExperiments\Rizzo\RatData_Rizzo\Rawdata\060220\SoundData.txt	4501711
4688964	Triggered	1,14,15,16,17,18,19,20,21,22,	 NoSound	40	2	4688964
4689164	Triggered	1,14,15,16,17,18,19,20,21,22,	 StopSoundShort	40	2	4689164
4716399	Triggered	5,23,24,25,26,27,28,29,30,31,	 NoSound	40	2	4716399
4716602	Triggered	5,23,24,25,26,27,28,29,30,31,	 PureTone-3kHz	40	2	4716602
4720070	Triggered	2,	 NoSound	40	2	4720070
4731741	Triggered	5,23,24,25,26,27,28,29,30,31,	 NoSound	40	2	4731741
4731941	Triggered	5,23,24,25,26,27,28,29,30,31,	 PureTone-1kHz	40	2	4731941
4734510	Triggered	2,	 NoSound	40	2	4734510
4748657	Triggered	5,23,24,25,26,27,28,29,30,31,	 NoSound	40	2	4748657
4748858	Triggered	5,23,24,25,26,27,28,29,30,31,	 StopSoundLong	40	2	4748858
4761463	Triggered	1,14,15,16,17,18,19,20,21,22,	 NoSound	40	2	4761463
4761666	Triggered	1,14,15,16,17,18,19,20,21,22,	 PureTone-13kHz	40	2	4761666
4764713	Triggered	6,	 NoSound	40	2	4764713
4769586	Triggered	1,14,15,16,17,18,19,20,21,22,	 NoSound	40	2	4769586
4769787	Triggered	1,14,15,16,17,18,19,20,21,22,	 PureTone-11kHz	40	2	4769787
4773497	Triggered	4,	 NoSound	40	2	4773497
4783785	Triggered	1,14,15,16,17,18,19,20,21,22,	 NoSound	40	2	4783785
4783985	Triggered	1,14,15,16,17,18,19,20,21,22,	 PureTone-9kHz	40	2	4783985
4786733	Triggered	4,	 NoSound	40	2	4786733
4797202	Triggered	1,14,15,16,17,18,19,20,21,22,	 NoSound	40	2	4797202
4797402	Triggered	1,14,15,16,17,18,19,20,21,22,	 PureTone-7kHz	40	2	4797402
4799974	Triggered	4,	 NoSound	40	2	4799974
4809116	Triggered	1,14,15,16,17,18,19,20,21,22,	 NoSound	40	2	4809116
4809317	Triggered	1,14,15,16,17,18,19,20,21,22,	 PureTone-5kHz	40	2	4809317
4811763	Triggered	4,	 NoSound	40	2	4811763
4822833	Triggered	1,14,15,16,17,18,19,20,21,22,	 NoSound	40	2	4822833
4823033	Triggered	1,14,15,16,17,18,19,20,21,22,	 PureTone-3kHz	40	2	4823033
4825543	Triggered	4,	 NoSound	40	2	4825543
4836490	Triggered	1,14,15,16,17,18,19,20,21,22,	 NoSound	40	2	4836490
4836690	Triggered	1,14,15,16,17,18,19,20,21,22,	 PureTone-1kHz	40	2	4836690
4839319	Triggered	4,	 NoSound	40	2	4839319
4849065	Triggered	1,14,15,16,17,18,19,20,21,22,	 NoSound	40	2	4849065
4849265	Triggered	1,14,15,16,17,18,19,20,21,22,	 StopSoundShort	40	2	4849265
4867355	Triggered	5,23,24,25,26,27,28,29,30,31,	 NoSound	40	2	4867355
4867559	Triggered	5,23,24,25,26,27,28,29,30,31,	 PureTone-3kHz	40	2	4867559
4870845	Triggered	2,	 NoSound	40	2	4870845
4878485	Triggered	5,23,24,25,26,27,28,29,30,31,	 NoSound	40	2	4878485
4878686	Triggered	5,23,24,25,26,27,28,29,30,31,	 PureTone-1kHz	40	2	4878686
4881317	Triggered	2,	 NoSound	40	2	4881317
4888051	Triggered	5,23,24,25,26,27,28,29,30,31,	 NoSound	40	2	4888051
4888252	Triggered	5,23,24,25,26,27,28,29,30,31,	 StopSoundLong	40	2	4888252
4902672	Triggered	1,14,15,16,17,18,19,20,21,22,	 NoSound	40	2	4902672
4902877	Triggered	1,14,15,16,17,18,19,20,21,22,	 PureTone-13kHz	40	2	4902877
4906222	Triggered	4,	 NoSound	40	2	4906222
4915427	Triggered	1,14,15,16,17,18,19,20,21,22,	 NoSound	40	2	4915427
4915627	Triggered	1,14,15,16,17,18,19,20,21,22,	 PureTone-11kHz	40	2	4915627
4918195	Triggered	4,	 NoSound	40	2	4918195
4926678	Triggered	1,14,15,16,17,18,19,20,21,22,	 NoSound	40	2	4926678
4926880	Triggered	1,14,15,16,17,18,19,20,21,22,	 PureTone-9kHz	40	2	4926880
4929445	Triggered	4,	 NoSound	40	2	4929445
4939975	Triggered	1,14,15,16,17,18,19,20,21,22,	 NoSound	40	2	4939975
4940175	Triggered	1,14,15,16,17,18,19,20,21,22,	 PureTone-7kHz	40	2	4940175
4943465	Triggered	4,	 NoSound	40	2	4943465
4954956	Triggered	1,14,15,16,17,18,19,20,21,22,	 NoSound	40	2	4954956
4955156	Triggered	1,14,15,16,17,18,19,20,21,22,	 PureTone-5kHz	40	2	4955156
4958146	Triggered	4,	 NoSound	40	2	4958146
4966270	Triggered	1,14,15,16,17,18,19,20,21,22,	 NoSound	40	2	4966270
4966470	Triggered	1,14,15,16,17,18,19,20,21,22,	 PureTone-3kHz	40	2	4966470
4969337	Triggered	4,	 NoSound	40	2	4969337
4979563	Triggered	1,14,15,16,17,18,19,20,21,22,	 NoSound	40	2	4979563
4979764	Triggered	1,14,15,16,17,18,19,20,21,22,	 PureTone-1kHz	40	2	4979764
4983175	Triggered	4,	 NoSound	40	2	4983175
4993522	Triggered	1,14,15,16,17,18,19,20,21,22,	 NoSound	40	2	4993522
4993722	Triggered	1,14,15,16,17,18,19,20,21,22,	 StopSoundShort	40	2	4993722
5007842	Triggered	5,23,24,25,26,27,28,29,30,31,	 NoSound	40	2	5007842
5008046	Triggered	5,23,24,25,26,27,28,29,30,31,	 PureTone-3kHz	40	2	5008046
5010369	Triggered	2,	 NoSound	40	2	5010369
5020359	Triggered	5,23,24,25,26,27,28,29,30,31,	 NoSound	40	2	5020359
5020559	Triggered	5,23,24,25,26,27,28,29,30,31,	 PureTone-1kHz	40	2	5020559
5023128	Triggered	2,	 NoSound	40	2	5023128
5031247	Triggered	5,23,24,25,26,27,28,29,30,31,	 NoSound	40	2	5031247
5031447	Triggered	5,23,24,25,26,27,28,29,30,31,	 StopSoundLong	40	2	5031447
5044482	Triggered	1,14,15,16,17,18,19,20,21,22,	 NoSound	40	2	5044482
5044686	Triggered	1,14,15,16,17,18,19,20,21,22,	 PureTone-13kHz	40	2	5044686
5048092	Triggered	4,	 NoSound	40	2	5048092
5055794	Triggered	1,14,15,16,17,18,19,20,21,22,	 NoSound	40	2	5055794
5055994	Triggered	1,14,15,16,17,18,19,20,21,22,	 PureTone-11kHz	40	2	5055994
5058982	Triggered	4,	 NoSound	40	2	5058982
5066744	Triggered	1,14,15,16,17,18,19,20,21,22,	 NoSound	40	2	5066744
5066944	Triggered	1,14,15,16,17,18,19,20,21,22,	 PureTone-9kHz	40	2	5066944
5070114	Triggered	4,	 NoSound	40	2	5070114
5079327	Triggered	1,14,15,16,17,18,19,20,21,22,	 NoSound	40	2	5079327
5079527	Triggered	1,14,15,16,17,18,19,20,21,22,	 PureTone-7kHz	40	2	5079527
5082448	Triggered	4,	 NoSound	40	2	5082448
5090570	Triggered	1,14,15,16,17,18,19,20,21,22,	 NoSound	40	2	5090570
5090770	Triggered	1,14,15,16,17,18,19,20,21,22,	 PureTone-5kHz	40	2	5090770
5093698	Triggered	4,	 NoSound	40	2	5093698
5100497	Triggered	1,14,15,16,17,18,19,20,21,22,	 NoSound	40	2	5100497
5100697	Triggered	1,14,15,16,17,18,19,20,21,22,	 PureTone-3kHz	40	2	5100697
5103445	Triggered	4,	 NoSound	40	2	5103445
5111153	Triggered	1,14,15,16,17,18,19,20,21,22,	 NoSound	40	2	5111153
5111353	Triggered	1,14,15,16,17,18,19,20,21,22,	 PureTone-1kHz	40	2	5111353
5114275	Triggered	4,	 NoSound	40	2	5114275
5123969	Triggered	1,14,15,16,17,18,19,20,21,22,	 NoSound	40	2	5123969
5124169	Triggered	1,14,15,16,17,18,19,20,21,22,	 StopSoundShort	40	2	5124169
5142974	Triggered	5,23,24,25,26,27,28,29,30,31,	 NoSound	40	2	5142974
5143176	Triggered	5,23,24,25,26,27,28,29,30,31,	 PureTone-3kHz	40	2	5143176
5145501	Triggered	2,	 NoSound	40	2	5145501
5156391	Triggered	5,23,24,25,26,27,28,29,30,31,	 NoSound	40	2	5156391
5156591	Triggered	5,23,24,25,26,27,28,29,30,31,	 PureTone-1kHz	40	2	5156591
5158797	Triggered	2,	 NoSound	40	2	5158797
5167942	Triggered	5,23,24,25,26,27,28,29,30,31,	 NoSound	40	2	5167942
5168143	Triggered	5,23,24,25,26,27,28,29,30,31,	 StopSoundLong	40	2	5168143
5188159	Triggered	1,14,15,16,17,18,19,20,21,22,	 NoSound	40	2	5188159
5188363	Triggered	1,14,15,16,17,18,19,20,21,22,	 PureTone-13kHz	40	2	5188363
5192009	Triggered	4,	 NoSound	40	2	5192009
5198808	Triggered	1,14,15,16,17,18,19,20,21,22,	 NoSound	40	2	5198808
5199009	Triggered	1,14,15,16,17,18,19,20,21,22,	 PureTone-11kHz	40	2	5199009
5202057	Triggered	4,	 NoSound	40	2	5202057
5209157	Triggered	1,14,15,16,17,18,19,20,21,22,	 NoSound	40	2	5209157
5209359	Triggered	1,14,15,16,17,18,19,20,21,22,	 PureTone-9kHz	40	2	5209359
5212285	Triggered	4,	 NoSound	40	2	5212285
5217700	Triggered	1,14,15,16,17,18,19,20,21,22,	 NoSound	40	2	5217700
5217900	Triggered	1,14,15,16,17,18,19,20,21,22,	 PureTone-7kHz	40	2	5217900
5220888	Triggered	4,	 NoSound	40	2	5220888
5226486	Triggered	1,14,15,16,17,18,19,20,21,22,	 NoSound	40	2	5226486
5226699	Triggered	1,14,15,16,17,18,19,20,21,22,	 PureTone-5kHz	40	2	5226699
5229673	Triggered	4,	 NoSound	40	2	5229673
5235569	Triggered	1,14,15,16,17,18,19,20,21,22,	 NoSound	40	2	5235569
5235769	Triggered	1,14,15,16,17,18,19,20,21,22,	 PureTone-3kHz	40	2	5235769
5238880	Triggered	4,	 NoSound	40	2	5238880
5250069	Triggered	1,14,15,16,17,18,19,20,21,22,	 NoSound	40	2	5250069
5250269	Triggered	1,14,15,16,17,18,19,20,21,22,	 PureTone-1kHz	40	2	5250269
5253678	Triggered	4,	 NoSound	40	2	5253678
5260478	Triggered	1,14,15,16,17,18,19,20,21,22,	 NoSound	40	2	5260478
5260679	Triggered	1,14,15,16,17,18,19,20,21,22,	 StopSoundShort	40	2	5260679
5276903	Triggered	5,23,24,25,26,27,28,29,30,31,	 NoSound	40	2	5276903
5277106	Triggered	5,23,24,25,26,27,28,29,30,31,	 PureTone-3kHz	40	2	5277106
5279851	Triggered	8,	 NoSound	40	2	5279851
5292005	Triggered	5,23,24,25,26,27,28,29,30,31,	 NoSound	40	2	5292005
5292205	Triggered	5,23,24,25,26,27,28,29,30,31,	 PureTone-1kHz	40	2	5292205
5295314	Triggered	8,	 NoSound	40	2	5295314
5304097	Triggered	5,23,24,25,26,27,28,29,30,31,	 NoSound	40	2	5304097
5304297	Triggered	5,23,24,25,26,27,28,29,30,31,	 StopSoundLong	40	2	5304297
5316071	Triggered	1,14,15,16,17,18,19,20,21,22,	 NoSound	40	2	5316071
5316274	Triggered	1,14,15,16,17,18,19,20,21,22,	 PureTone-13kHz	40	2	5316274
5319562	Triggered	4,	 NoSound	40	2	5319562
5327683	Triggered	1,14,15,16,17,18,19,20,21,22,	 NoSound	40	2	5327683
5327884	Triggered	1,14,15,16,17,18,19,20,21,22,	 PureTone-11kHz	40	2	5327884
5331052	Triggered	4,	 NoSound	40	2	5331052
5337549	Triggered	1,14,15,16,17,18,19,20,21,22,	 NoSound	40	2	5337549
5337750	Triggered	1,14,15,16,17,18,19,20,21,22,	 PureTone-9kHz	40	2	5337750
5340557	Triggered	4,	 NoSound	40	2	5340557
5347057	Triggered	1,14,15,16,17,18,19,20,21,22,	 NoSound	40	2	5347057
5347258	Triggered	1,14,15,16,17,18,19,20,21,22,	 PureTone-7kHz	40	2	5347258
5350124	Triggered	4,	 NoSound	40	2	5350124
5356501	Triggered	1,14,15,16,17,18,19,20,21,22,	 NoSound	40	2	5356501
5356702	Triggered	1,14,15,16,17,18,19,20,21,22,	 PureTone-5kHz	40	2	5356702
5359631	Triggered	4,	 NoSound	40	2	5359631
5366862	Triggered	1,14,15,16,17,18,19,20,21,22,	 NoSound	40	2	5366862
5367070	Triggered	1,14,15,16,17,18,19,20,21,22,	 PureTone-3kHz	40	2	5367070
5369979	Triggered	4,	 NoSound	40	2	5369979
5377500	Triggered	1,14,15,16,17,18,19,20,21,22,	 NoSound	40	2	5377500
5377701	Triggered	1,14,15,16,17,18,19,20,21,22,	 PureTone-1kHz	40	2	5377701
5380930	Triggered	4,	 NoSound	40	2	5380930
5388451	Triggered	1,14,15,16,17,18,19,20,21,22,	 NoSound	40	2	5388451
5388651	Triggered	1,14,15,16,17,18,19,20,21,22,	 StopSoundShort	40	2	5388651
5401566	Triggered	5,23,24,25,26,27,28,29,30,31,	 NoSound	40	2	5401566
5401769	Triggered	5,23,24,25,26,27,28,29,30,31,	 PureTone-3kHz	40	2	5401769
5404942	Triggered	8,	 NoSound	40	2	5404942
5417209	Triggered	5,23,24,25,26,27,28,29,30,31,	 NoSound	40	2	5417209
5417410	Triggered	5,23,24,25,26,27,28,29,30,31,	 PureTone-1kHz	40	2	5417410
5420218	Triggered	8,	 NoSound	40	2	5420218
5431287	Triggered	5,23,24,25,26,27,28,29,30,31,	 NoSound	40	2	5431287
5431488	Triggered	5,23,24,25,26,27,28,29,30,31,	 StopSoundLong	40	2	5431488
5443331	Triggered	1,14,15,16,17,18,19,20,21,22,	 NoSound	40	2	5443331
5443534	Triggered	1,14,15,16,17,18,19,20,21,22,	 PureTone-13kHz	40	2	5443534
5446571	Triggered	6,	 NoSound	40	2	5446571
5454512	Triggered	1,14,15,16,17,18,19,20,21,22,	 NoSound	40	2	5454512
5454713	Triggered	1,14,15,16,17,18,19,20,21,22,	 PureTone-11kHz	40	2	5454713
5457881	Triggered	4,	 NoSound	40	2	5457881
5467146	Triggered	1,14,15,16,17,18,19,20,21,22,	 NoSound	40	2	5467146
5467346	Triggered	1,14,15,16,17,18,19,20,21,22,	 PureTone-9kHz	40	2	5467346
5470517	Triggered	4,	 NoSound	40	2	5470517
5480331	Triggered	1,14,15,16,17,18,19,20,21,22,	 NoSound	40	2	5480331
5480531	Triggered	1,14,15,16,17,18,19,20,21,22,	 PureTone-7kHz	40	2	5480531
5483813	Triggered	4,	 NoSound	40	2	5483813
5495486	Triggered	1,14,15,16,17,18,19,20,21,22,	 NoSound	40	2	5495486
5495686	Triggered	1,14,15,16,17,18,19,20,21,22,	 PureTone-5kHz	40	2	5495686
5498977	Triggered	4,	 NoSound	40	2	5498977
5509022	Triggered	1,14,15,16,17,18,19,20,21,22,	 NoSound	40	2	5509022
5509223	Triggered	1,14,15,16,17,18,19,20,21,22,	 PureTone-3kHz	40	2	5509223
5512091	Triggered	4,	 NoSound	40	2	5512091
5524064	Triggered	1,14,15,16,17,18,19,20,21,22,	 NoSound	40	2	5524064
5524264	Triggered	1,14,15,16,17,18,19,20,21,22,	 PureTone-1kHz	40	2	5524264
5527132	Triggered	4,	 NoSound	40	2	5527132
5538324	Triggered	1,14,15,16,17,18,19,20,21,22,	 NoSound	40	2	5538324
5538524	Triggered	1,14,15,16,17,18,19,20,21,22,	 StopSoundShort	40	2	5538524
5554207	Triggered	5,23,24,25,26,27,28,29,30,31,	 NoSound	40	2	5554207
5554411	Triggered	5,23,24,25,26,27,28,29,30,31,	 PureTone-3kHz	40	2	5554411
5557215	Triggered	2,	 NoSound	40	2	5557215
5563712	Triggered	5,23,24,25,26,27,28,29,30,31,	 NoSound	40	2	5563712
5563914	Triggered	5,23,24,25,26,27,28,29,30,31,	 PureTone-1kHz	40	2	5563914
5567087	Triggered	8,	 NoSound	40	2	5567087
5577069	Triggered	5,23,24,25,26,27,28,29,30,31,	 NoSound	40	2	5577069
5577269	Triggered	5,23,24,25,26,27,28,29,30,31,	 StopSoundLong	40	2	5577269
5589343	Triggered	1,14,15,16,17,18,19,20,21,22,	 NoSound	40	2	5589343
5589545	Triggered	1,14,15,16,17,18,19,20,21,22,	 PureTone-13kHz	40	2	5589545
5592833	Triggered	6,	 NoSound	40	2	5592833
5602819	Triggered	1,14,15,16,17,18,19,20,21,22,	 NoSound	40	2	5602819
5603020	Triggered	1,14,15,16,17,18,19,20,21,22,	 PureTone-11kHz	40	2	5603020
5606732	Triggered	4,	 NoSound	40	2	5606732
5616719	Triggered	1,14,15,16,17,18,19,20,21,22,	 NoSound	40	2	5616719
5616919	Triggered	1,14,15,16,17,18,19,20,21,22,	 PureTone-9kHz	40	2	5616919
5620449	Triggered	6,	 NoSound	40	2	5620449
5631460	Triggered	1,14,15,16,17,18,19,20,21,22,	 NoSound	40	2	5631460
5631660	Triggered	1,14,15,16,17,18,19,20,21,22,	 PureTone-7kHz	40	2	5631660
5635429	Triggered	4,	 NoSound	40	2	5635429
5642168	Triggered	1,14,15,16,17,18,19,20,21,22,	 NoSound	40	2	5642168
5642369	Triggered	1,14,15,16,17,18,19,20,21,22,	 PureTone-5kHz	40	2	5642369
5646922	Triggered	6,	 NoSound	40	2	5646922
5665754	Triggered	1,14,15,16,17,18,19,20,21,22,	 NoSound	40	2	5665754
5665971	Triggered	1,14,15,16,17,18,19,20,21,22,	 PureTone-3kHz	40	2	5665971
5669486	Triggered	6,	 NoSound	40	2	5669486
5679712	Triggered	1,14,15,16,17,18,19,20,21,22,	 NoSound	40	2	5679712
5679912	Triggered	1,14,15,16,17,18,19,20,21,22,	 PureTone-1kHz	40	2	5679912
5683207	Triggered	6,	 NoSound	40	2	5683207
5693792	Triggered	1,14,15,16,17,18,19,20,21,22,	 NoSound	40	2	5693792
5693992	Triggered	1,14,15,16,17,18,19,20,21,22,	 StopSoundShort	40	2	5693992
5708952	Triggered	5,23,24,25,26,27,28,29,30,31,	 NoSound	40	2	5708952
5709155	Triggered	5,23,24,25,26,27,28,29,30,31,	 PureTone-3kHz	40	2	5709155
5712449	Triggered	8,	 NoSound	40	2	5712449
5729048	Triggered	5,23,24,25,26,27,28,29,30,31,	 NoSound	40	2	5729048
5729248	Triggered	5,23,24,25,26,27,28,29,30,31,	 PureTone-1kHz	40	2	5729248
5732116	Triggered	8,	 NoSound	40	2	5732116
5747639	Triggered	5,23,24,25,26,27,28,29,30,31,	 NoSound	40	2	5747639
5747840	Triggered	5,23,24,25,26,27,28,29,30,31,	 StopSoundLong	40	2	5747840
5759853	Triggered	1,14,15,16,17,18,19,20,21,22,	 NoSound	40	2	5759853
5760055	Triggered	1,14,15,16,17,18,19,20,21,22,	 PureTone-13kHz	40	2	5760055
5763644	Triggered	4,	 NoSound	40	2	5763644
5770808	Triggered	1,14,15,16,17,18,19,20,21,22,	 NoSound	40	2	5770808
5771009	Triggered	1,14,15,16,17,18,19,20,21,22,	 PureTone-11kHz	40	2	5771009
5775255	Triggered	6,	 NoSound	40	2	5775255
5783378	Triggered	1,14,15,16,17,18,19,20,21,22,	 NoSound	40	2	5783378
5783580	Triggered	1,14,15,16,17,18,19,20,21,22,	 PureTone-9kHz	40	2	5783580
5787108	Triggered	6,	 NoSound	40	2	5787108
5804255	Triggered	1,14,15,16,17,18,19,20,21,22,	 NoSound	40	2	5804255
5804456	Triggered	1,14,15,16,17,18,19,20,21,22,	 PureTone-7kHz	40	2	5804456
5807926	Triggered	6,	 NoSound	40	2	5807926
5816355	Triggered	1,14,15,16,17,18,19,20,21,22,	 NoSound	40	2	5816355
5816555	Triggered	1,14,15,16,17,18,19,20,21,22,	 PureTone-5kHz	40	2	5816555
5820680	Triggered	4,	 NoSound	40	2	5820680
5827367	Triggered	1,14,15,16,17,18,19,20,21,22,	 NoSound	40	2	5827367
5827567	Triggered	1,14,15,16,17,18,19,20,21,22,	 PureTone-3kHz	40	2	5827567
5832353	Triggered	6,	 NoSound	40	2	5832353
5841256	Triggered	1,14,15,16,17,18,19,20,21,22,	 NoSound	40	2	5841256
5841458	Triggered	1,14,15,16,17,18,19,20,21,22,	 PureTone-1kHz	40	2	5841458
5845229	Triggered	4,	 NoSound	40	2	5845229
5852689	Triggered	1,14,15,16,17,18,19,20,21,22,	 NoSound	40	2	5852689
5852889	Triggered	1,14,15,16,17,18,19,20,21,22,	 StopSoundShort	40	2	5852889
5870799	Triggered	5,23,24,25,26,27,28,29,30,31,	 NoSound	40	2	5870799
5871001	Triggered	5,23,24,25,26,27,28,29,30,31,	 PureTone-3kHz	40	2	5871001
5874228	Triggered	8,	 NoSound	40	2	5874228
5886984	Triggered	5,23,24,25,26,27,28,29,30,31,	 NoSound	40	2	5886984
5887185	Triggered	5,23,24,25,26,27,28,29,30,31,	 PureTone-1kHz	40	2	5887185
5890654	Triggered	8,	 NoSound	40	2	5890654
5904492	Triggered	5,23,24,25,26,27,28,29,30,31,	 NoSound	40	2	5904492
5904692	Triggered	5,23,24,25,26,27,28,29,30,31,	 StopSoundLong	40	2	5904692
5928384	Triggered	1,14,15,16,17,18,19,20,21,22,	 NoSound	40	2	5928384
5928587	Triggered	1,14,15,16,17,18,19,20,21,22,	 PureTone-13kHz	40	2	5928587
5932650	Triggered	4,	 NoSound	40	2	5932650
5941253	Triggered	1,14,15,16,17,18,19,20,21,22,	 NoSound	40	2	5941253
5941466	Triggered	1,14,15,16,17,18,19,20,21,22,	 PureTone-11kHz	40	2	5941466
5945403	Triggered	4,	 NoSound	40	2	5945403
5951540	Triggered	1,14,15,16,17,18,19,20,21,22,	 NoSound	40	2	5951540
5951741	Triggered	1,14,15,16,17,18,19,20,21,22,	 PureTone-9kHz	40	2	5951741
5954791	Triggered	6,	 NoSound	40	2	5954791
5968147	Triggered	1,14,15,16,17,18,19,20,21,22,	 NoSound	40	2	5968147
5968347	Triggered	1,14,15,16,17,18,19,20,21,22,	 PureTone-7kHz	40	2	5968347
5971336	Triggered	6,	 NoSound	40	2	5971336
5984812	Triggered	1,14,15,16,17,18,19,20,21,22,	 NoSound	40	2	5984812
5985014	Triggered	1,14,15,16,17,18,19,20,21,22,	 PureTone-5kHz	40	2	5985014
5987880	Triggered	6,	 NoSound	40	2	5987880
6000998	Triggered	1,14,15,16,17,18,19,20,21,22,	 NoSound	40	2	6000998
6001198	Triggered	1,14,15,16,17,18,19,20,21,22,	 PureTone-3kHz	40	2	6001198
6004006	Triggered	6,	 NoSound	40	2	6004006
6018446	Triggered	1,14,15,16,17,18,19,20,21,22,	 NoSound	40	2	6018446
6018646	Triggered	1,14,15,16,17,18,19,20,21,22,	 PureTone-1kHz	40	2	6018646
6024221	Triggered	6,	 NoSound	40	2	6024221
6037879	Triggered	1,14,15,16,17,18,19,20,21,22,	 NoSound	40	2	6037879
6038093	Triggered	1,14,15,16,17,18,19,20,21,22,	 StopSoundShort	40	2	6038093
6049791	Triggered	5,23,24,25,26,27,28,29,30,31,	 NoSound	40	2	6049791
6049995	Triggered	5,23,24,25,26,27,28,29,30,31,	 PureTone-3kHz	40	2	6049995
6053403	Triggered	8,	 NoSound	40	2	6053403
6067300	Triggered	5,23,24,25,26,27,28,29,30,31,	 NoSound	40	2	6067300
6067500	Triggered	5,23,24,25,26,27,28,29,30,31,	 PureTone-1kHz	40	2	6067500
6071330	Triggered	8,	 NoSound	40	2	6071330
6079694	Triggered	5,23,24,25,26,27,28,29,30,31,	 NoSound	40	2	6079694
6079894	Triggered	5,23,24,25,26,27,28,29,30,31,	 StopSoundLong	40	2	6079894
6101594	Triggered	1,14,15,16,17,18,19,20,21,22,	 NoSound	40	2	6101594
6101797	Triggered	1,14,15,16,17,18,19,20,21,22,	 PureTone-13kHz	40	2	6101797
6105084	Triggered	6,	 NoSound	40	2	6105084
6114951	Triggered	1,14,15,16,17,18,19,20,21,22,	 NoSound	40	2	6114951
6115151	Triggered	1,14,15,16,17,18,19,20,21,22,	 PureTone-11kHz	40	2	6115152
6119643	Triggered	6,	 NoSound	40	2	6119643
6131978	Triggered	1,14,15,16,17,18,19,20,21,22,	 NoSound	40	2	6131978
6132180	Triggered	1,14,15,16,17,18,19,20,21,22,	 PureTone-9kHz	40	2	6132180
6135648	Triggered	6,	 NoSound	40	2	6135648
6146778	Triggered	1,14,15,16,17,18,19,20,21,22,	 NoSound	40	2	6146778
6146978	Triggered	1,14,15,16,17,18,19,20,21,22,	 PureTone-7kHz	40	2	6146978
6150508	Triggered	6,	 NoSound	40	2	6150508
6159293	Triggered	1,14,15,16,17,18,19,20,21,22,	 NoSound	40	2	6159293
6159494	Triggered	1,14,15,16,17,18,19,20,21,22,	 PureTone-5kHz	40	2	6159494
6163685	Triggered	4,	 NoSound	40	2	6163685
6173973	Triggered	1,14,15,16,17,18,19,20,21,22,	 NoSound	40	2	6173973
6174173	Triggered	1,14,15,16,17,18,19,20,21,22,	 PureTone-3kHz	40	2	6174173
6178004	Triggered	6,	 NoSound	40	2	6178004
6188172	Triggered	1,14,15,16,17,18,19,20,21,22,	 NoSound	40	2	6188172
6188373	Triggered	1,14,15,16,17,18,19,20,21,22,	 PureTone-1kHz	40	2	6188373
6192624	Triggered	6,	 NoSound	40	2	6192624
6201896	Triggered	1,14,15,16,17,18,19,20,21,22,	 NoSound	40	2	6201896
6202097	Triggered	1,14,15,16,17,18,19,20,21,22,	 StopSoundShort	40	2	6202097
6218321	Triggered	1,14,15,16,17,18,19,20,21,22,	 NoSound	40	2	6218321
6218524	Triggered	1,14,15,16,17,18,19,20,21,22,	 StopSoundShort	40	2	6218524
6234019	Triggered	5,23,24,25,26,27,28,29,30,31,	 NoSound	40	2	6234019
6234223	Triggered	5,23,24,25,26,27,28,29,30,31,	 PureTone-3kHz	40	2	6234223
6237689	Triggered	8,	 NoSound	40	2	6237689
6246653	Triggered	5,23,24,25,26,27,28,29,30,31,	 NoSound	40	2	6246653
6246853	Triggered	5,23,24,25,26,27,28,29,30,31,	 PureTone-1kHz	40	2	6246853
6253572	Triggered	2,	 NoSound	40	2	6253572
6268916	Triggered	5,23,24,25,26,27,28,29,30,31,	 NoSound	40	2	6268916
6269116	Triggered	5,23,24,25,26,27,28,29,30,31,	 StopSoundLong	40	2	6269116
6281008	Triggered	1,14,15,16,17,18,19,20,21,22,	 NoSound	40	2	6281008
6281211	Triggered	1,14,15,16,17,18,19,20,21,22,	 PureTone-13kHz	40	2	6281211
6285401	Triggered	4,	 NoSound	40	2	6285401
6296663	Triggered	1,14,15,16,17,18,19,20,21,22,	 NoSound	40	2	6296663
6296863	Triggered	1,14,15,16,17,18,19,20,21,22,	 PureTone-11kHz	40	2	6296863
6300141	Triggered	6,	 NoSound	40	2	6300141
6307723	Triggered	1,14,15,16,17,18,19,20,21,22,	 NoSound	40	2	6307723
6307923	Triggered	1,14,15,16,17,18,19,20,21,22,	 PureTone-9kHz	40	2	6307923
6311873	Triggered	4,	 NoSound	40	2	6311873
6326493	Triggered	1,14,15,16,17,18,19,20,21,22,	 NoSound	40	2	6326493
6326693	Triggered	1,14,15,16,17,18,19,20,21,22,	 PureTone-7kHz	40	2	6326693
6330465	Triggered	4,	 NoSound	40	2	6330465
6341836	Triggered	1,14,15,16,17,18,19,20,21,22,	 NoSound	40	2	6341836
6342036	Triggered	1,14,15,16,17,18,19,20,21,22,	 PureTone-5kHz	40	2	6342036
6345625	Triggered	4,	 NoSound	40	2	6345625
6358743	Triggered	1,14,15,16,17,18,19,20,21,22,	 NoSound	40	2	6358743
6358943	Triggered	1,14,15,16,17,18,19,20,21,22,	 PureTone-3kHz	40	2	6358943
6362172	Triggered	4,	 NoSound	40	2	6362172
6374144	Triggered	1,14,15,16,17,18,19,20,21,22,	 NoSound	40	2	6374144
6374344	Triggered	1,14,15,16,17,18,19,20,21,22,	 PureTone-1kHz	40	2	6374344
6377874	Triggered	4,	 NoSound	40	2	6377874
6389788	Triggered	1,14,15,16,17,18,19,20,21,22,	 NoSound	40	2	6389788
6389989	Triggered	1,14,15,16,17,18,19,20,21,22,	 StopSoundShort	40	2	6389989
6419751	Triggered	8,	 NoSound	40	2	6419751
6441711	Triggered	5,23,24,25,26,27,28,29,30,31,	 NoSound	40	2	6441711
6441913	Triggered	5,23,24,25,26,27,28,29,30,31,	 PureTone-1kHz	40	2	6441913
6448870	Triggered	8,	 NoSound	40	2	6448870
6480157	Triggered	5,23,24,25,26,27,28,29,30,31,	 NoSound	40	2	6480157
6480359	Triggered	5,23,24,25,26,27,28,29,30,31,	 StopSoundLong	40	2	6480359
