Ver1.3	76747140	StartFile	3/29/2021	10:37:23 AM	E:\BehavioralExperiments\Gerald\Horizon\RawData\032921\SoundData.txt	76747140
76984312	Triggered	5,23,24,25,26,27,28,29,30,31,	 NoSound	40	2	76984312
76984514	Triggered	5,23,24,25,26,27,28,29,30,31,	 StopSoundLong	40	2	76984514
76997214	Triggered	1,14,15,16,17,18,19,20,21,22,	 NoSound	40	2	76997214
77001640	Triggered	4,42,43,44,45,46,	 NoSound	40	2	77001640
77001841	Triggered	4,42,43,44,45,46,	 File_beep3	40	2	77001841
77012855	Triggered	1,14,15,16,17,18,19,20,21,22,	 NoSound	40	2	77012855
77013058	Triggered	1,14,15,16,17,18,19,20,21,22,	 PureTone-11kHz	40	2	77013058
77016198	Triggered	6,47,48,49,50,51,	 NoSound	40	2	77016198
77016399	Triggered	6,47,48,49,50,51,	 File_beep3	40	2	77016399
77028362	Triggered	1,14,15,16,17,18,19,20,21,22,	 NoSound	40	2	77028362
77028565	Triggered	1,14,15,16,17,18,19,20,21,22,	 PureTone-9kHz	40	2	77028565
77032907	Triggered	4,42,43,44,45,46,	 NoSound	40	2	77032907
77033108	Triggered	4,42,43,44,45,46,	 File_beep3	40	2	77033108
77043071	Triggered	1,14,15,16,17,18,19,20,21,22,	 NoSound	40	2	77043071
77043274	Triggered	1,14,15,16,17,18,19,20,21,22,	 PureTone-7kHz	40	2	77043274
77046276	Triggered	6,47,48,49,50,51,	 NoSound	40	2	77046276
77046477	Triggered	6,47,48,49,50,51,	 File_beep3	40	2	77046477
77054496	Triggered	1,14,15,16,17,18,19,20,21,22,	 NoSound	40	2	77054496
77054698	Triggered	1,14,15,16,17,18,19,20,21,22,	 PureTone-5kHz	40	2	77054698
77057571	Triggered	6,47,48,49,50,51,	 NoSound	40	2	77057571
77057774	Triggered	6,47,48,49,50,51,	 File_beep3	40	2	77057774
77066728	Triggered	1,14,15,16,17,18,19,20,21,22,	 NoSound	40	2	77066728
77066929	Triggered	1,14,15,16,17,18,19,20,21,22,	 PureTone-3kHz	40	2	77066929
77069737	Triggered	6,47,48,49,50,51,	 NoSound	40	2	77069737
77069938	Triggered	6,47,48,49,50,51,	 File_beep3	40	2	77069938
77077556	Triggered	1,14,15,16,17,18,19,20,21,22,	 NoSound	40	2	77077556
77077758	Triggered	1,14,15,16,17,18,19,20,21,22,	 PureTone-2kHz	40	2	77077758
77080965	Triggered	6,47,48,49,50,51,	 NoSound	40	2	77080965
77081167	Triggered	6,47,48,49,50,51,	 File_beep3	40	2	77081167
77088183	Triggered	1,14,15,16,17,18,19,20,21,22,	 NoSound	40	2	77088183
77088385	Triggered	1,14,15,16,17,18,19,20,21,22,	 PureTone-1kHz	40	2	77088385
77091193	Triggered	6,47,48,49,50,51,	 NoSound	40	2	77091193
77091395	Triggered	6,47,48,49,50,51,	 File_beep3	40	2	77091395
77098945	Triggered	1,14,15,16,17,18,19,20,21,22,	 NoSound	40	2	77098945
77099145	Triggered	1,14,15,16,17,18,19,20,21,22,	 StopSoundShort	40	2	77099145
77113383	Triggered	5,23,24,25,26,27,28,29,30,31,	 NoSound	40	2	77113383
77113588	Triggered	5,23,24,25,26,27,28,29,30,31,	 PureTone-3kHz	40	2	77113588
77117193	Triggered	2,37,38,39,40,41,	 NoSound	40	2	77117193
77125012	Triggered	5,23,24,25,26,27,28,29,30,31,	 NoSound	40	2	77125012
77125215	Triggered	5,23,24,25,26,27,28,29,30,31,	 PureTone-2kHz	40	2	77125215
77128956	Triggered	8,52,53,54,55,56,	 NoSound	40	2	77128956
77129157	Triggered	8,52,53,54,55,56,	 File_beep1	40	2	77129157
77136309	Triggered	5,23,24,25,26,27,28,29,30,31,	 NoSound	40	2	77136309
77136522	Triggered	5,23,24,25,26,27,28,29,30,31,	 PureTone-1kHz	40	2	77136522
77139451	Triggered	8,52,53,54,55,56,	 NoSound	40	2	77139451
77139652	Triggered	8,52,53,54,55,56,	 File_beep1	40	2	77139652
77149143	Triggered	5,23,24,25,26,27,28,29,30,31,	 NoSound	40	2	77149143
77149344	Triggered	5,23,24,25,26,27,28,29,30,31,	 StopSoundLong	40	2	77149344
77159971	Triggered	1,14,15,16,17,18,19,20,21,22,	 NoSound	40	2	77159971
77162977	Triggered	6,47,48,49,50,51,	 NoSound	40	2	77162977
77163182	Triggered	6,47,48,49,50,51,	 File_beep5	40	2	77163182
77175409	Triggered	1,14,15,16,17,18,19,20,21,22,	 NoSound	40	2	77175409
77175614	Triggered	1,14,15,16,17,18,19,20,21,22,	 PureTone-11kHz	40	2	77175614
77177816	Triggered	6,47,48,49,50,51,	 NoSound	40	2	77177816
77178019	Triggered	6,47,48,49,50,51,	 File_beep5	40	2	77178019
77188846	Triggered	1,14,15,16,17,18,19,20,21,22,	 NoSound	40	2	77188846
77189052	Triggered	1,14,15,16,17,18,19,20,21,22,	 PureTone-9kHz	40	2	77189052
77191251	Triggered	6,47,48,49,50,51,	 NoSound	40	2	77191251
77191455	Triggered	6,47,48,49,50,51,	 File_beep5	40	2	77191455
77201479	Triggered	1,14,15,16,17,18,19,20,21,22,	 NoSound	40	2	77201479
77201695	Triggered	1,14,15,16,17,18,19,20,21,22,	 PureTone-7kHz	40	2	77201695
77203951	Triggered	6,47,48,49,50,51,	 NoSound	40	2	77203951
77204153	Triggered	6,47,48,49,50,51,	 File_beep5	40	2	77204153
77214316	Triggered	1,14,15,16,17,18,19,20,21,22,	 NoSound	40	2	77214316
77214519	Triggered	1,14,15,16,17,18,19,20,21,22,	 PureTone-5kHz	40	2	77214519
77216919	Triggered	6,47,48,49,50,51,	 NoSound	40	2	77216919
77217132	Triggered	6,47,48,49,50,51,	 File_beep5	40	2	77217132
77228348	Triggered	1,14,15,16,17,18,19,20,21,22,	 NoSound	40	2	77228348
77228551	Triggered	1,14,15,16,17,18,19,20,21,22,	 PureTone-3kHz	40	2	77228551
77231691	Triggered	6,47,48,49,50,51,	 NoSound	40	2	77231691
77231896	Triggered	6,47,48,49,50,51,	 File_beep5	40	2	77231896
77241382	Triggered	1,14,15,16,17,18,19,20,21,22,	 NoSound	40	2	77241382
77241583	Triggered	1,14,15,16,17,18,19,20,21,22,	 PureTone-2kHz	40	2	77241583
77244257	Triggered	6,47,48,49,50,51,	 NoSound	40	2	77244257
77244459	Triggered	6,47,48,49,50,51,	 File_beep5	40	2	77244459
77263445	Triggered	1,14,15,16,17,18,19,20,21,22,	 NoSound	40	2	77263445
77263647	Triggered	1,14,15,16,17,18,19,20,21,22,	 PureTone-1kHz	40	2	77263647
77267117	Triggered	4,42,43,44,45,46,	 NoSound	40	2	77267117
77267330	Triggered	4,42,43,44,45,46,	 File_beep1	40	2	77267330
77274067	Triggered	1,14,15,16,17,18,19,20,21,22,	 NoSound	40	2	77274067
77274267	Triggered	1,14,15,16,17,18,19,20,21,22,	 StopSoundShort	40	2	77274267
77287644	Triggered	5,23,24,25,26,27,28,29,30,31,	 NoSound	40	2	77287644
77287850	Triggered	5,23,24,25,26,27,28,29,30,31,	 PureTone-3kHz	40	2	77287850
77291246	Triggered	2,37,38,39,40,41,	 NoSound	40	2	77291246
77291460	Triggered	2,37,38,39,40,41,	 File_beep1	40	2	77291460
77299133	Triggered	5,23,24,25,26,27,28,29,30,31,	 NoSound	40	2	77299133
77299335	Triggered	5,23,24,25,26,27,28,29,30,31,	 PureTone-2kHz	40	2	77299335
77302207	Triggered	8,52,53,54,55,56,	 NoSound	40	2	77302207
77302410	Triggered	8,52,53,54,55,56,	 File_beep4	40	2	77302410
77314573	Triggered	5,23,24,25,26,27,28,29,30,31,	 NoSound	40	2	77314573
77314776	Triggered	5,23,24,25,26,27,28,29,30,31,	 PureTone-1kHz	40	2	77314776
77317180	Triggered	8,52,53,54,55,56,	 NoSound	40	2	77317180
77317382	Triggered	8,52,53,54,55,56,	 File_beep4	40	2	77317382
77327942	Triggered	5,23,24,25,26,27,28,29,30,31,	 NoSound	40	2	77327942
77328145	Triggered	5,23,24,25,26,27,28,29,30,31,	 StopSoundLong	40	2	77328145
77340575	Triggered	1,14,15,16,17,18,19,20,21,22,	 NoSound	40	2	77340575
77343655	Triggered	6,47,48,49,50,51,	 NoSound	40	2	77343655
77343856	Triggered	6,47,48,49,50,51,	 File_beep2	40	2	77343856
77350533	Triggered	1,14,15,16,17,18,19,20,21,22,	 NoSound	40	2	77350533
77350736	Triggered	1,14,15,16,17,18,19,20,21,22,	 PureTone-11kHz	40	2	77350736
77353208	Triggered	6,47,48,49,50,51,	 NoSound	40	2	77353208
77353409	Triggered	6,47,48,49,50,51,	 File_beep2	40	2	77353409
77361027	Triggered	1,14,15,16,17,18,19,20,21,22,	 NoSound	40	2	77361027
77361230	Triggered	1,14,15,16,17,18,19,20,21,22,	 PureTone-9kHz	40	2	77361230
77363834	Triggered	6,47,48,49,50,51,	 NoSound	40	2	77363834
77364036	Triggered	6,47,48,49,50,51,	 File_beep2	40	2	77364036
77369249	Triggered	1,14,15,16,17,18,19,20,21,22,	 NoSound	40	2	77369249
77369452	Triggered	1,14,15,16,17,18,19,20,21,22,	 PureTone-7kHz	40	2	77369452
77372190	Triggered	6,47,48,49,50,51,	 NoSound	40	2	77372190
77372392	Triggered	6,47,48,49,50,51,	 File_beep2	40	2	77372392
77377884	Triggered	1,14,15,16,17,18,19,20,21,22,	 NoSound	40	2	77377884
77378088	Triggered	1,14,15,16,17,18,19,20,21,22,	 PureTone-5kHz	40	2	77378088
77380679	Triggered	6,47,48,49,50,51,	 NoSound	40	2	77380679
77380880	Triggered	6,47,48,49,50,51,	 File_beep2	40	2	77380880
77387228	Triggered	1,14,15,16,17,18,19,20,21,22,	 NoSound	40	2	77387228
77387431	Triggered	1,14,15,16,17,18,19,20,21,22,	 PureTone-3kHz	40	2	77387431
77390638	Triggered	6,47,48,49,50,51,	 NoSound	40	2	77390638
77390840	Triggered	6,47,48,49,50,51,	 File_beep2	40	2	77390840
77419446	Triggered	1,14,15,16,17,18,19,20,21,22,	 NoSound	40	2	77419446
77419649	Triggered	1,14,15,16,17,18,19,20,21,22,	 PureTone-2kHz	40	2	77419649
77422188	Triggered	6,47,48,49,50,51,	 NoSound	40	2	77422188
77422401	Triggered	6,47,48,49,50,51,	 File_beep2	40	2	77422401
77428672	Triggered	1,14,15,16,17,18,19,20,21,22,	 NoSound	40	2	77428672
77428874	Triggered	1,14,15,16,17,18,19,20,21,22,	 PureTone-1kHz	40	2	77428874
77431345	Triggered	6,47,48,49,50,51,	 NoSound	40	2	77431345
77431546	Triggered	6,47,48,49,50,51,	 File_beep2	40	2	77431546
77439699	Triggered	1,14,15,16,17,18,19,20,21,22,	 NoSound	40	2	77439699
77439900	Triggered	1,14,15,16,17,18,19,20,21,22,	 StopSoundShort	40	2	77439900
77461825	Triggered	5,23,24,25,26,27,28,29,30,31,	 NoSound	40	2	77461825
77462028	Triggered	5,23,24,25,26,27,28,29,30,31,	 PureTone-3kHz	40	2	77462028
77464970	Triggered	8,52,53,54,55,56,	 NoSound	40	2	77464970
77465171	Triggered	8,52,53,54,55,56,	 File_beep2	40	2	77465171
77473255	Triggered	5,23,24,25,26,27,28,29,30,31,	 NoSound	40	2	77473255
77473457	Triggered	5,23,24,25,26,27,28,29,30,31,	 PureTone-2kHz	40	2	77473457
77476129	Triggered	8,52,53,54,55,56,	 NoSound	40	2	77476129
77476330	Triggered	8,52,53,54,55,56,	 File_beep2	40	2	77476330
77484684	Triggered	5,23,24,25,26,27,28,29,30,31,	 NoSound	40	2	77484684
77484886	Triggered	5,23,24,25,26,27,28,29,30,31,	 PureTone-1kHz	40	2	77484886
77487291	Triggered	8,52,53,54,55,56,	 NoSound	40	2	77487291
77487492	Triggered	8,52,53,54,55,56,	 File_beep2	40	2	77487493
77496181	Triggered	5,23,24,25,26,27,28,29,30,31,	 NoSound	40	2	77496181
77496382	Triggered	5,23,24,25,26,27,28,29,30,31,	 StopSoundLong	40	2	77496382
77506542	Triggered	1,14,15,16,17,18,19,20,21,22,	 NoSound	40	2	77506542
77510017	Triggered	6,47,48,49,50,51,	 NoSound	40	2	77510017
77514629	Triggered	1,14,15,16,17,18,19,20,21,22,	 NoSound	40	2	77514629
77514832	Triggered	1,14,15,16,17,18,19,20,21,22,	 PureTone-11kHz	40	2	77514832
77518506	Triggered	4,42,43,44,45,46,	 NoSound	40	2	77518506
77518707	Triggered	4,42,43,44,45,46,	 File_beep5	40	2	77518707
77530201	Triggered	1,14,15,16,17,18,19,20,21,22,	 NoSound	40	2	77530201
77530404	Triggered	1,14,15,16,17,18,19,20,21,22,	 PureTone-9kHz	40	2	77530404
77533479	Triggered	6,47,48,49,50,51,	 NoSound	40	2	77533479
77537153	Triggered	1,14,15,16,17,18,19,20,21,22,	 NoSound	40	2	77537153
77537357	Triggered	1,14,15,16,17,18,19,20,21,22,	 PureTone-7kHz	40	2	77537357
77540628	Triggered	4,42,43,44,45,46,	 NoSound	40	2	77540628
77540831	Triggered	4,42,43,44,45,46,	 File_beep5	40	2	77540831
77552860	Triggered	1,14,15,16,17,18,19,20,21,22,	 NoSound	40	2	77552860
77553064	Triggered	1,14,15,16,17,18,19,20,21,22,	 PureTone-5kHz	40	2	77553064
77555546	Triggered	6,47,48,49,50,51,	 NoSound	40	2	77555546
77559277	Triggered	1,14,15,16,17,18,19,20,21,22,	 NoSound	40	2	77559277
77559481	Triggered	1,14,15,16,17,18,19,20,21,22,	 PureTone-3kHz	40	2	77559481
77565359	Triggered	6,47,48,49,50,51,	 NoSound	40	2	77565359
77579997	Triggered	1,14,15,16,17,18,19,20,21,22,	 NoSound	40	2	77579997
77580200	Triggered	1,14,15,16,17,18,19,20,21,22,	 PureTone-2kHz	40	2	77580200
77583406	Triggered	4,42,43,44,45,46,	 NoSound	40	2	77583406
77583608	Triggered	4,42,43,44,45,46,	 File_beep5	40	2	77583608
77594568	Triggered	1,14,15,16,17,18,19,20,21,22,	 NoSound	40	2	77594568
77594770	Triggered	1,14,15,16,17,18,19,20,21,22,	 PureTone-1kHz	40	2	77594770
77598112	Triggered	4,42,43,44,45,46,	 NoSound	40	2	77598112
77598314	Triggered	4,42,43,44,45,46,	 File_beep5	40	2	77598314
77608874	Triggered	1,14,15,16,17,18,19,20,21,22,	 NoSound	40	2	77608874
77609075	Triggered	1,14,15,16,17,18,19,20,21,22,	 StopSoundShort	40	2	77609075
77637614	Triggered	5,23,24,25,26,27,28,29,30,31,	 NoSound	40	2	77637614
77637820	Triggered	5,23,24,25,26,27,28,29,30,31,	 PureTone-3kHz	40	2	77637820
77641426	Triggered	2,37,38,39,40,41,	 NoSound	40	2	77641426
77641628	Triggered	2,37,38,39,40,41,	 File_beep4	40	2	77641628
77649848	Triggered	5,23,24,25,26,27,28,29,30,31,	 NoSound	40	2	77649848
77650049	Triggered	5,23,24,25,26,27,28,29,30,31,	 PureTone-2kHz	40	2	77650049
77654259	Triggered	2,37,38,39,40,41,	 NoSound	40	2	77654259
77654461	Triggered	2,37,38,39,40,41,	 File_beep4	40	2	77654461
77663617	Triggered	5,23,24,25,26,27,28,29,30,31,	 NoSound	40	2	77663617
77663819	Triggered	5,23,24,25,26,27,28,29,30,31,	 PureTone-1kHz	40	2	77663819
77667426	Triggered	2,37,38,39,40,41,	 NoSound	40	2	77667426
77667628	Triggered	2,37,38,39,40,41,	 File_beep4	40	2	77667628
77675982	Triggered	5,23,24,25,26,27,28,29,30,31,	 NoSound	40	2	77675982
77676183	Triggered	5,23,24,25,26,27,28,29,30,31,	 StopSoundLong	40	2	77676183
77688815	Triggered	1,14,15,16,17,18,19,20,21,22,	 NoSound	40	2	77688815
77692357	Triggered	4,42,43,44,45,46,	 NoSound	40	2	77692357
77692559	Triggered	4,42,43,44,45,46,	 File_beep2	40	2	77692559
77700578	Triggered	1,14,15,16,17,18,19,20,21,22,	 NoSound	40	2	77700578
77700781	Triggered	1,14,15,16,17,18,19,20,21,22,	 PureTone-11kHz	40	2	77700781
77704790	Triggered	4,42,43,44,45,46,	 NoSound	40	2	77704790
77704991	Triggered	4,42,43,44,45,46,	 File_beep2	40	2	77704991
77713815	Triggered	1,14,15,16,17,18,19,20,21,22,	 NoSound	40	2	77713815
77714019	Triggered	1,14,15,16,17,18,19,20,21,22,	 PureTone-9kHz	40	2	77714019
77717558	Triggered	4,42,43,44,45,46,	 NoSound	40	2	77717558
77717760	Triggered	4,42,43,44,45,46,	 File_beep2	40	2	77717760
77725510	Triggered	1,14,15,16,17,18,19,20,21,22,	 NoSound	40	2	77725510
77725715	Triggered	1,14,15,16,17,18,19,20,21,22,	 PureTone-7kHz	40	2	77725715
77729253	Triggered	4,42,43,44,45,46,	 NoSound	40	2	77729253
77729455	Triggered	4,42,43,44,45,46,	 File_beep2	40	2	77729455
77737342	Triggered	1,14,15,16,17,18,19,20,21,22,	 NoSound	40	2	77737342
77737547	Triggered	1,14,15,16,17,18,19,20,21,22,	 PureTone-5kHz	40	2	77737547
77740884	Triggered	4,42,43,44,45,46,	 NoSound	40	2	77740884
77741085	Triggered	4,42,43,44,45,46,	 File_beep2	40	2	77741085
77748704	Triggered	1,14,15,16,17,18,19,20,21,22,	 NoSound	40	2	77748704
77748920	Triggered	1,14,15,16,17,18,19,20,21,22,	 PureTone-3kHz	40	2	77748920
77752789	Triggered	4,42,43,44,45,46,	 NoSound	40	2	77752789
77752990	Triggered	4,42,43,44,45,46,	 File_beep2	40	2	77752990
77761271	Triggered	1,14,15,16,17,18,19,20,21,22,	 NoSound	40	2	77761271
77761474	Triggered	1,14,15,16,17,18,19,20,21,22,	 PureTone-2kHz	40	2	77761474
77765484	Triggered	4,42,43,44,45,46,	 NoSound	40	2	77765484
77765687	Triggered	4,42,43,44,45,46,	 File_beep2	40	2	77765687
77773969	Triggered	1,14,15,16,17,18,19,20,21,22,	 NoSound	40	2	77773969
77774171	Triggered	1,14,15,16,17,18,19,20,21,22,	 PureTone-1kHz	40	2	77774171
77777780	Triggered	6,47,48,49,50,51,	 NoSound	40	2	77777780
77777983	Triggered	6,47,48,49,50,51,	 File_beep3	40	2	77777983
77788541	Triggered	1,14,15,16,17,18,19,20,21,22,	 NoSound	40	2	77788541
77788741	Triggered	1,14,15,16,17,18,19,20,21,22,	 StopSoundShort	40	2	77788741
77801509	Triggered	5,23,24,25,26,27,28,29,30,31,	 NoSound	40	2	77801509
77801725	Triggered	5,23,24,25,26,27,28,29,30,31,	 PureTone-3kHz	40	2	77801725
77804718	Triggered	2,37,38,39,40,41,	 NoSound	40	2	77804718
77809061	Triggered	5,23,24,25,26,27,28,29,30,31,	 NoSound	40	2	77809061
77809262	Triggered	5,23,24,25,26,27,28,29,30,31,	 PureTone-2kHz	40	2	77809262
77812938	Triggered	8,52,53,54,55,56,	 NoSound	40	2	77812938
77813141	Triggered	8,52,53,54,55,56,	 File_beep4	40	2	77813141
77825771	Triggered	5,23,24,25,26,27,28,29,30,31,	 NoSound	40	2	77825771
77825984	Triggered	5,23,24,25,26,27,28,29,30,31,	 PureTone-1kHz	40	2	77825984
77829380	Triggered	8,52,53,54,55,56,	 NoSound	40	2	77829380
77829582	Triggered	8,52,53,54,55,56,	 File_beep4	40	2	77829582
77842750	Triggered	5,23,24,25,26,27,28,29,30,31,	 NoSound	40	2	77842750
77842951	Triggered	5,23,24,25,26,27,28,29,30,31,	 StopSoundLong	40	2	77842951
77861732	Triggered	1,14,15,16,17,18,19,20,21,22,	 NoSound	40	2	77861732
77864941	Triggered	4,42,43,44,45,46,	 NoSound	40	2	77864941
77865157	Triggered	4,42,43,44,45,46,	 File_beep1	40	2	77865157
77871624	Triggered	1,14,15,16,17,18,19,20,21,22,	 NoSound	40	2	77871624
77871829	Triggered	1,14,15,16,17,18,19,20,21,22,	 PureTone-11kHz	40	2	77871829
77874966	Triggered	6,47,48,49,50,51,	 NoSound	40	2	77874966
77875169	Triggered	6,47,48,49,50,51,	 File_beep1	40	2	77875169
77884190	Triggered	1,14,15,16,17,18,19,20,21,22,	 NoSound	40	2	77884190
77884394	Triggered	1,14,15,16,17,18,19,20,21,22,	 PureTone-9kHz	40	2	77884394
77887398	Triggered	6,47,48,49,50,51,	 NoSound	40	2	77887398
77887599	Triggered	6,47,48,49,50,51,	 File_beep1	40	2	77887599
77892345	Triggered	1,14,15,16,17,18,19,20,21,22,	 NoSound	40	2	77892345
77892548	Triggered	1,14,15,16,17,18,19,20,21,22,	 PureTone-7kHz	40	2	77892548
77896957	Triggered	4,42,43,44,45,46,	 NoSound	40	2	77896957
77897158	Triggered	4,42,43,44,45,46,	 File_beep1	40	2	77897158
77910594	Triggered	1,14,15,16,17,18,19,20,21,22,	 NoSound	40	2	77910594
77910796	Triggered	1,14,15,16,17,18,19,20,21,22,	 PureTone-5kHz	40	2	77910796
77915070	Triggered	4,42,43,44,45,46,	 NoSound	40	2	77915070
77915271	Triggered	4,42,43,44,45,46,	 File_beep1	40	2	77915271
77932048	Triggered	1,14,15,16,17,18,19,20,21,22,	 NoSound	40	2	77932048
77932262	Triggered	1,14,15,16,17,18,19,20,21,22,	 PureTone-3kHz	40	2	77932262
77934859	Triggered	6,47,48,49,50,51,	 NoSound	40	2	77934859
77935059	Triggered	6,47,48,49,50,51,	 File_beep1	40	2	77935059
77939802	Triggered	1,14,15,16,17,18,19,20,21,22,	 NoSound	40	2	77939802
77940003	Triggered	1,14,15,16,17,18,19,20,21,22,	 PureTone-2kHz	40	2	77940003
77943945	Triggered	4,42,43,44,45,46,	 NoSound	40	2	77943945
77944146	Triggered	4,42,43,44,45,46,	 File_beep1	40	2	77944146
77950161	Triggered	1,14,15,16,17,18,19,20,21,22,	 NoSound	40	2	77950161
77950363	Triggered	1,14,15,16,17,18,19,20,21,22,	 PureTone-1kHz	40	2	77950363
77953839	Triggered	6,47,48,49,50,51,	 NoSound	40	2	77953839
77954039	Triggered	6,47,48,49,50,51,	 File_beep1	40	2	77954039
77959587	Triggered	1,14,15,16,17,18,19,20,21,22,	 NoSound	40	2	77959587
77959789	Triggered	1,14,15,16,17,18,19,20,21,22,	 StopSoundShort	40	2	77959789
77976632	Triggered	5,23,24,25,26,27,28,29,30,31,	 NoSound	40	2	77976632
77976838	Triggered	5,23,24,25,26,27,28,29,30,31,	 PureTone-3kHz	40	2	77976838
77980041	Triggered	2,37,38,39,40,41,	 NoSound	40	2	77980041
77980242	Triggered	2,37,38,39,40,41,	 File_beep4	40	2	77980242
77989933	Triggered	5,23,24,25,26,27,28,29,30,31,	 NoSound	40	2	77989933
77990135	Triggered	5,23,24,25,26,27,28,29,30,31,	 PureTone-2kHz	40	2	77990135
77993409	Triggered	8,52,53,54,55,56,	 NoSound	40	2	77993409
77999022	Triggered	5,23,24,25,26,27,28,29,30,31,	 NoSound	40	2	77999022
77999235	Triggered	5,23,24,25,26,27,28,29,30,31,	 PureTone-1kHz	40	2	77999235
78002297	Triggered	2,37,38,39,40,41,	 NoSound	40	2	78002297
78002501	Triggered	2,37,38,39,40,41,	 File_beep4	40	2	78002501
78015065	Triggered	5,23,24,25,26,27,28,29,30,31,	 NoSound	40	2	78015065
78015266	Triggered	5,23,24,25,26,27,28,29,30,31,	 StopSoundLong	40	2	78015266
78026695	Triggered	1,14,15,16,17,18,19,20,21,22,	 NoSound	40	2	78026695
78030170	Triggered	6,47,48,49,50,51,	 NoSound	40	2	78030170
78030371	Triggered	6,47,48,49,50,51,	 File_beep2	40	2	78030371
78038124	Triggered	1,14,15,16,17,18,19,20,21,22,	 NoSound	40	2	78038124
78038328	Triggered	1,14,15,16,17,18,19,20,21,22,	 PureTone-11kHz	40	2	78038328
78041934	Triggered	6,47,48,49,50,51,	 NoSound	40	2	78041934
78042136	Triggered	6,47,48,49,50,51,	 File_beep2	40	2	78042136
78048685	Triggered	1,14,15,16,17,18,19,20,21,22,	 NoSound	40	2	78048685
78048890	Triggered	1,14,15,16,17,18,19,20,21,22,	 PureTone-9kHz	40	2	78048890
78052765	Triggered	4,42,43,44,45,46,	 NoSound	40	2	78052765
78052966	Triggered	4,42,43,44,45,46,	 File_beep3	40	2	78052966
78062855	Triggered	1,14,15,16,17,18,19,20,21,22,	 NoSound	40	2	78062855
78063058	Triggered	1,14,15,16,17,18,19,20,21,22,	 PureTone-7kHz	40	2	78063058
78065865	Triggered	6,47,48,49,50,51,	 NoSound	40	2	78065865
78066065	Triggered	6,47,48,49,50,51,	 File_beep2	40	2	78066065
78072147	Triggered	1,14,15,16,17,18,19,20,21,22,	 NoSound	40	2	78072147
78072350	Triggered	1,14,15,16,17,18,19,20,21,22,	 PureTone-5kHz	40	2	78072350
78075557	Triggered	6,47,48,49,50,51,	 NoSound	40	2	78075557
78075757	Triggered	6,47,48,49,50,51,	 File_beep2	40	2	78075757
78082574	Triggered	1,14,15,16,17,18,19,20,21,22,	 NoSound	40	2	78082574
78082787	Triggered	1,14,15,16,17,18,19,20,21,22,	 PureTone-3kHz	40	2	78082787
78086852	Triggered	4,42,43,44,45,46,	 NoSound	40	2	78086852
78087053	Triggered	4,42,43,44,45,46,	 File_beep3	40	2	78087053
78098220	Triggered	1,14,15,16,17,18,19,20,21,22,	 NoSound	40	2	78098220
78098423	Triggered	1,14,15,16,17,18,19,20,21,22,	 PureTone-2kHz	40	2	78098423
78102024	Triggered	6,47,48,49,50,51,	 NoSound	40	2	78102024
78102226	Triggered	6,47,48,49,50,51,	 File_beep2	40	2	78102226
78112720	Triggered	1,14,15,16,17,18,19,20,21,22,	 NoSound	40	2	78112720
78112934	Triggered	1,14,15,16,17,18,19,20,21,22,	 PureTone-1kHz	40	2	78112934
78116931	Triggered	4,42,43,44,45,46,	 NoSound	40	2	78116931
78117132	Triggered	4,42,43,44,45,46,	 File_beep3	40	2	78117132
78128161	Triggered	1,14,15,16,17,18,19,20,21,22,	 NoSound	40	2	78128161
78128361	Triggered	1,14,15,16,17,18,19,20,21,22,	 StopSoundShort	40	2	78128361
78140258	Triggered	5,23,24,25,26,27,28,29,30,31,	 NoSound	40	2	78140258
78140463	Triggered	5,23,24,25,26,27,28,29,30,31,	 PureTone-3kHz	40	2	78140463
78144335	Triggered	8,52,53,54,55,56,	 NoSound	40	2	78144335
78148479	Triggered	5,23,24,25,26,27,28,29,30,31,	 NoSound	40	2	78148479
78148681	Triggered	5,23,24,25,26,27,28,29,30,31,	 PureTone-2kHz	40	2	78148681
78152490	Triggered	2,37,38,39,40,41,	 NoSound	40	2	78152490
78152692	Triggered	2,37,38,39,40,41,	 File_beep2	40	2	78152692
78159842	Triggered	5,23,24,25,26,27,28,29,30,31,	 NoSound	40	2	78159842
78160043	Triggered	5,23,24,25,26,27,28,29,30,31,	 PureTone-1kHz	40	2	78160043
78163585	Triggered	8,52,53,54,55,56,	 NoSound	40	2	78163585
78167863	Triggered	5,23,24,25,26,27,28,29,30,31,	 NoSound	40	2	78167863
78168066	Triggered	5,23,24,25,26,27,28,29,30,31,	 StopSoundLong	40	2	78168066
78180430	Triggered	1,14,15,16,17,18,19,20,21,22,	 NoSound	40	2	78180430
78184974	Triggered	6,47,48,49,50,51,	 NoSound	40	2	78184974
78191726	Triggered	1,14,15,16,17,18,19,20,21,22,	 NoSound	40	2	78191726
78191929	Triggered	1,14,15,16,17,18,19,20,21,22,	 PureTone-11kHz	40	2	78191929
78195673	Triggered	4,42,43,44,45,46,	 NoSound	40	2	78195673
78195874	Triggered	4,42,43,44,45,46,	 File_beep1	40	2	78195874
78203032	Triggered	1,14,15,16,17,18,19,20,21,22,	 NoSound	40	2	78203032
78203237	Triggered	1,14,15,16,17,18,19,20,21,22,	 PureTone-9kHz	40	2	78203237
78206496	Triggered	6,47,48,49,50,51,	 NoSound	40	2	78206496
78210975	Triggered	1,14,15,16,17,18,19,20,21,22,	 NoSound	40	2	78210975
78211179	Triggered	1,14,15,16,17,18,19,20,21,22,	 PureTone-7kHz	40	2	78211179
78215390	Triggered	4,42,43,44,45,46,	 NoSound	40	2	78215390
78215591	Triggered	4,42,43,44,45,46,	 File_beep1	40	2	78215591
78223207	Triggered	1,14,15,16,17,18,19,20,21,22,	 NoSound	40	2	78223207
78223409	Triggered	1,14,15,16,17,18,19,20,21,22,	 PureTone-5kHz	40	2	78223409
78228019	Triggered	4,42,43,44,45,46,	 NoSound	40	2	78228019
78228219	Triggered	4,42,43,44,45,46,	 File_beep1	40	2	78228219
78235772	Triggered	1,14,15,16,17,18,19,20,21,22,	 NoSound	40	2	78235772
78235975	Triggered	1,14,15,16,17,18,19,20,21,22,	 PureTone-3kHz	40	2	78235975
78240518	Triggered	4,42,43,44,45,46,	 NoSound	40	2	78240518
78240718	Triggered	4,42,43,44,45,46,	 File_beep1	40	2	78240718
78247605	Triggered	1,14,15,16,17,18,19,20,21,22,	 NoSound	40	2	78247605
78247807	Triggered	1,14,15,16,17,18,19,20,21,22,	 PureTone-2kHz	40	2	78247807
78251480	Triggered	6,47,48,49,50,51,	 NoSound	40	2	78251480
78256761	Triggered	1,14,15,16,17,18,19,20,21,22,	 NoSound	40	2	78256761
78256962	Triggered	1,14,15,16,17,18,19,20,21,22,	 PureTone-1kHz	40	2	78256962
78261179	Triggered	4,42,43,44,45,46,	 NoSound	40	2	78261179
78261380	Triggered	4,42,43,44,45,46,	 File_beep1	40	2	78261380
78268525	Triggered	1,14,15,16,17,18,19,20,21,22,	 NoSound	40	2	78268525
78268726	Triggered	1,14,15,16,17,18,19,20,21,22,	 StopSoundShort	40	2	78268726
78280959	Triggered	5,23,24,25,26,27,28,29,30,31,	 NoSound	40	2	78280959
78281165	Triggered	5,23,24,25,26,27,28,29,30,31,	 PureTone-3kHz	40	2	78281165
78284367	Triggered	2,37,38,39,40,41,	 NoSound	40	2	78284367
78284567	Triggered	2,37,38,39,40,41,	 File_beep1	40	2	78284567
78290582	Triggered	5,23,24,25,26,27,28,29,30,31,	 NoSound	40	2	78290582
78290784	Triggered	5,23,24,25,26,27,28,29,30,31,	 PureTone-2kHz	40	2	78290784
78294258	Triggered	2,37,38,39,40,41,	 NoSound	40	2	78294258
78294459	Triggered	2,37,38,39,40,41,	 File_beep1	40	2	78294459
78300141	Triggered	5,23,24,25,26,27,28,29,30,31,	 NoSound	40	2	78300141
78300343	Triggered	5,23,24,25,26,27,28,29,30,31,	 PureTone-1kHz	40	2	78300343
78304289	Triggered	8,52,53,54,55,56,	 NoSound	40	2	78304289
78304491	Triggered	8,52,53,54,55,56,	 File_beep5	40	2	78304491
78321261	Triggered	5,23,24,25,26,27,28,29,30,31,	 NoSound	40	2	78321261
78321463	Triggered	5,23,24,25,26,27,28,29,30,31,	 StopSoundLong	40	2	78321463
78336100	Triggered	6,47,48,49,50,51,	 NoSound	40	2	78336100
78336305	Triggered	6,47,48,49,50,51,	 File_beep5	40	2	78336305
78348470	Triggered	1,14,15,16,17,18,19,20,21,22,	 NoSound	40	2	78348470
78348676	Triggered	1,14,15,16,17,18,19,20,21,22,	 PureTone-11kHz	40	2	78348676
78352277	Triggered	6,47,48,49,50,51,	 NoSound	40	2	78352277
78352480	Triggered	6,47,48,49,50,51,	 File_beep5	40	2	78352480
78363714	Triggered	1,14,15,16,17,18,19,20,21,22,	 NoSound	40	2	78363714
78363918	Triggered	1,14,15,16,17,18,19,20,21,22,	 PureTone-9kHz	40	2	78363918
78366915	Triggered	6,47,48,49,50,51,	 NoSound	40	2	78366915
78367129	Triggered	6,47,48,49,50,51,	 File_beep5	40	2	78367129
78379348	Triggered	1,14,15,16,17,18,19,20,21,22,	 NoSound	40	2	78379348
78379553	Triggered	1,14,15,16,17,18,19,20,21,22,	 PureTone-7kHz	40	2	78379553
78382289	Triggered	6,47,48,49,50,51,	 NoSound	40	2	78382289
78382491	Triggered	6,47,48,49,50,51,	 File_beep5	40	2	78382491
78394453	Triggered	1,14,15,16,17,18,19,20,21,22,	 NoSound	40	2	78394453
78394656	Triggered	1,14,15,16,17,18,19,20,21,22,	 PureTone-5kHz	40	2	78394656
78397728	Triggered	6,47,48,49,50,51,	 NoSound	40	2	78397728
78397931	Triggered	6,47,48,49,50,51,	 File_beep5	40	2	78397931
78410629	Triggered	1,14,15,16,17,18,19,20,21,22,	 NoSound	40	2	78410629
78410844	Triggered	1,14,15,16,17,18,19,20,21,22,	 PureTone-3kHz	40	2	78410844
78413769	Triggered	6,47,48,49,50,51,	 NoSound	40	2	78413769
78413972	Triggered	6,47,48,49,50,51,	 File_beep5	40	2	78413972
78425669	Triggered	1,14,15,16,17,18,19,20,21,22,	 NoSound	40	2	78425669
78425870	Triggered	1,14,15,16,17,18,19,20,21,22,	 PureTone-2kHz	40	2	78425870
78428809	Triggered	6,47,48,49,50,51,	 NoSound	40	2	78428809
78429013	Triggered	6,47,48,49,50,51,	 File_beep5	40	2	78429013
78440974	Triggered	1,14,15,16,17,18,19,20,21,22,	 NoSound	40	2	78440974
78441175	Triggered	1,14,15,16,17,18,19,20,21,22,	 PureTone-1kHz	40	2	78441175
78444183	Triggered	6,47,48,49,50,51,	 NoSound	40	2	78444183
78444384	Triggered	6,47,48,49,50,51,	 File_beep5	40	2	78444384
78456821	Triggered	1,14,15,16,17,18,19,20,21,22,	 NoSound	40	2	78456821
78457022	Triggered	1,14,15,16,17,18,19,20,21,22,	 StopSoundShort	40	2	78457022
78474931	Triggered	5,23,24,25,26,27,28,29,30,31,	 NoSound	40	2	78474931
78475135	Triggered	5,23,24,25,26,27,28,29,30,31,	 PureTone-3kHz	40	2	78475135
78478406	Triggered	2,37,38,39,40,41,	 NoSound	40	2	78478406
78478608	Triggered	2,37,38,39,40,41,	 File_beep4	40	2	78478608
78490309	Triggered	5,23,24,25,26,27,28,29,30,31,	 NoSound	40	2	78490309
78490512	Triggered	5,23,24,25,26,27,28,29,30,31,	 PureTone-2kHz	40	2	78490512
78494714	Triggered	8,52,53,54,55,56,	 NoSound	40	2	78494714
78494916	Triggered	8,52,53,54,55,56,	 File_beep1	40	2	78494916
78503604	Triggered	5,23,24,25,26,27,28,29,30,31,	 NoSound	40	2	78503604
78503806	Triggered	5,23,24,25,26,27,28,29,30,31,	 PureTone-1kHz	40	2	78503806
78507214	Triggered	8,52,53,54,55,56,	 NoSound	40	2	78507214
78507414	Triggered	8,52,53,54,55,56,	 File_beep1	40	2	78507414
78516437	Triggered	5,23,24,25,26,27,28,29,30,31,	 NoSound	40	2	78516437
78516639	Triggered	5,23,24,25,26,27,28,29,30,31,	 StopSoundLong	40	2	78516639
78531877	Triggered	6,47,48,49,50,51,	 NoSound	40	2	78531877
78532083	Triggered	6,47,48,49,50,51,	 File_beep5	40	2	78532083
78544311	Triggered	1,14,15,16,17,18,19,20,21,22,	 NoSound	40	2	78544311
78544513	Triggered	1,14,15,16,17,18,19,20,21,22,	 PureTone-11kHz	40	2	78544513
78547384	Triggered	6,47,48,49,50,51,	 NoSound	40	2	78547384
78547587	Triggered	6,47,48,49,50,51,	 File_beep5	40	2	78547587
78560753	Triggered	1,14,15,16,17,18,19,20,21,22,	 NoSound	40	2	78560753
78560957	Triggered	1,14,15,16,17,18,19,20,21,22,	 PureTone-9kHz	40	2	78560957
78563828	Triggered	6,47,48,49,50,51,	 NoSound	40	2	78563828
78564030	Triggered	6,47,48,49,50,51,	 File_beep5	40	2	78564030
78575926	Triggered	1,14,15,16,17,18,19,20,21,22,	 NoSound	40	2	78575926
78576131	Triggered	1,14,15,16,17,18,19,20,21,22,	 PureTone-7kHz	40	2	78576131
78579136	Triggered	6,47,48,49,50,51,	 NoSound	40	2	78579136
78579338	Triggered	6,47,48,49,50,51,	 File_beep5	40	2	78579338
78599734	Triggered	1,14,15,16,17,18,19,20,21,22,	 NoSound	40	2	78599734
78599938	Triggered	1,14,15,16,17,18,19,20,21,22,	 PureTone-5kHz	40	2	78599938
78606807	Triggered	4,42,43,44,45,46,	 NoSound	40	2	78606807
78607009	Triggered	4,42,43,44,45,46,	 File_beep5	40	2	78607009
78620376	Triggered	1,14,15,16,17,18,19,20,21,22,	 NoSound	40	2	78620376
78620577	Triggered	1,14,15,16,17,18,19,20,21,22,	 PureTone-3kHz	40	2	78620577
78623852	Triggered	6,47,48,49,50,51,	 NoSound	40	2	78623852
78624053	Triggered	6,47,48,49,50,51,	 File_beep5	40	2	78624053
78635883	Triggered	1,14,15,16,17,18,19,20,21,22,	 NoSound	40	2	78635883
78636085	Triggered	1,14,15,16,17,18,19,20,21,22,	 PureTone-2kHz	40	2	78636085
78639694	Triggered	6,47,48,49,50,51,	 NoSound	40	2	78639694
78639909	Triggered	6,47,48,49,50,51,	 File_beep5	40	2	78639909
78653261	Triggered	1,14,15,16,17,18,19,20,21,22,	 NoSound	40	2	78653261
78653463	Triggered	1,14,15,16,17,18,19,20,21,22,	 PureTone-1kHz	40	2	78653463
78656603	Triggered	6,47,48,49,50,51,	 NoSound	40	2	78656603
78656805	Triggered	6,47,48,49,50,51,	 File_beep5	40	2	78656805
78669303	Triggered	1,14,15,16,17,18,19,20,21,22,	 NoSound	40	2	78669303
78669504	Triggered	1,14,15,16,17,18,19,20,21,22,	 StopSoundShort	40	2	78669504
78685412	Triggered	5,23,24,25,26,27,28,29,30,31,	 NoSound	40	2	78685412
78685615	Triggered	5,23,24,25,26,27,28,29,30,31,	 PureTone-3kHz	40	2	78685615
78689623	Triggered	8,52,53,54,55,56,	 NoSound	40	2	78689623
78695439	Triggered	5,23,24,25,26,27,28,29,30,31,	 NoSound	40	2	78695439
78695640	Triggered	5,23,24,25,26,27,28,29,30,31,	 PureTone-2kHz	40	2	78695640
78698981	Triggered	2,37,38,39,40,41,	 NoSound	40	2	78698981
78699183	Triggered	2,37,38,39,40,41,	 File_beep3	40	2	78699183
78708539	Triggered	5,23,24,25,26,27,28,29,30,31,	 NoSound	40	2	78708539
78708740	Triggered	5,23,24,25,26,27,28,29,30,31,	 PureTone-1kHz	40	2	78708740
78712214	Triggered	8,52,53,54,55,56,	 NoSound	40	2	78712214
78723181	Triggered	5,23,24,25,26,27,28,29,30,31,	 NoSound	40	2	78723181
78723383	Triggered	5,23,24,25,26,27,28,29,30,31,	 StopSoundLong	40	2	78723383
78745769	Triggered	1,14,15,16,17,18,19,20,21,22,	 NoSound	40	2	78745769
78749511	Triggered	6,47,48,49,50,51,	 NoSound	40	2	78749511
78755593	Triggered	1,14,15,16,17,18,19,20,21,22,	 NoSound	40	2	78755593
78755796	Triggered	1,14,15,16,17,18,19,20,21,22,	 PureTone-11kHz	40	2	78755796
78760675	Triggered	4,42,43,44,45,46,	 NoSound	40	2	78760675
78760877	Triggered	4,42,43,44,45,46,	 File_beep5	40	2	78760877
78774577	Triggered	1,14,15,16,17,18,19,20,21,22,	 NoSound	40	2	78774577
78774780	Triggered	1,14,15,16,17,18,19,20,21,22,	 PureTone-9kHz	40	2	78774780
78778053	Triggered	6,47,48,49,50,51,	 NoSound	40	2	78778053
78783467	Triggered	1,14,15,16,17,18,19,20,21,22,	 NoSound	40	2	78783467
78783668	Triggered	1,14,15,16,17,18,19,20,21,22,	 PureTone-7kHz	40	2	78783668
78789484	Triggered	4,42,43,44,45,46,	 NoSound	40	2	78789484
78789686	Triggered	4,42,43,44,45,46,	 File_beep5	40	2	78789686
78804321	Triggered	1,14,15,16,17,18,19,20,21,22,	 NoSound	40	2	78804321
78804523	Triggered	1,14,15,16,17,18,19,20,21,22,	 PureTone-5kHz	40	2	78804523
78808266	Triggered	6,47,48,49,50,51,	 NoSound	40	2	78808266
78815484	Triggered	1,14,15,16,17,18,19,20,21,22,	 NoSound	40	2	78815484
78815699	Triggered	1,14,15,16,17,18,19,20,21,22,	 PureTone-3kHz	40	2	78815699
78820298	Triggered	4,42,43,44,45,46,	 NoSound	40	2	78820298
78820500	Triggered	4,42,43,44,45,46,	 File_beep5	40	2	78820500
78834801	Triggered	1,14,15,16,17,18,19,20,21,22,	 NoSound	40	2	78834801
78835003	Triggered	1,14,15,16,17,18,19,20,21,22,	 PureTone-2kHz	40	2	78835003
78839479	Triggered	6,47,48,49,50,51,	 NoSound	40	2	78839479
78845964	Triggered	1,14,15,16,17,18,19,20,21,22,	 NoSound	40	2	78845964
78846165	Triggered	1,14,15,16,17,18,19,20,21,22,	 PureTone-1kHz	40	2	78846165
78850576	Triggered	4,42,43,44,45,46,	 NoSound	40	2	78850576
78850777	Triggered	4,42,43,44,45,46,	 File_beep5	40	2	78850777
78865949	Triggered	1,14,15,16,17,18,19,20,21,22,	 NoSound	40	2	78865949
78866149	Triggered	1,14,15,16,17,18,19,20,21,22,	 StopSoundShort	40	2	78866149
78879050	Triggered	5,23,24,25,26,27,28,29,30,31,	 NoSound	40	2	78879050
78879254	Triggered	5,23,24,25,26,27,28,29,30,31,	 PureTone-3kHz	40	2	78879254
78882928	Triggered	2,37,38,39,40,41,	 NoSound	40	2	78882928
78883129	Triggered	2,37,38,39,40,41,	 File_beep5	40	2	78883129
78897297	Triggered	5,23,24,25,26,27,28,29,30,31,	 NoSound	40	2	78897297
78897499	Triggered	5,23,24,25,26,27,28,29,30,31,	 PureTone-2kHz	40	2	78897499
78900973	Triggered	8,52,53,54,55,56,	 NoSound	40	2	78900973
78901187	Triggered	8,52,53,54,55,56,	 File_beep2	40	2	78901187
78913206	Triggered	5,23,24,25,26,27,28,29,30,31,	 NoSound	40	2	78913206
78913408	Triggered	5,23,24,25,26,27,28,29,30,31,	 PureTone-1kHz	40	2	78913408
78917083	Triggered	8,52,53,54,55,56,	 NoSound	40	2	78917083
78917284	Triggered	8,52,53,54,55,56,	 File_beep2	40	2	78917284
78932255	Triggered	5,23,24,25,26,27,28,29,30,31,	 NoSound	40	2	78932255
78932456	Triggered	5,23,24,25,26,27,28,29,30,31,	 StopSoundLong	40	2	78932456
78948498	Triggered	4,42,43,44,45,46,	 NoSound	40	2	78948498
78948700	Triggered	4,42,43,44,45,46,	 File_beep3	40	2	78948700
78959726	Triggered	1,14,15,16,17,18,19,20,21,22,	 NoSound	40	2	78959726
78959929	Triggered	1,14,15,16,17,18,19,20,21,22,	 PureTone-11kHz	40	2	78959929
78963068	Triggered	6,47,48,49,50,51,	 NoSound	40	2	78963068
78963270	Triggered	6,47,48,49,50,51,	 File_beep4	40	2	78963270
78974165	Triggered	1,14,15,16,17,18,19,20,21,22,	 NoSound	40	2	78974165
78974368	Triggered	1,14,15,16,17,18,19,20,21,22,	 PureTone-9kHz	40	2	78974368
78977240	Triggered	6,47,48,49,50,51,	 NoSound	40	2	78977240
78977442	Triggered	6,47,48,49,50,51,	 File_beep4	40	2	78977442
78988340	Triggered	1,14,15,16,17,18,19,20,21,22,	 NoSound	40	2	78988340
78988542	Triggered	1,14,15,16,17,18,19,20,21,22,	 PureTone-7kHz	40	2	78988542
78991475	Triggered	6,47,48,49,50,51,	 NoSound	40	2	78991475
78991677	Triggered	6,47,48,49,50,51,	 File_beep4	40	2	78991677
79026699	Triggered	1,14,15,16,17,18,19,20,21,22,	 NoSound	40	2	79026699
79026912	Triggered	1,14,15,16,17,18,19,20,21,22,	 PureTone-5kHz	40	2	79026912
79031247	Triggered	4,42,43,44,45,46,	 NoSound	40	2	79031247
79031448	Triggered	4,42,43,44,45,46,	 File_beep3	40	2	79031448
79042742	Triggered	1,14,15,16,17,18,19,20,21,22,	 NoSound	40	2	79042742
79042944	Triggered	1,14,15,16,17,18,19,20,21,22,	 PureTone-3kHz	40	2	79042944
79046887	Triggered	4,42,43,44,45,46,	 NoSound	40	2	79046887
79047088	Triggered	4,42,43,44,45,46,	 File_beep3	40	2	79047088
79057114	Triggered	1,14,15,16,17,18,19,20,21,22,	 NoSound	40	2	79057114
79057315	Triggered	1,14,15,16,17,18,19,20,21,22,	 PureTone-2kHz	40	2	79057315
79060523	Triggered	6,47,48,49,50,51,	 NoSound	40	2	79060523
79060725	Triggered	6,47,48,49,50,51,	 File_beep4	40	2	79060725
79072888	Triggered	1,14,15,16,17,18,19,20,21,22,	 NoSound	40	2	79072888
79073090	Triggered	1,14,15,16,17,18,19,20,21,22,	 PureTone-1kHz	40	2	79073090
79077032	Triggered	4,42,43,44,45,46,	 NoSound	40	2	79077032
79077234	Triggered	4,42,43,44,45,46,	 File_beep3	40	2	79077234
79088129	Triggered	1,14,15,16,17,18,19,20,21,22,	 NoSound	40	2	79088129
79088330	Triggered	1,14,15,16,17,18,19,20,21,22,	 StopSoundShort	40	2	79088330
79112456	Triggered	5,23,24,25,26,27,28,29,30,31,	 NoSound	40	2	79112456
79112660	Triggered	5,23,24,25,26,27,28,29,30,31,	 PureTone-3kHz	40	2	79112660
79117070	Triggered	8,52,53,54,55,56,	 NoSound	40	2	79117070
79117273	Triggered	8,52,53,54,55,56,	 File_beep4	40	2	79117273
79132442	Triggered	5,23,24,25,26,27,28,29,30,31,	 NoSound	40	2	79132442
79132644	Triggered	5,23,24,25,26,27,28,29,30,31,	 PureTone-2kHz	40	2	79132644
79136387	Triggered	8,52,53,54,55,56,	 NoSound	40	2	79136387
79136588	Triggered	8,52,53,54,55,56,	 File_beep4	40	2	79136588
79151693	Triggered	5,23,24,25,26,27,28,29,30,31,	 NoSound	40	2	79151693
79151895	Triggered	5,23,24,25,26,27,28,29,30,31,	 PureTone-1kHz	40	2	79151895
79155569	Triggered	8,52,53,54,55,56,	 NoSound	40	2	79155569
79155772	Triggered	8,52,53,54,55,56,	 File_beep4	40	2	79155772
79170409	Triggered	5,23,24,25,26,27,28,29,30,31,	 NoSound	40	2	79170409
79170610	Triggered	5,23,24,25,26,27,28,29,30,31,	 StopSoundLong	40	2	79170610
79180767	Triggered	1,14,15,16,17,18,19,20,21,22,	 NoSound	40	2	79180767
79186249	Triggered	4,42,43,44,45,46,	 NoSound	40	2	79186249
79186452	Triggered	4,42,43,44,45,46,	 File_beep4	40	2	79186452
79199283	Triggered	1,14,15,16,17,18,19,20,21,22,	 NoSound	40	2	79199283
79199485	Triggered	1,14,15,16,17,18,19,20,21,22,	 PureTone-11kHz	40	2	79199485
79203095	Triggered	6,47,48,49,50,51,	 NoSound	40	2	79203095
79203306	Triggered	6,47,48,49,50,51,	 File_beep1	40	2	79203306
79209309	Triggered	1,14,15,16,17,18,19,20,21,22,	 NoSound	40	2	79209309
79209511	Triggered	1,14,15,16,17,18,19,20,21,22,	 PureTone-9kHz	40	2	79209511
79213253	Triggered	4,42,43,44,45,46,	 NoSound	40	2	79213253
79213456	Triggered	4,42,43,44,45,46,	 File_beep4	40	2	79213456
79225551	Triggered	1,14,15,16,17,18,19,20,21,22,	 NoSound	40	2	79225551
79225754	Triggered	1,14,15,16,17,18,19,20,21,22,	 PureTone-7kHz	40	2	79225754
79229696	Triggered	4,42,43,44,45,46,	 NoSound	40	2	79229696
79229897	Triggered	4,42,43,44,45,46,	 File_beep4	40	2	79229897
79242729	Triggered	1,14,15,16,17,18,19,20,21,22,	 NoSound	40	2	79242729
79242933	Triggered	1,14,15,16,17,18,19,20,21,22,	 PureTone-5kHz	40	2	79242933
79246004	Triggered	6,47,48,49,50,51,	 NoSound	40	2	79246004
79246205	Triggered	6,47,48,49,50,51,	 File_beep1	40	2	79246205
79251886	Triggered	1,14,15,16,17,18,19,20,21,22,	 NoSound	40	2	79251886
79252088	Triggered	1,14,15,16,17,18,19,20,21,22,	 PureTone-3kHz	40	2	79252088
79255831	Triggered	4,42,43,44,45,46,	 NoSound	40	2	79255831
79256034	Triggered	4,42,43,44,45,46,	 File_beep4	40	2	79256034
79269335	Triggered	1,14,15,16,17,18,19,20,21,22,	 NoSound	40	2	79269335
79269539	Triggered	1,14,15,16,17,18,19,20,21,22,	 PureTone-2kHz	40	2	79269539
79273611	Triggered	4,42,43,44,45,46,	 NoSound	40	2	79273611
79273826	Triggered	4,42,43,44,45,46,	 File_beep4	40	2	79273826
79291189	Triggered	1,14,15,16,17,18,19,20,21,22,	 NoSound	40	2	79291189
79291390	Triggered	1,14,15,16,17,18,19,20,21,22,	 PureTone-1kHz	40	2	79291390
79299276	Triggered	4,42,43,44,45,46,	 NoSound	40	2	79299276
79299489	Triggered	4,42,43,44,45,46,	 File_beep4	40	2	79299489
79320331	Triggered	1,14,15,16,17,18,19,20,21,22,	 NoSound	40	2	79320331
79320532	Triggered	1,14,15,16,17,18,19,20,21,22,	 StopSoundShort	40	2	79320532
