Sunday, July 26, 2020	7:10:12 PM	Game1.txt	111953501
Cued	Now	111962374
9	BlinkStart	111962392
9	BlinkEnd	112060614
23,5	BlinkStart	112060711
23,5	BlinkEnd	112063862
5	0DropFeed	112063942
23	NoFeedAbort	112064023
1	BlinkStart	112074080
1	BlinkEnd	112074342
1	NoFeedLowProb	112074422
4	BlinkStart	112074467
4	BlinkEnd	112080172
4	0DropFeed	112080253
22,1	BlinkStart	112080339
22,1	BlinkEnd	112089603
1	0DropFeed	112089684
22	Feed	112089764
6,49,4	BlinkStart	112089851
6,49,4	BlinkEnd	112095352
6	Feed	112095433
49	Feed	112095513
22,1	BlinkStart	112095603
22,1	BlinkEnd	112107446
1	0DropFeed	112107526
22	Feed	112107607
6,49,4	BlinkStart	112107693
6,49,4	BlinkEnd	112111654
6	Feed	112111734
49	Feed	112111814
22,1	BlinkStart	112111902
22,1	BlinkEnd	112123952
1	0DropFeed	112124032
22	Feed	112124112
6,49,4	BlinkStart	112124206
6,49,4	BlinkEnd	112127896
6	Feed	112127976
49	Feed	112128056
22,1	BlinkStart	112128149
22,1	BlinkEnd	112139793
1	0DropFeed	112139873
22	Feed	112139953
6,49,4	BlinkStart	112140047
6,49,4	BlinkEnd	112143135
6	Feed	112143215
49	Feed	112143295
22,1	BlinkStart	112143384
22,1	BlinkEnd	112154565
1	0DropFeed	112154645
22	Feed	112154725
6,49,4	BlinkStart	112154813
6,49,4	BlinkEnd	112157974
6	Feed	112158054
49	Feed	112158134
22,1	BlinkStart	112158233
22,1	BlinkEnd	112169806
1	0DropFeed	112169886
22	Feed	112169966
6,49,4	BlinkStart	112170058
6,49,4	BlinkEnd	112173147
6	Feed	112173228
49	Feed	112173309
22,1	BlinkStart	112173395
22,1	BlinkEnd	112184910
1	0DropFeed	112184990
22	Feed	112185070
6,49,4	BlinkStart	112185163
6,49,4	BlinkEnd	112188254
6	Feed	112188334
49	Feed	112188414
22,1	BlinkStart	112188503
22,1	BlinkEnd	112200619
1	0DropFeed	112200699
22	Feed	112200779
6,49,4	BlinkStart	112200874
6,49,4	BlinkEnd	112203969
6	Feed	112204049
49	Feed	112204129
22,1	BlinkStart	112204215
22,1	BlinkEnd	112211981
1	0DropFeed	112212061
22	Feed	112212141
6,49,4	BlinkStart	112212228
6,49,4	BlinkEnd	112215397
6	Feed	112215477
49	Feed	112215558
22,1	BlinkStart	112215645
22,1	BlinkEnd	112226151
1	0DropFeed	112226231
22	Feed	112226311
6,49,4	BlinkStart	112226404
6,49,4	BlinkEnd	112229360
6	Feed	112229441
49	Feed	112229522
22,1	BlinkStart	112229620
22,1	BlinkEnd	112241457
1	0DropFeed	112241537
22	Feed	112241617
6,49,4	BlinkStart	112241710
6,49,4	BlinkEnd	112244672
6	Feed	112244752
49	Feed	112244833
22,1	BlinkStart	112244922
22,1	BlinkEnd	112255494
1	0DropFeed	112255574
22	Feed	112255654
6,49,4	BlinkStart	112255746
6,49,4	BlinkEnd	112258904
6	Feed	112258984
49	Feed	112259064
22,1	BlinkStart	112259153
22,1	BlinkEnd	112270401
1	0DropFeed	112270481
22	Feed	112270561
6,49,4	BlinkStart	112270713
6,49,4	BlinkEnd	112273675
6	Feed	112273755
49	Feed	112273836
22,1	BlinkStart	112273996
22,1	BlinkEnd	112281299
1	0DropFeed	112281379
22	Feed	112281459
6,49,4	BlinkStart	112281616
6,49,4	BlinkEnd	112284838
6	Feed	112284918
49	Feed	112284998
21,1	BlinkStart	112285143
21,1	BlinkEnd	112297136
1	0DropFeed	112297216
21	Feed	112297296
6,49,4	BlinkStart	112297450
6,49,4	BlinkEnd	112300478
6	Feed	112300558
49	Feed	112300638
20,1	BlinkStart	112300794
20,1	BlinkEnd	112308700
1	0DropFeed	112308780
20	Feed	112308860
6,49,4	BlinkStart	112309016
6,49,4	BlinkEnd	112312845
4	0DropFeed	112312925
19,1	BlinkStart	112313074
19,1	BlinkEnd	112318592
1	0DropFeed	112318672
19	Feed	112318752
6,49,4	BlinkStart	112318909
6,49,4	BlinkEnd	112323739
6	Feed	112323819
49	Feed	112323899
18,1	BlinkStart	112324041
18,1	BlinkEnd	112332896
1	0DropFeed	112332976
18	Feed	112333056
6,49,4	BlinkStart	112333209
6,49,4	BlinkEnd	112336038
6	Feed	112336118
49	Feed	112336198
17,1	BlinkStart	112336355
17,1	BlinkEnd	112347334
1	0DropFeed	112347414
17	Feed	112347494
6,49,4	BlinkStart	112347659
6,49,4	BlinkEnd	112350544
6	Feed	112350624
49	Feed	112350704
16,1	BlinkStart	112350846
16,1	BlinkEnd	112361504
1	0DropFeed	112361584
16	Feed	112361664
6,49,4	BlinkStart	112361827
6,49,4	BlinkEnd	112364445
6	Feed	112364525
49	Feed	112364605
14,1	BlinkStart	112364746
14,1	BlinkEnd	112375808
1	0DropFeed	112375888
14	NoFeedAbort	112375968
5	BlinkStart	112386042
5	BlinkEnd	112390647
5	NoFeedLowProb	112390727
8,56	BlinkStart	112390799
8,56	BlinkEnd	112393922
8	Feed	112394002
56	Feed	112394082
31,5	BlinkStart	112394235
31,5	BlinkEnd	112405484
5	0DropFeed	112405564
31	Feed	112405644
8,56,2,40	BlinkStart	112405821
8,56,2,40	BlinkEnd	112408425
8	Feed	112408506
56	Feed	112408586
31,5	BlinkStart	112408737
31,5	BlinkEnd	112419254
5	0DropFeed	112419334
31	Feed	112419415
8,56,2,40	BlinkStart	112419577
8,56,2,40	BlinkEnd	112421862
8	Feed	112421942
56	Feed	112422023
31,5	BlinkStart	112422180
31,5	BlinkEnd	112434960
5	0DropFeed	112435040
31	Feed	112435120
8,56,2,40	BlinkStart	112435291
8,56,2,40	BlinkEnd	112437501
8	Feed	112437581
56	Feed	112437661
31,5	BlinkStart	112437803
31,5	BlinkEnd	112449135
5	0DropFeed	112449216
31	Feed	112449296
8,56,2,40	BlinkStart	112449452
8,56,2,40	BlinkEnd	112451537
8	Feed	112451617
56	Feed	112451697
31,5	BlinkStart	112451851
31,5	BlinkEnd	112462834
5	0DropFeed	112462914
31	Feed	112462994
8,56,2,40	BlinkStart	112463163
8,56,2,40	BlinkEnd	112465709
8	Feed	112465789
56	Feed	112465869
31,5	BlinkStart	112466029
31,5	BlinkEnd	112477204
5	0DropFeed	112477284
31	Feed	112477364
8,56,2,40	BlinkStart	112477538
8,56,2,40	BlinkEnd	112479545
8	Feed	112479625
56	Feed	112479705
31,5	BlinkStart	112479860
31,5	BlinkEnd	112493380
5	0DropFeed	112493460
31	Feed	112493540
8,56,2,40	BlinkStart	112493691
8,56,2,40	BlinkEnd	112495920
8	Feed	112496001
56	Feed	112496081
31,5	BlinkStart	112496221
31,5	BlinkEnd	112508285
5	0DropFeed	112508365
31	Feed	112508445
8,56,2,40	BlinkStart	112508592
8,56,2,40	BlinkEnd	112512229
8	Feed	112512309
56	Feed	112512389
31,5	BlinkStart	112512574
31,5	BlinkEnd	112522658
5	0DropFeed	112522738
31	Feed	112522818
8,56,2,40	BlinkStart	112522991
8,56,2,40	BlinkEnd	112525339
8	Feed	112525419
56	Feed	112525499
31,5	BlinkStart	112525642
31,5	BlinkEnd	112536492
5	0DropFeed	112536572
31	Feed	112536653
8,56,2,40	BlinkStart	112536822
8,56,2,40	BlinkEnd	112538965
8	Feed	112539045
56	Feed	112539125
31,5	BlinkStart	112539271
31,5	BlinkEnd	112550597
5	0DropFeed	112550677
31	Feed	112550757
8,56,2,40	BlinkStart	112550926
8,56,2,40	BlinkEnd	112553003
8	Feed	112553083
56	Feed	112553163
31,5	BlinkStart	112553328
31,5	BlinkEnd	112563437
5	0DropFeed	112563518
31	Feed	112563599
8,56,2,40	BlinkStart	112563773
8,56,2,40	BlinkEnd	112566243
8	Feed	112566323
56	Feed	112566403
31,5	BlinkStart	112566577
31,5	BlinkEnd	112577199
5	0DropFeed	112577279
31	Feed	112577359
8,56,2,40	BlinkStart	112577521
8,56,2,40	BlinkEnd	112580007
8	Feed	112580087
56	Feed	112580167
31,5	BlinkStart	112580328
31,5	BlinkEnd	112589966
5	0DropFeed	112590046
31	Feed	112590126
8,56,2,40	BlinkStart	112590281
8,56,2,40	BlinkEnd	112592572
8	Feed	112592652
56	Feed	112592732
30,5	BlinkStart	112592903
30,5	BlinkEnd	112604002
5	0DropFeed	112604082
30	Feed	112604163
8,56,2,40	BlinkStart	112604317
8,56,2,40	BlinkEnd	112606876
8	Feed	112606956
56	Feed	112607036
29,5	BlinkStart	112607203
29,5	BlinkEnd	112618239
5	0DropFeed	112618319
29	Feed	112618400
8,56,2,40	BlinkStart	112618558
8,56,2,40	BlinkEnd	112621246
8	Feed	112621326
56	Feed	112621406
28,5	BlinkStart	112621563
28,5	BlinkEnd	112634281
5	0DropFeed	112634362
28	Feed	112634442
8,56,2,40	BlinkStart	112634604
8,56,2,40	BlinkEnd	112637556
8	Feed	112637636
56	Feed	112637716
27,5	BlinkStart	112637875
27,5	BlinkEnd	112650536
5	0DropFeed	112650616
27	Feed	112650696
8,56,2,40	BlinkStart	112650852
8,56,2,40	BlinkEnd	112653062
8	Feed	112653143
56	Feed	112653223
26,5	BlinkStart	112653373
26,5	BlinkEnd	112666765
5	0DropFeed	112666845
26	Feed	112666925
8,56,2,40	BlinkStart	112667097
8,56,2,40	BlinkEnd	112669507
8	Feed	112669587
56	Feed	112669667
25,5	BlinkStart	112669809
25,5	BlinkEnd	112681070
5	0DropFeed	112681150
25	Feed	112681230
8,56,2,40	BlinkStart	112681393
8,56,2,40	BlinkEnd	112683810
8	Feed	112683890
56	Feed	112683970
23,5	BlinkStart	112684131
23,5	BlinkEnd	112694170
5	0DropFeed	112694250
23	NoFeedAbort	112694330
1	BlinkStart	112704401
1	BlinkEnd	112709945
1	NoFeedLowProb	112710025
6,47	BlinkStart	112710113
6,47	BlinkEnd	112713019
6	Feed	112713099
47	Feed	112713180
22,1	BlinkStart	112713321
22,1	BlinkEnd	112722043
1	0DropFeed	112722123
22	Feed	112722203
6,47,4,44	BlinkStart	112722366
6,47,4,44	BlinkEnd	112726186
4	Feed	112726266
44	Feed	112726346
22,1	BlinkStart	112726489
22,1	BlinkEnd	112737150
1	0DropFeed	112737230
22	Feed	112737311
6,47,4,44	BlinkStart	112737488
6,47,4,44	BlinkEnd	112741294
6	Feed	112741374
47	Feed	112741454
22,1	BlinkStart	112741599
22,1	BlinkEnd	112751118
1	0DropFeed	112751198
22	Feed	112751278
6,47,4,44	BlinkStart	112751424
6,47,4,44	BlinkEnd	112755999
6	Feed	112756079
47	Feed	112756159
22,1	BlinkStart	112756314
22,1	BlinkEnd	112765222
1	0DropFeed	112765302
22	Feed	112765382
6,47,4,44	BlinkStart	112765550
6,47,4,44	BlinkEnd	112770303
4	Feed	112770383
44	Feed	112770463
22,1	BlinkStart	112770603
22,1	BlinkEnd	112781265
1	0DropFeed	112781346
22	Feed	112781426
6,47,4,44	BlinkStart	112781587
6,47,4,44	BlinkEnd	112786545
4	Feed	112786625
44	Feed	112786705
22,1	BlinkStart	112786851
22,1	BlinkEnd	112797041
1	0DropFeed	112797122
22	Feed	112797202
6,47,4,44	BlinkStart	112797367
6,47,4,44	BlinkEnd	112800781
4	Feed	112800861
44	Feed	112800941
22,1	BlinkStart	112801102
22,1	BlinkEnd	112810072
1	0DropFeed	112810152
22	Feed	112810232
6,47,4,44	BlinkStart	112810412
6,47,4,44	BlinkEnd	112813615
4	Feed	112813695
44	Feed	112813775
22,1	BlinkStart	112813930
22,1	BlinkEnd	112824243
1	0DropFeed	112824323
22	Feed	112824403
6,47,4,44	BlinkStart	112824569
6,47,4,44	BlinkEnd	112827784
4	Feed	112827865
44	Feed	112827945
22,1	BlinkStart	112828100
22,1	BlinkEnd	112837344
1	0DropFeed	112837424
22	Feed	112837504
6,47,4,44	BlinkStart	112837680
6,47,4,44	BlinkEnd	112841554
4	Feed	112841634
44	Feed	112841714
22,1	BlinkStart	112841874
22,1	BlinkEnd	112850377
1	0DropFeed	112850457
22	Feed	112850537
6,47,4,44	BlinkStart	112850688
6,47,4,44	BlinkEnd	112853994
4	Feed	112854074
44	Feed	112854154
22,1	BlinkStart	112854335
22,1	BlinkEnd	112862141
1	0DropFeed	112862221
22	Feed	112862302
6,47,4,44	BlinkStart	112862498
6,47,4,44	BlinkEnd	112866219
4	Feed	112866299
44	Feed	112866379
22,1	BlinkStart	112866537
22,1	BlinkEnd	112875376
1	0DropFeed	112875456
22	Feed	112875537
6,47,4,44	BlinkStart	112875714
6,47,4,44	BlinkEnd	112878919
4	Feed	112878999
44	Feed	112879079
22,1	BlinkStart	112879220
22,1	BlinkEnd	112886873
1	0DropFeed	112886953
22	Feed	112887033
6,47,4,44	BlinkStart	112887203
6,47,4,44	BlinkEnd	112890416
4	Feed	112890496
44	Feed	112890576
22,1	BlinkStart	112890725
22,1	BlinkEnd	112899906
1	0DropFeed	112899986
22	Feed	112900066
6,47,4,44	BlinkStart	112900242
6,47,4,44	BlinkEnd	112903449
4	Feed	112903530
44	Feed	112903611
21,1	BlinkStart	112903749
21,1	BlinkEnd	112912875
1	0DropFeed	112912955
21	Feed	112913035
6,47,4,44	BlinkStart	112913201
6,47,4,44	BlinkEnd	112916148
4	Feed	112916228
44	Feed	112916308
20,1	BlinkStart	112916463
20,1	BlinkEnd	112925706
1	0DropFeed	112925786
20	Feed	112925866
6,47,4,44	BlinkStart	112926014
6,47,4,44	BlinkEnd	112928921
4	Feed	112929001
44	Feed	112929081
19,1	BlinkStart	112929242
19,1	BlinkEnd	112937939
1	0DropFeed	112938019
19	Feed	112938099
6,47,4,44	BlinkStart	112938275
6,47,4,44	BlinkEnd	112941282
4	Feed	112941362
44	Feed	112941442
18,1	BlinkStart	112941625
18,1	BlinkEnd	112949569
1	0DropFeed	112949649
18	Feed	112949729
6,47,4,44	BlinkStart	112949878
6,47,4,44	BlinkEnd	112953245
4	Feed	112953325
44	Feed	112953406
17,1	BlinkStart	112953550
17,1	BlinkEnd	112960732
1	0DropFeed	112960812
17	Feed	112960892
6,47,4,44	BlinkStart	112961047
6,47,4,44	BlinkEnd	112965076
4	Feed	112965156
44	Feed	112965236
16,1	BlinkStart	112965401
16,1	BlinkEnd	112974433
1	0DropFeed	112974513
16	Feed	112974594
6,47,4,44	BlinkStart	112974746
6,47,4,44	BlinkEnd	112978178
4	Feed	112978258
44	Feed	112978338
14,1	BlinkStart	112978490
14,1	BlinkEnd	112987870
1	0DropFeed	112987950
14	NoFeedAbort	112988030
5	BlinkStart	112998134
5	BlinkEnd	112998397
5	NoFeedLowProb	112998477
2,38	BlinkStart	112998554
2,38	BlinkEnd	113001377
2	Feed	113001458
38	Feed	113001538
31,5	BlinkStart	113001678
31,5	BlinkEnd	113010929
5	0DropFeed	113011009
31	Feed	113011089
2,38,8,55	BlinkStart	113011271
2,38,8,55	BlinkEnd	113014405
8	Feed	113014485
55	Feed	113014565
31,5	BlinkStart	113014754
31,5	BlinkEnd	113025850
5	0DropFeed	113025930
31	Feed	113026010
2,38,8,55	BlinkStart	113026179
2,38,8,55	BlinkEnd	113028776
8	Feed	113028856
55	Feed	113028937
31,5	BlinkStart	113029094
31,5	BlinkEnd	113039939
5	0DropFeed	113040019
31	Feed	113040099
2,38,8,55	BlinkStart	113040254
2,38,8,55	BlinkEnd	113042681
8	Feed	113042761
55	Feed	113042841
31,5	BlinkStart	113042986
31,5	BlinkEnd	113053574
5	0DropFeed	113053654
31	Feed	113053734
2,38,8,55	BlinkStart	113053909
2,38,8,55	BlinkEnd	113056581
8	Feed	113056661
55	Feed	113056741
31,5	BlinkStart	113056893
31,5	BlinkEnd	113067490
5	0DropFeed	113067570
31	Feed	113067650
2,38,8,55	BlinkStart	113067812
2,38,8,55	BlinkEnd	113070751
8	Feed	113070831
55	Feed	113070912
31,5	BlinkStart	113071070
31,5	BlinkEnd	113082047
5	0DropFeed	113082127
31	Feed	113082207
2,38,8,55	BlinkStart	113082373
2,38,8,55	BlinkEnd	113084856
8	Feed	113084936
55	Feed	113085016
31,5	BlinkStart	113085179
31,5	BlinkEnd	113098638
5	0DropFeed	113098718
31	Feed	113098798
2,38,8,55	BlinkStart	113098956
2,38,8,55	BlinkEnd	113101432
8	Feed	113101512
55	Feed	113101592
31,5	BlinkStart	113101747
31,5	BlinkEnd	113115203
5	0DropFeed	113115283
31	Feed	113115363
2,38,8,55	BlinkStart	113115528
2,38,8,55	BlinkEnd	113117875
8	Feed	113117955
55	Feed	113118035
31,5	BlinkStart	113118203
31,5	BlinkEnd	113131375
5	0DropFeed	113131455
31	Feed	113131535
2,38,8,55	BlinkStart	113131692
2,38,8,55	BlinkEnd	113134384
8	Feed	113134464
55	Feed	113134544
31,5	BlinkStart	113134701
31,5	BlinkEnd	113147485
5	0DropFeed	113147565
31	Feed	113147645
2,38,8,55	BlinkStart	113147823
2,38,8,55	BlinkEnd	113150493
8	Feed	113150573
55	Feed	113150653
31,5	BlinkStart	113150834
31,5	BlinkEnd	113165130
5	0DropFeed	113165210
31	Feed	113165290
2,38,8,55	BlinkStart	113165460
2,38,8,55	BlinkEnd	113168339
8	Feed	113168419
55	Feed	113168499
31,5	BlinkStart	113168665
31,5	BlinkEnd	113180103
5	0DropFeed	113180183
31	Feed	113180263
2,38,8,55	BlinkStart	113180421
2,38,8,55	BlinkEnd	113183045
8	Feed	113183125
55	Feed	113183205
31,5	BlinkStart	113183395
31,5	BlinkEnd	113193404
5	0DropFeed	113193484
31	Feed	113193565
2,38,8,55	BlinkStart	113193732
2,38,8,55	BlinkEnd	113196617
8	Feed	113196698
55	Feed	113196778
31,5	BlinkStart	113196917
31,5	BlinkEnd	113208178
5	0DropFeed	113208258
31	Feed	113208339
2,38,8,55	BlinkStart	113208491
2,38,8,55	BlinkEnd	113211518
8	Feed	113211598
55	Feed	113211678
30,5	BlinkStart	113211836
30,5	BlinkEnd	113223751
5	0DropFeed	113223831
30	Feed	113223911
2,38,8,55	BlinkStart	113224077
2,38,8,55	BlinkEnd	113226893
8	Feed	113226973
55	Feed	113227053
29,5	BlinkStart	113227236
29,5	BlinkEnd	113237654
5	0DropFeed	113237734
29	Feed	113237814
2,38,8,55	BlinkStart	113237992
2,38,8,55	BlinkEnd	113241062
8	Feed	113241142
55	Feed	113241222
28,5	BlinkStart	113241399
28,5	BlinkEnd	113253227
5	0DropFeed	113253308
28	Feed	113253389
2,38,8,55	BlinkStart	113253554
2,38,8,55	BlinkEnd	113256436
8	Feed	113256516
55	Feed	113256596
27,5	BlinkStart	113256752
27,5	BlinkEnd	113267865
5	0DropFeed	113267945
27	Feed	113268026
2,38,8,55	BlinkStart	113268188
2,38,8,55	BlinkEnd	113278359
8	Feed	113278439
55	Feed	113278519
26,5	BlinkStart	113278675
26,5	BlinkEnd	113291794
5	0DropFeed	113291874
26	Feed	113291954
2,38,8,55	BlinkStart	113292120
2,38,8,55	BlinkEnd	113295804
8	Feed	113295884
55	Feed	113295964
25,5	BlinkStart	113296121
25,5	BlinkEnd	113308572
5	0DropFeed	113308652
25	Feed	113308732
2,38,8,55	BlinkStart	113308887
2,38,8,55	BlinkEnd	113312114
8	Feed	113312194
55	Feed	113312274
23,5	BlinkStart	113312420
23,5	BlinkEnd	113324948
5	0DropFeed	113325028
23	NoFeedAbort	113325109
1	BlinkStart	113335173
1	BlinkEnd	113339653
1	NoFeedLowProb	113339733
4,43	BlinkStart	113339803
4,43	BlinkEnd	113343930
4	Feed	113344010
43	Feed	113344090
22,1	BlinkStart	113344256
22,1	BlinkEnd	113357968
1	0DropFeed	113358048
22	Feed	113358128
4,43,6,48	BlinkStart	113358289
4,43,6,48	BlinkEnd	113364585
4	Feed	113364665
43	Feed	113364745
22,1	BlinkStart	113364937
22,1	BlinkEnd	113373943
1	0DropFeed	113374023
22	Feed	113374103
4,43,6,48	BlinkStart	113374265
4,43,6,48	BlinkEnd	113379088
4	Feed	113379168
43	Feed	113379248
22,1	BlinkStart	113379433
22,1	BlinkEnd	113387577
1	0DropFeed	113387657
22	Feed	113387737
4,43,6,48	BlinkStart	113387909
4,43,6,48	BlinkEnd	113394060
4	Feed	113394140
43	Feed	113394220
22,1	BlinkStart	113394362
22,1	BlinkEnd	113403485
1	0DropFeed	113403565
22	Feed	113403645
4,43,6,48	BlinkStart	113403801
4,43,6,48	BlinkEnd	113409635
6	Feed	113409715
48	Feed	113409795
22,1	BlinkStart	113409945
22,1	BlinkEnd	113420730
1	0DropFeed	113420810
22	Feed	113420890
4,43,6,48	BlinkStart	113421041
4,43,6,48	BlinkEnd	113427413
4	Feed	113427493
43	Feed	113427573
22,1	BlinkStart	113427745
22,1	BlinkEnd	113437908
1	0DropFeed	113437988
22	Feed	113438068
4,43,6,48	BlinkStart	113438236
4,43,6,48	BlinkEnd	113450943
4	Feed	113451024
43	Feed	113451104
22,1	BlinkStart	113451249
22,1	BlinkEnd	113461904
1	0DropFeed	113461984
22	Feed	113462064
4,43,6,48	BlinkStart	113462244
4,43,6,48	BlinkEnd	113466650
4	Feed	113466730
43	Feed	113466810
22,1	BlinkStart	113466986
22,1	BlinkEnd	113476609
1	0DropFeed	113476689
22	Feed	113476769
4,43,6,48	BlinkStart	113476925
4,43,6,48	BlinkEnd	113481088
6	Feed	113481168
48	Feed	113481249
22,1	BlinkStart	113481414
22,1	BlinkEnd	113491395
1	0DropFeed	113491475
22	Feed	113491555
4,43,6,48	BlinkStart	113491714
4,43,6,48	BlinkEnd	113495591
4	Feed	113495671
43	Feed	113495752
22,1	BlinkStart	113495921
22,1	BlinkEnd	113504749
1	0DropFeed	113504829
22	Feed	113504909
4,43,6,48	BlinkStart	113505056
4,43,6,48	BlinkEnd	113508893
4	Feed	113508974
43	Feed	113509054
22,1	BlinkStart	113509216
22,1	BlinkEnd	113519922
1	0DropFeed	113520002
22	Feed	113520082
4,43,6,48	BlinkStart	113520245
4,43,6,48	BlinkEnd	113525069
4	Feed	113525149
43	Feed	113525229
22,1	BlinkStart	113525383
22,1	BlinkEnd	113536706
1	0DropFeed	113536786
22	Feed	113536866
4,43,6,48	BlinkStart	113537028
4,43,6,48	BlinkEnd	113541046
4	Feed	113541126
43	Feed	113541206
22,1	BlinkStart	113541377
22,1	BlinkEnd	113552072
1	0DropFeed	113552152
22	Feed	113552232
4,43,6,48	BlinkStart	113552382
4,43,6,48	BlinkEnd	113556954
4	Feed	113557034
43	Feed	113557114
22,1	BlinkStart	113557268
22,1	BlinkEnd	113566310
1	0DropFeed	113566390
22	Feed	113566470
4,43,6,48	BlinkStart	113566653
4,43,6,48	BlinkEnd	113570320
4	Feed	113570400
43	Feed	113570480
21,1	BlinkStart	113570641
21,1	BlinkEnd	113580011
1	0DropFeed	113580091
21	Feed	113580171
4,43,6,48	BlinkStart	113580352
4,43,6,48	BlinkEnd	113583755
4	Feed	113583835
43	Feed	113583915
20,1	BlinkStart	113584074
20,1	BlinkEnd	113592244
1	0DropFeed	113592324
20	Feed	113592404
4,43,6,48	BlinkStart	113592555
4,43,6,48	BlinkEnd	113597727
4	Feed	113597807
43	Feed	113597887
19,1	BlinkStart	113598046
19,1	BlinkEnd	113606962
1	0DropFeed	113607042
19	Feed	113607122
4,43,6,48	BlinkStart	113607288
4,43,6,48	BlinkEnd	113611094
4	Feed	113611174
43	Feed	113611254
18,1	BlinkStart	113611394
18,1	BlinkEnd	113623259
1	0DropFeed	113623339
18	Feed	113623419
4,43,6,48	BlinkStart	113623567
4,43,6,48	BlinkEnd	113627670
4	Feed	113627750
43	Feed	113627830
17,1	BlinkStart	113627998
17,1	BlinkEnd	113667240
1	0DropFeed	113667321
17	Feed	113667401
4,43,6,48	BlinkStart	113667572
4,43,6,48	BlinkEnd	113672120
4	Feed	113672200
43	Feed	113672280
16,1	BlinkStart	113672423
16,1	BlinkEnd	113682614
1	0DropFeed	113682694
16	Feed	113682774
4,43,6,48	BlinkStart	113682947
4,43,6,48	BlinkEnd	113687226
6	Feed	113687306
48	Feed	113687386
14,1	BlinkStart	113687533
14,1	BlinkEnd	113700527
1	0DropFeed	113700608
14	NoFeedAbort	113700688
5	BlinkStart	113710761
5	BlinkEnd	113811924
