Ver1.3	1649809079	StartFile	8/13/2020	2:21:07 PM	E:\BehavioralExperiments\Ratzo\RatData_Ratzo\Rawdata\081320B\SoundData.txt	1649809079
1650052904	Triggered	5,23,24,25,26,27,28,29,30,31,	 NoSound	40	2	1650052904
1650053106	Triggered	5,23,24,25,26,27,28,29,30,31,	 StopSoundLong	40	2	1650053106
1650063473	Triggered	1,14,15,16,17,18,19,20,21,22,	 NoSound	40	2	1650063473
1650068009	Triggered	6,47,48,49,50,51,	 NoSound	40	2	1650068009
1650068209	Triggered	6,47,48,49,50,51,	 File_beep1	40	2	1650068209
1650076096	Triggered	1,14,15,16,17,18,19,20,21,22,	 NoSound	40	2	1650076096
1650076298	Triggered	1,14,15,16,17,18,19,20,21,22,	 PureTone-9kHz	40	2	1650076298
1650079839	Triggered	4,42,43,44,45,46,	 NoSound	40	2	1650079839
1650080041	Triggered	4,42,43,44,45,46,	 File_beep2	40	2	1650080041
1650093473	Triggered	1,14,15,16,17,18,19,20,21,22,	 NoSound	40	2	1650093473
1650093677	Triggered	1,14,15,16,17,18,19,20,21,22,	 PureTone-7kHz	40	2	1650093677
1650096147	Triggered	4,42,43,44,45,46,	 NoSound	40	2	1650096147
1650096347	Triggered	4,42,43,44,45,46,	 File_beep2	40	2	1650096347
1650107912	Triggered	1,14,15,16,17,18,19,20,21,22,	 NoSound	40	2	1650107912
1650108113	Triggered	1,14,15,16,17,18,19,20,21,22,	 PureTone-5kHz	40	2	1650108113
1650110385	Triggered	4,42,43,44,45,46,	 NoSound	40	2	1650110385
1650110586	Triggered	4,42,43,44,45,46,	 File_beep2	40	2	1650110586
1650125022	Triggered	1,14,15,16,17,18,19,20,21,22,	 NoSound	40	2	1650125022
1650125225	Triggered	1,14,15,16,17,18,19,20,21,22,	 PureTone-3kHz	40	2	1650125225
1650127499	Triggered	4,42,43,44,45,46,	 NoSound	40	2	1650127499
1650127700	Triggered	4,42,43,44,45,46,	 File_beep2	40	2	1650127700
1650140597	Triggered	1,14,15,16,17,18,19,20,21,22,	 NoSound	40	2	1650140597
1650140799	Triggered	1,14,15,16,17,18,19,20,21,22,	 PureTone-2kHz	40	2	1650140799
1650144882	Triggered	4,42,43,44,45,46,	 NoSound	40	2	1650144882
1650145084	Triggered	4,42,43,44,45,46,	 File_beep2	40	2	1650145084
1650157307	Triggered	1,14,15,16,17,18,19,20,21,22,	 NoSound	40	2	1650157307
1650157510	Triggered	1,14,15,16,17,18,19,20,21,22,	 PureTone-1kHz	40	2	1650157510
1650159981	Triggered	4,42,43,44,45,46,	 NoSound	40	2	1650159981
1650160184	Triggered	4,42,43,44,45,46,	 File_beep2	40	2	1650160184
1650174086	Triggered	1,14,15,16,17,18,19,20,21,22,	 NoSound	40	2	1650174086
1650174287	Triggered	1,14,15,16,17,18,19,20,21,22,	 StopSoundShort	40	2	1650174287
1650184845	Triggered	5,23,24,25,26,27,28,29,30,31,	 NoSound	40	2	1650184845
1650187988	Triggered	8,52,53,54,55,56,	 NoSound	40	2	1650187988
1650188189	Triggered	8,52,53,54,55,56,	 File_beep1	40	2	1650188189
1650195674	Triggered	5,23,24,25,26,27,28,29,30,31,	 NoSound	40	2	1650195674
1650195875	Triggered	5,23,24,25,26,27,28,29,30,31,	 PureTone-1kHz	40	2	1650195875
1650199083	Triggered	8,52,53,54,55,56,	 NoSound	40	2	1650199083
1650199283	Triggered	8,52,53,54,55,56,	 File_beep1	40	2	1650199283
1650208373	Triggered	5,23,24,25,26,27,28,29,30,31,	 NoSound	40	2	1650208373
1650208575	Triggered	5,23,24,25,26,27,28,29,30,31,	 StopSoundLong	40	2	1650208575
1650222075	Triggered	6,47,48,49,50,51,	 NoSound	40	2	1650222075
1650222279	Triggered	6,47,48,49,50,51,	 File_beep2	40	2	1650222279
1650234039	Triggered	1,14,15,16,17,18,19,20,21,22,	 NoSound	40	2	1650234039
1650234242	Triggered	1,14,15,16,17,18,19,20,21,22,	 PureTone-9kHz	40	2	1650234242
1650236714	Triggered	4,42,43,44,45,46,	 NoSound	40	2	1650236714
1650236915	Triggered	4,42,43,44,45,46,	 File_beep1	40	2	1650236915
1650249011	Triggered	1,14,15,16,17,18,19,20,21,22,	 NoSound	40	2	1650249011
1650249216	Triggered	1,14,15,16,17,18,19,20,21,22,	 PureTone-7kHz	40	2	1650249216
1650251619	Triggered	4,42,43,44,45,46,	 NoSound	40	2	1650251619
1650251820	Triggered	4,42,43,44,45,46,	 File_beep1	40	2	1650251820
1650259974	Triggered	1,14,15,16,17,18,19,20,21,22,	 NoSound	40	2	1650259974
1650260176	Triggered	1,14,15,16,17,18,19,20,21,22,	 PureTone-5kHz	40	2	1650260176
1650262782	Triggered	4,42,43,44,45,46,	 NoSound	40	2	1650262782
1650262984	Triggered	4,42,43,44,45,46,	 File_beep1	40	2	1650262984
1650274880	Triggered	1,14,15,16,17,18,19,20,21,22,	 NoSound	40	2	1650274880
1650275081	Triggered	1,14,15,16,17,18,19,20,21,22,	 PureTone-3kHz	40	2	1650275081
1650277353	Triggered	4,42,43,44,45,46,	 NoSound	40	2	1650277353
1650277555	Triggered	4,42,43,44,45,46,	 File_beep1	40	2	1650277555
1650285508	Triggered	1,14,15,16,17,18,19,20,21,22,	 NoSound	40	2	1650285508
1650285710	Triggered	1,14,15,16,17,18,19,20,21,22,	 PureTone-2kHz	40	2	1650285710
1650287913	Triggered	4,42,43,44,45,46,	 NoSound	40	2	1650287913
1650288114	Triggered	4,42,43,44,45,46,	 File_beep1	40	2	1650288114
1650295600	Triggered	1,14,15,16,17,18,19,20,21,22,	 NoSound	40	2	1650295600
1650295802	Triggered	1,14,15,16,17,18,19,20,21,22,	 PureTone-1kHz	40	2	1650295802
1650298141	Triggered	4,42,43,44,45,46,	 NoSound	40	2	1650298141
1650298343	Triggered	4,42,43,44,45,46,	 File_beep1	40	2	1650298343
1650307966	Triggered	1,14,15,16,17,18,19,20,21,22,	 NoSound	40	2	1650307966
1650308166	Triggered	1,14,15,16,17,18,19,20,21,22,	 StopSoundShort	40	2	1650308166
1650322538	Triggered	2,37,38,39,40,41,	 NoSound	40	2	1650322538
1650322740	Triggered	2,37,38,39,40,41,	 File_beep1	40	2	1650322740
1650331097	Triggered	5,23,24,25,26,27,28,29,30,31,	 NoSound	40	2	1650331097
1650331299	Triggered	5,23,24,25,26,27,28,29,30,31,	 PureTone-1kHz	40	2	1650331299
1650333766	Triggered	8,52,53,54,55,56,	 NoSound	40	2	1650333766
1650345998	Triggered	5,23,24,25,26,27,28,29,30,31,	 NoSound	40	2	1650345998
1650346199	Triggered	5,23,24,25,26,27,28,29,30,31,	 StopSoundLong	40	2	1650346199
1650359567	Triggered	1,14,15,16,17,18,19,20,21,22,	 NoSound	40	2	1650359567
1650362040	Triggered	4,42,43,44,45,46,	 NoSound	40	2	1650362040
1650362240	Triggered	4,42,43,44,45,46,	 File_beep2	40	2	1650362240
1650373404	Triggered	1,14,15,16,17,18,19,20,21,22,	 NoSound	40	2	1650373404
1650373606	Triggered	1,14,15,16,17,18,19,20,21,22,	 PureTone-9kHz	40	2	1650373606
1650375876	Triggered	4,42,43,44,45,46,	 NoSound	40	2	1650375876
1650376076	Triggered	4,42,43,44,45,46,	 File_beep2	40	2	1650376076
1650388443	Triggered	1,14,15,16,17,18,19,20,21,22,	 NoSound	40	2	1650388443
1650388646	Triggered	1,14,15,16,17,18,19,20,21,22,	 PureTone-7kHz	40	2	1650388646
1650390581	Triggered	4,42,43,44,45,46,	 NoSound	40	2	1650390581
1650390781	Triggered	4,42,43,44,45,46,	 File_beep2	40	2	1650390781
1650402948	Triggered	1,14,15,16,17,18,19,20,21,22,	 NoSound	40	2	1650402948
1650403150	Triggered	1,14,15,16,17,18,19,20,21,22,	 PureTone-5kHz	40	2	1650403150
1650405621	Triggered	4,42,43,44,45,46,	 NoSound	40	2	1650405621
1650405823	Triggered	4,42,43,44,45,46,	 File_beep2	40	2	1650405823
1650417858	Triggered	1,14,15,16,17,18,19,20,21,22,	 NoSound	40	2	1650417858
1650418059	Triggered	1,14,15,16,17,18,19,20,21,22,	 PureTone-3kHz	40	2	1650418059
1650420193	Triggered	4,42,43,44,45,46,	 NoSound	40	2	1650420193
1650420394	Triggered	4,42,43,44,45,46,	 File_beep2	40	2	1650420394
1650432625	Triggered	1,14,15,16,17,18,19,20,21,22,	 NoSound	40	2	1650432625
1650432828	Triggered	1,14,15,16,17,18,19,20,21,22,	 PureTone-2kHz	40	2	1650432828
1650435304	Triggered	4,42,43,44,45,46,	 NoSound	40	2	1650435304
1650435504	Triggered	4,42,43,44,45,46,	 File_beep2	40	2	1650435504
1650446460	Triggered	1,14,15,16,17,18,19,20,21,22,	 NoSound	40	2	1650446460
1650446661	Triggered	1,14,15,16,17,18,19,20,21,22,	 PureTone-1kHz	40	2	1650446661
1650449000	Triggered	4,42,43,44,45,46,	 NoSound	40	2	1650449000
1650449201	Triggered	4,42,43,44,45,46,	 File_beep2	40	2	1650449201
1650459160	Triggered	1,14,15,16,17,18,19,20,21,22,	 NoSound	40	2	1650459160
1650459361	Triggered	1,14,15,16,17,18,19,20,21,22,	 StopSoundShort	40	2	1650459361
1650469453	Triggered	5,23,24,25,26,27,28,29,30,31,	 NoSound	40	2	1650469453
1650473196	Triggered	2,37,38,39,40,41,	 NoSound	40	2	1650473197
1650473399	Triggered	2,37,38,39,40,41,	 File_beep2	40	2	1650473399
1650483362	Triggered	5,23,24,25,26,27,28,29,30,31,	 NoSound	40	2	1650483362
1650483563	Triggered	5,23,24,25,26,27,28,29,30,31,	 PureTone-1kHz	40	2	1650483563
1650487501	Triggered	8,52,53,54,55,56,	 NoSound	40	2	1650487501
1650487703	Triggered	8,52,53,54,55,56,	 File_beep3	40	2	1650487703
1650505616	Triggered	5,23,24,25,26,27,28,29,30,31,	 NoSound	40	2	1650505616
1650505817	Triggered	5,23,24,25,26,27,28,29,30,31,	 StopSoundLong	40	2	1650505817
1650519786	Triggered	4,42,43,44,45,46,	 NoSound	40	2	1650519786
1650520002	Triggered	4,42,43,44,45,46,	 File_beep1	40	2	1650520002
1650528140	Triggered	1,14,15,16,17,18,19,20,21,22,	 NoSound	40	2	1650528140
1650528343	Triggered	1,14,15,16,17,18,19,20,21,22,	 PureTone-9kHz	40	2	1650528343
1650530078	Triggered	4,42,43,44,45,46,	 NoSound	40	2	1650530078
1650530279	Triggered	4,42,43,44,45,46,	 File_beep1	40	2	1650530279
1650539770	Triggered	1,14,15,16,17,18,19,20,21,22,	 NoSound	40	2	1650539770
1650539974	Triggered	1,14,15,16,17,18,19,20,21,22,	 PureTone-7kHz	40	2	1650539974
1650542110	Triggered	4,42,43,44,45,46,	 NoSound	40	2	1650542110
1650542311	Triggered	4,42,43,44,45,46,	 File_beep1	40	2	1650542311
1650550865	Triggered	1,14,15,16,17,18,19,20,21,22,	 NoSound	40	2	1650550865
1650551066	Triggered	1,14,15,16,17,18,19,20,21,22,	 PureTone-5kHz	40	2	1650551066
1650552937	Triggered	4,42,43,44,45,46,	 NoSound	40	2	1650552937
1650553139	Triggered	4,42,43,44,45,46,	 File_beep1	40	2	1650553139
1650562362	Triggered	1,14,15,16,17,18,19,20,21,22,	 NoSound	40	2	1650562362
1650562564	Triggered	1,14,15,16,17,18,19,20,21,22,	 PureTone-3kHz	40	2	1650562564
1650564909	Triggered	4,42,43,44,45,46,	 NoSound	40	2	1650564909
1650565110	Triggered	4,42,43,44,45,46,	 File_beep1	40	2	1650565110
1650575597	Triggered	1,14,15,16,17,18,19,20,21,22,	 NoSound	40	2	1650575597
1650575799	Triggered	1,14,15,16,17,18,19,20,21,22,	 PureTone-2kHz	40	2	1650575799
1650578004	Triggered	4,42,43,44,45,46,	 NoSound	40	2	1650578004
1650578204	Triggered	4,42,43,44,45,46,	 File_beep1	40	2	1650578204
1650586157	Triggered	1,14,15,16,17,18,19,20,21,22,	 NoSound	40	2	1650586157
1650586358	Triggered	1,14,15,16,17,18,19,20,21,22,	 PureTone-1kHz	40	2	1650586358
1650589367	Triggered	4,42,43,44,45,46,	 NoSound	40	2	1650589367
1650589567	Triggered	4,42,43,44,45,46,	 File_beep1	40	2	1650589567
1650599265	Triggered	1,14,15,16,17,18,19,20,21,22,	 NoSound	40	2	1650599265
1650599465	Triggered	1,14,15,16,17,18,19,20,21,22,	 StopSoundShort	40	2	1650599465
1650610087	Triggered	5,23,24,25,26,27,28,29,30,31,	 NoSound	40	2	1650610087
1650613429	Triggered	8,52,53,54,55,56,	 NoSound	40	2	1650613429
1650613642	Triggered	8,52,53,54,55,56,	 File_beep2	40	2	1650613642
1650624056	Triggered	5,23,24,25,26,27,28,29,30,31,	 NoSound	40	2	1650624056
1650624258	Triggered	5,23,24,25,26,27,28,29,30,31,	 PureTone-1kHz	40	2	1650624258
1650627601	Triggered	8,52,53,54,55,56,	 NoSound	40	2	1650627601
1650627802	Triggered	8,52,53,54,55,56,	 File_beep2	40	2	1650627802
1650641369	Triggered	5,23,24,25,26,27,28,29,30,31,	 NoSound	40	2	1650641369
1650641570	Triggered	5,23,24,25,26,27,28,29,30,31,	 StopSoundLong	40	2	1650641570
1650654069	Triggered	1,14,15,16,17,18,19,20,21,22,	 NoSound	40	2	1650654069
1650656545	Triggered	6,47,48,49,50,51,	 NoSound	40	2	1650656545
1650656746	Triggered	6,47,48,49,50,51,	 File_beep1	40	2	1650656746
1650665097	Triggered	1,14,15,16,17,18,19,20,21,22,	 NoSound	40	2	1650665097
1650665300	Triggered	1,14,15,16,17,18,19,20,21,22,	 PureTone-9kHz	40	2	1650665300
1650667839	Triggered	4,42,43,44,45,46,	 NoSound	40	2	1650667839
1650683010	Triggered	1,14,15,16,17,18,19,20,21,22,	 NoSound	40	2	1650683010
1650683225	Triggered	1,14,15,16,17,18,19,20,21,22,	 PureTone-7kHz	40	2	1650683225
1650686687	Triggered	4,42,43,44,45,46,	 NoSound	40	2	1650686687
1650693372	Triggered	1,14,15,16,17,18,19,20,21,22,	 NoSound	40	2	1650693372
1650693574	Triggered	1,14,15,16,17,18,19,20,21,22,	 PureTone-5kHz	40	2	1650693574
1650706472	Triggered	4,42,43,44,45,46,	 NoSound	40	2	1650706472
1650732138	Triggered	1,14,15,16,17,18,19,20,21,22,	 NoSound	40	2	1650732138
1650732342	Triggered	1,14,15,16,17,18,19,20,21,22,	 PureTone-3kHz	40	2	1650732342
1650737488	Triggered	4,42,43,44,45,46,	 NoSound	40	2	1650737488
1650753527	Triggered	1,14,15,16,17,18,19,20,21,22,	 NoSound	40	2	1650753527
1650753728	Triggered	1,14,15,16,17,18,19,20,21,22,	 PureTone-2kHz	40	2	1650753728
1650757739	Triggered	6,47,48,49,50,51,	 NoSound	40	2	1650757739
1650757959	Triggered	6,47,48,49,50,51,	 File_beep1	40	2	1650757959
1650794968	Triggered	1,14,15,16,17,18,19,20,21,22,	 NoSound	40	2	1650794968
1650795170	Triggered	1,14,15,16,17,18,19,20,21,22,	 PureTone-1kHz	40	2	1650795170
1650804060	Triggered	4,42,43,44,45,46,	 NoSound	40	2	1650804060
1650824312	Triggered	1,14,15,16,17,18,19,20,21,22,	 NoSound	40	2	1650824312
1650824513	Triggered	1,14,15,16,17,18,19,20,21,22,	 StopSoundShort	40	2	1650824513
1650911940	Triggered	5,23,24,25,26,27,28,29,30,31,	 NoSound	40	2	1650911940
1650949706	Triggered	8,52,53,54,55,56,	 NoSound	40	2	1650949706
1650949907	Triggered	8,52,53,54,55,56,	 File_beep2	40	2	1650949907
1650974304	Triggered	5,23,24,25,26,27,28,29,30,31,	 NoSound	40	2	1650974304
1650974506	Triggered	5,23,24,25,26,27,28,29,30,31,	 PureTone-1kHz	40	2	1650974506
1650977846	Triggered	8,52,53,54,55,56,	 NoSound	40	2	1650977846
1650978047	Triggered	8,52,53,54,55,56,	 File_beep2	40	2	1650978047
1650993285	Triggered	5,23,24,25,26,27,28,29,30,31,	 NoSound	40	2	1650993285
1650993487	Triggered	5,23,24,25,26,27,28,29,30,31,	 StopSoundLong	40	2	1650993487
1651004848	Triggered	1,14,15,16,17,18,19,20,21,22,	 NoSound	40	2	1651004848
1651007924	Triggered	6,47,48,49,50,51,	 NoSound	40	2	1651007924
1651008127	Triggered	6,47,48,49,50,51,	 File_beep2	40	2	1651008127
1651021291	Triggered	1,14,15,16,17,18,19,20,21,22,	 NoSound	40	2	1651021291
1651021492	Triggered	1,14,15,16,17,18,19,20,21,22,	 PureTone-9kHz	40	2	1651021492
1651024633	Triggered	4,42,43,44,45,46,	 NoSound	40	2	1651024633
1651024834	Triggered	4,42,43,44,45,46,	 File_beep1	40	2	1651024834
1651036263	Triggered	1,14,15,16,17,18,19,20,21,22,	 NoSound	40	2	1651036263
1651036466	Triggered	1,14,15,16,17,18,19,20,21,22,	 PureTone-7kHz	40	2	1651036466
1651039204	Triggered	4,42,43,44,45,46,	 NoSound	40	2	1651039204
1651039417	Triggered	4,42,43,44,45,46,	 File_beep1	40	2	1651039417
1651050166	Triggered	1,14,15,16,17,18,19,20,21,22,	 NoSound	40	2	1651050166
1651050368	Triggered	1,14,15,16,17,18,19,20,21,22,	 PureTone-5kHz	40	2	1651050368
1651053175	Triggered	4,42,43,44,45,46,	 NoSound	40	2	1651053175
1651053376	Triggered	4,42,43,44,45,46,	 File_beep1	40	2	1651053376
1651063536	Triggered	1,14,15,16,17,18,19,20,21,22,	 NoSound	40	2	1651063536
1651063738	Triggered	1,14,15,16,17,18,19,20,21,22,	 PureTone-3kHz	40	2	1651063738
1651066815	Triggered	4,42,43,44,45,46,	 NoSound	40	2	1651066815
1651067015	Triggered	4,42,43,44,45,46,	 File_beep1	40	2	1651067015
1651087597	Triggered	1,14,15,16,17,18,19,20,21,22,	 NoSound	40	2	1651087597
1651087812	Triggered	1,14,15,16,17,18,19,20,21,22,	 PureTone-2kHz	40	2	1651087812
1651091744	Triggered	4,42,43,44,45,46,	 NoSound	40	2	1651091744
1651091944	Triggered	4,42,43,44,45,46,	 File_beep1	40	2	1651091944
1651106982	Triggered	1,14,15,16,17,18,19,20,21,22,	 NoSound	40	2	1651106982
1651107199	Triggered	1,14,15,16,17,18,19,20,21,22,	 PureTone-1kHz	40	2	1651107199
1651110859	Triggered	4,42,43,44,45,46,	 NoSound	40	2	1651110859
1651111060	Triggered	4,42,43,44,45,46,	 File_beep1	40	2	1651111060
1651124101	Triggered	1,14,15,16,17,18,19,20,21,22,	 NoSound	40	2	1651124101
1651124301	Triggered	1,14,15,16,17,18,19,20,21,22,	 StopSoundShort	40	2	1651124301
1651142007	Triggered	2,37,38,39,40,41,	 NoSound	40	2	1651142007
1651142209	Triggered	2,37,38,39,40,41,	 File_beep1	40	2	1651142209
1651152300	Triggered	5,23,24,25,26,27,28,29,30,31,	 NoSound	40	2	1651152300
1651152501	Triggered	5,23,24,25,26,27,28,29,30,31,	 PureTone-1kHz	40	2	1651152501
1651155375	Triggered	8,52,53,54,55,56,	 NoSound	40	2	1651155375
1651155576	Triggered	8,52,53,54,55,56,	 File_beep2	40	2	1651155576
1651170949	Triggered	5,23,24,25,26,27,28,29,30,31,	 NoSound	40	2	1651170949
1651171150	Triggered	5,23,24,25,26,27,28,29,30,31,	 StopSoundLong	40	2	1651171150
1651186063	Triggered	1,14,15,16,17,18,19,20,21,22,	 NoSound	40	2	1651186063
1651190534	Triggered	4,42,43,44,45,46,	 NoSound	40	2	1651190534
1651190734	Triggered	4,42,43,44,45,46,	 File_beep2	40	2	1651190734
1651204773	Triggered	1,14,15,16,17,18,19,20,21,22,	 NoSound	40	2	1651204773
1651204976	Triggered	1,14,15,16,17,18,19,20,21,22,	 PureTone-9kHz	40	2	1651204976
1651207380	Triggered	4,42,43,44,45,46,	 NoSound	40	2	1651207380
1651207581	Triggered	4,42,43,44,45,46,	 File_beep2	40	2	1651207581
1651221815	Triggered	1,14,15,16,17,18,19,20,21,22,	 NoSound	40	2	1651221815
1651222018	Triggered	1,14,15,16,17,18,19,20,21,22,	 PureTone-7kHz	40	2	1651222018
1651224423	Triggered	4,42,43,44,45,46,	 NoSound	40	2	1651224423
1651224623	Triggered	4,42,43,44,45,46,	 File_beep2	40	2	1651224623
1651237590	Triggered	1,14,15,16,17,18,19,20,21,22,	 NoSound	40	2	1651237590
1651237792	Triggered	1,14,15,16,17,18,19,20,21,22,	 PureTone-5kHz	40	2	1651237792
1651240463	Triggered	4,42,43,44,45,46,	 NoSound	40	2	1651240463
1651240664	Triggered	4,42,43,44,45,46,	 File_beep2	40	2	1651240664
1651254442	Triggered	1,14,15,16,17,18,19,20,21,22,	 NoSound	40	2	1651254442
1651254643	Triggered	1,14,15,16,17,18,19,20,21,22,	 PureTone-3kHz	40	2	1651254643
1651257174	Triggered	4,42,43,44,45,46,	 NoSound	40	2	1651257174
1651257375	Triggered	4,42,43,44,45,46,	 File_beep2	40	2	1651257375
1651272548	Triggered	1,14,15,16,17,18,19,20,21,22,	 NoSound	40	2	1651272548
1651272749	Triggered	1,14,15,16,17,18,19,20,21,22,	 PureTone-2kHz	40	2	1651272749
1651275288	Triggered	4,42,43,44,45,46,	 NoSound	40	2	1651275288
1651275489	Triggered	4,42,43,44,45,46,	 File_beep2	40	2	1651275489
1651291062	Triggered	1,14,15,16,17,18,19,20,21,22,	 NoSound	40	2	1651291062
1651291264	Triggered	1,14,15,16,17,18,19,20,21,22,	 PureTone-1kHz	40	2	1651291264
1651293735	Triggered	4,42,43,44,45,46,	 NoSound	40	2	1651293735
1651293936	Triggered	4,42,43,44,45,46,	 File_beep2	40	2	1651293936
1651308842	Triggered	1,14,15,16,17,18,19,20,21,22,	 NoSound	40	2	1651308842
1651309042	Triggered	1,14,15,16,17,18,19,20,21,22,	 StopSoundShort	40	2	1651309042
1651323146	Triggered	5,23,24,25,26,27,28,29,30,31,	 NoSound	40	2	1651323146
1651326287	Triggered	8,52,53,54,55,56,	 NoSound	40	2	1651326287
1651326488	Triggered	8,52,53,54,55,56,	 File_beep1	40	2	1651326488
1651337392	Triggered	5,23,24,25,26,27,28,29,30,31,	 NoSound	40	2	1651337393
1651337594	Triggered	5,23,24,25,26,27,28,29,30,31,	 PureTone-1kHz	40	2	1651337594
1651340792	Triggered	8,52,53,54,55,56,	 NoSound	40	2	1651340792
1651340992	Triggered	8,52,53,54,55,56,	 File_beep1	40	2	1651340992
1651356365	Triggered	5,23,24,25,26,27,28,29,30,31,	 NoSound	40	2	1651356365
1651356566	Triggered	5,23,24,25,26,27,28,29,30,31,	 StopSoundLong	40	2	1651356566
1651385375	Triggered	6,47,48,49,50,51,	 NoSound	40	2	1651385375
1651385579	Triggered	6,47,48,49,50,51,	 File_beep2	40	2	1651385579
1651400013	Triggered	1,14,15,16,17,18,19,20,21,22,	 NoSound	40	2	1651400013
1651400216	Triggered	1,14,15,16,17,18,19,20,21,22,	 PureTone-9kHz	40	2	1651400216
1651403028	Triggered	4,42,43,44,45,46,	 NoSound	40	2	1651403028
1651403230	Triggered	4,42,43,44,45,46,	 File_beep3	40	2	1651403230
1651418327	Triggered	1,14,15,16,17,18,19,20,21,22,	 NoSound	40	2	1651418327
1651418530	Triggered	1,14,15,16,17,18,19,20,21,22,	 PureTone-7kHz	40	2	1651418530
1651421267	Triggered	4,42,43,44,45,46,	 NoSound	40	2	1651421267
1651421469	Triggered	4,42,43,44,45,46,	 File_beep3	40	2	1651421469
1651439248	Triggered	1,14,15,16,17,18,19,20,21,22,	 NoSound	40	2	1651439248
1651439452	Triggered	1,14,15,16,17,18,19,20,21,22,	 PureTone-5kHz	40	2	1651439452
1651441923	Triggered	4,42,43,44,45,46,	 NoSound	40	2	1651441923
1651442124	Triggered	4,42,43,44,45,46,	 File_beep3	40	2	1651442124
1651459434	Triggered	1,14,15,16,17,18,19,20,21,22,	 NoSound	40	2	1651459434
1651459635	Triggered	1,14,15,16,17,18,19,20,21,22,	 PureTone-3kHz	40	2	1651459635
1651462241	Triggered	4,42,43,44,45,46,	 NoSound	40	2	1651462241
1651462442	Triggered	4,42,43,44,45,46,	 File_beep3	40	2	1651462442
1651480020	Triggered	1,14,15,16,17,18,19,20,21,22,	 NoSound	40	2	1651480020
1651480233	Triggered	1,14,15,16,17,18,19,20,21,22,	 PureTone-2kHz	40	2	1651480233
1651482836	Triggered	4,42,43,44,45,46,	 NoSound	40	2	1651482836
1651483038	Triggered	4,42,43,44,45,46,	 File_beep3	40	2	1651483038
1651503756	Triggered	1,14,15,16,17,18,19,20,21,22,	 NoSound	40	2	1651503756
1651503958	Triggered	1,14,15,16,17,18,19,20,21,22,	 PureTone-1kHz	40	2	1651503958
1651506892	Triggered	4,42,43,44,45,46,	 NoSound	40	2	1651506892
1651507093	Triggered	4,42,43,44,45,46,	 File_beep3	40	2	1651507093
1651526208	Triggered	1,14,15,16,17,18,19,20,21,22,	 NoSound	40	2	1651526208
1651526408	Triggered	1,14,15,16,17,18,19,20,21,22,	 StopSoundShort	40	2	1651526408
1651543655	Triggered	5,23,24,25,26,27,28,29,30,31,	 NoSound	40	2	1651543655
1651546996	Triggered	8,52,53,54,55,56,	 NoSound	40	2	1651546996
1651547198	Triggered	8,52,53,54,55,56,	 File_beep1	40	2	1651547198
1651558024	Triggered	5,23,24,25,26,27,28,29,30,31,	 NoSound	40	2	1651558024
1651558226	Triggered	5,23,24,25,26,27,28,29,30,31,	 PureTone-1kHz	40	2	1651558226
1651561433	Triggered	8,52,53,54,55,56,	 NoSound	40	2	1651561433
1651561634	Triggered	8,52,53,54,55,56,	 File_beep1	40	2	1651561634
1651670584	Triggered	1,14,15,16,17,18,19,20,21,22,	 NoSound	40	2	1651670584
1651695382	Triggered	6,47,48,49,50,51,	 NoSound	40	2	1651695382
1651695583	Triggered	6,47,48,49,50,51,	 File_beep2	40	2	1651695583
1651712761	Triggered	1,14,15,16,17,18,19,20,21,22,	 NoSound	40	2	1651712761
1651712977	Triggered	1,14,15,16,17,18,19,20,21,22,	 PureTone-9kHz	40	2	1651712977
1651717574	Triggered	4,42,43,44,45,46,	 NoSound	40	2	1651717574
1651717776	Triggered	4,42,43,44,45,46,	 File_beep3	40	2	1651717776
1651736824	Triggered	1,14,15,16,17,18,19,20,21,22,	 NoSound	40	2	1651736824
1651737041	Triggered	1,14,15,16,17,18,19,20,21,22,	 PureTone-7kHz	40	2	1651737041
1651740901	Triggered	4,42,43,44,45,46,	 NoSound	40	2	1651740901
1651741103	Triggered	4,42,43,44,45,46,	 File_beep3	40	2	1651741103
1651760017	Triggered	1,14,15,16,17,18,19,20,21,22,	 NoSound	40	2	1651760017
1651760221	Triggered	1,14,15,16,17,18,19,20,21,22,	 PureTone-5kHz	40	2	1651760221
1651763894	Triggered	4,42,43,44,45,46,	 NoSound	40	2	1651763894
1651764096	Triggered	4,42,43,44,45,46,	 File_beep3	40	2	1651764096
1651784214	Triggered	1,14,15,16,17,18,19,20,21,22,	 NoSound	40	2	1651784214
1651784417	Triggered	1,14,15,16,17,18,19,20,21,22,	 PureTone-3kHz	40	2	1651784417
1651786954	Triggered	4,42,43,44,45,46,	 NoSound	40	2	1651786954
1651787156	Triggered	4,42,43,44,45,46,	 File_beep3	40	2	1651787156
1651804867	Triggered	1,14,15,16,17,18,19,20,21,22,	 NoSound	40	2	1651804867
1651805082	Triggered	1,14,15,16,17,18,19,20,21,22,	 PureTone-2kHz	40	2	1651805082
1651807942	Triggered	4,42,43,44,45,46,	 NoSound	40	2	1651807942
1651808144	Triggered	4,42,43,44,45,46,	 File_beep3	40	2	1651808144
1651825187	Triggered	1,14,15,16,17,18,19,20,21,22,	 NoSound	40	2	1651825187
1651825389	Triggered	1,14,15,16,17,18,19,20,21,22,	 PureTone-1kHz	40	2	1651825389
1651828196	Triggered	4,42,43,44,45,46,	 NoSound	40	2	1651828196
1651828398	Triggered	4,42,43,44,45,46,	 File_beep3	40	2	1651828398
1651846510	Triggered	1,14,15,16,17,18,19,20,21,22,	 NoSound	40	2	1651846510
1651846710	Triggered	1,14,15,16,17,18,19,20,21,22,	 StopSoundShort	40	2	1651846710
1651857606	Triggered	5,23,24,25,26,27,28,29,30,31,	 NoSound	40	2	1651857606
1651861080	Triggered	8,52,53,54,55,56,	 NoSound	40	2	1651861080
1651861281	Triggered	8,52,53,54,55,56,	 File_beep1	40	2	1651861281
1651882736	Triggered	5,23,24,25,26,27,28,29,30,31,	 NoSound	40	2	1651882736
1651882938	Triggered	5,23,24,25,26,27,28,29,30,31,	 PureTone-1kHz	40	2	1651882938
1651886012	Triggered	8,52,53,54,55,56,	 NoSound	40	2	1651886012
1651886213	Triggered	8,52,53,54,55,56,	 File_beep1	40	2	1651886213
1651905463	Triggered	5,23,24,25,26,27,28,29,30,31,	 NoSound	40	2	1651905463
1651905664	Triggered	5,23,24,25,26,27,28,29,30,31,	 StopSoundLong	40	2	1651905664
1651936009	Triggered	1,14,15,16,17,18,19,20,21,22,	 NoSound	40	2	1651936009
1651941423	Triggered	6,47,48,49,50,51,	 NoSound	40	2	1651941423
1651941625	Triggered	6,47,48,49,50,51,	 File_beep2	40	2	1651941625
1651956737	Triggered	1,14,15,16,17,18,19,20,21,22,	 NoSound	40	2	1651956737
1651956940	Triggered	1,14,15,16,17,18,19,20,21,22,	 PureTone-9kHz	40	2	1651956940
1651962010	Triggered	4,42,43,44,45,46,	 NoSound	40	2	1651962010
1651962211	Triggered	4,42,43,44,45,46,	 File_beep1	40	2	1651962211
1651974911	Triggered	1,14,15,16,17,18,19,20,21,22,	 NoSound	40	2	1651974911
1651975113	Triggered	1,14,15,16,17,18,19,20,21,22,	 PureTone-7kHz	40	2	1651975113
1651979190	Triggered	4,42,43,44,45,46,	 NoSound	40	2	1651979190
1651979391	Triggered	4,42,43,44,45,46,	 File_beep1	40	2	1651979391
1651991688	Triggered	1,14,15,16,17,18,19,20,21,22,	 NoSound	40	2	1651991688
1651991903	Triggered	1,14,15,16,17,18,19,20,21,22,	 PureTone-5kHz	40	2	1651991903
1651998038	Triggered	4,42,43,44,45,46,	 NoSound	40	2	1651998038
1651998238	Triggered	4,42,43,44,45,46,	 File_beep1	40	2	1651998238
1652019158	Triggered	1,14,15,16,17,18,19,20,21,22,	 NoSound	40	2	1652019158
1652019361	Triggered	1,14,15,16,17,18,19,20,21,22,	 PureTone-3kHz	40	2	1652019361
1652025110	Triggered	6,47,48,49,50,51,	 NoSound	40	2	1652025110
1652025310	Triggered	6,47,48,49,50,51,	 File_beep2	40	2	1652025310
1652039748	Triggered	1,14,15,16,17,18,19,20,21,22,	 NoSound	40	2	1652039748
1652039950	Triggered	1,14,15,16,17,18,19,20,21,22,	 PureTone-2kHz	40	2	1652039950
1652044559	Triggered	4,42,43,44,45,46,	 NoSound	40	2	1652044559
1652044760	Triggered	4,42,43,44,45,46,	 File_beep1	40	2	1652044760
1652056331	Triggered	1,14,15,16,17,18,19,20,21,22,	 NoSound	40	2	1652056331
1652056533	Triggered	1,14,15,16,17,18,19,20,21,22,	 PureTone-1kHz	40	2	1652056533
1652063408	Triggered	4,42,43,44,45,46,	 NoSound	40	2	1652063408
1652063609	Triggered	4,42,43,44,45,46,	 File_beep1	40	2	1652063609
1652077512	Triggered	1,14,15,16,17,18,19,20,21,22,	 NoSound	40	2	1652077512
1652077713	Triggered	1,14,15,16,17,18,19,20,21,22,	 StopSoundShort	40	2	1652077713
1652102644	Triggered	5,23,24,25,26,27,28,29,30,31,	 NoSound	40	2	1652102644
1652106054	Triggered	8,52,53,54,55,56,	 NoSound	40	2	1652106054
1652106255	Triggered	8,52,53,54,55,56,	 File_beep2	40	2	1652106255
1652123698	Triggered	5,23,24,25,26,27,28,29,30,31,	 NoSound	40	2	1652123698
1652123900	Triggered	5,23,24,25,26,27,28,29,30,31,	 PureTone-1kHz	40	2	1652123900
1652127309	Triggered	8,52,53,54,55,56,	 NoSound	40	2	1652127309
1652127510	Triggered	8,52,53,54,55,56,	 File_beep2	40	2	1652127510
1652152973	Triggered	5,23,24,25,26,27,28,29,30,31,	 NoSound	40	2	1652152973
1652153175	Triggered	5,23,24,25,26,27,28,29,30,31,	 StopSoundLong	40	2	1652153175
1652173762	Triggered	4,42,43,44,45,46,	 NoSound	40	2	1652173762
1652173965	Triggered	4,42,43,44,45,46,	 File_beep2	40	2	1652173965
1652188668	Triggered	1,14,15,16,17,18,19,20,21,22,	 NoSound	40	2	1652188668
1652188871	Triggered	1,14,15,16,17,18,19,20,21,22,	 PureTone-9kHz	40	2	1652188871
1652192879	Triggered	4,42,43,44,45,46,	 NoSound	40	2	1652192879
1652193080	Triggered	4,42,43,44,45,46,	 File_beep2	40	2	1652193080
1652210457	Triggered	1,14,15,16,17,18,19,20,21,22,	 NoSound	40	2	1652210457
1652210661	Triggered	1,14,15,16,17,18,19,20,21,22,	 PureTone-7kHz	40	2	1652210661
1652214536	Triggered	4,42,43,44,45,46,	 NoSound	40	2	1652214536
1652214737	Triggered	4,42,43,44,45,46,	 File_beep2	40	2	1652214737
1652231513	Triggered	1,14,15,16,17,18,19,20,21,22,	 NoSound	40	2	1652231513
1652231714	Triggered	1,14,15,16,17,18,19,20,21,22,	 PureTone-5kHz	40	2	1652231714
1652235056	Triggered	4,42,43,44,45,46,	 NoSound	40	2	1652235056
1652235256	Triggered	4,42,43,44,45,46,	 File_beep2	40	2	1652235256
1652252300	Triggered	1,14,15,16,17,18,19,20,21,22,	 NoSound	40	2	1652252300
1652252502	Triggered	1,14,15,16,17,18,19,20,21,22,	 PureTone-3kHz	40	2	1652252502
1652255785	Triggered	4,42,43,44,45,46,	 NoSound	40	2	1652255785
1652255993	Triggered	4,42,43,44,45,46,	 File_beep2	40	2	1652255993
1652274759	Triggered	1,14,15,16,17,18,19,20,21,22,	 NoSound	40	2	1652274759
1652274961	Triggered	1,14,15,16,17,18,19,20,21,22,	 PureTone-2kHz	40	2	1652274961
1652279171	Triggered	4,42,43,44,45,46,	 NoSound	40	2	1652279171
1652279385	Triggered	4,42,43,44,45,46,	 File_beep2	40	2	1652279385
1652295086	Triggered	1,14,15,16,17,18,19,20,21,22,	 NoSound	40	2	1652295086
1652295288	Triggered	1,14,15,16,17,18,19,20,21,22,	 PureTone-1kHz	40	2	1652295288
1652299364	Triggered	4,42,43,44,45,46,	 NoSound	40	2	1652299364
1652299564	Triggered	4,42,43,44,45,46,	 File_beep2	40	2	1652299564
1652314863	Triggered	1,14,15,16,17,18,19,20,21,22,	 NoSound	40	2	1652314863
1652315076	Triggered	1,14,15,16,17,18,19,20,21,22,	 StopSoundShort	40	2	1652315076
1652332977	Triggered	5,23,24,25,26,27,28,29,30,31,	 NoSound	40	2	1652332977
1652336184	Triggered	8,52,53,54,55,56,	 NoSound	40	2	1652336184
1652336385	Triggered	8,52,53,54,55,56,	 File_beep1	40	2	1652336385
1652376690	Triggered	5,23,24,25,26,27,28,29,30,31,	 NoSound	40	2	1652376690
1652376892	Triggered	5,23,24,25,26,27,28,29,30,31,	 PureTone-1kHz	40	2	1652376892
1652380308	Triggered	8,52,53,54,55,56,	 NoSound	40	2	1652380308
1652380509	Triggered	8,52,53,54,55,56,	 File_beep1	40	2	1652380509
1652417068	Triggered	5,23,24,25,26,27,28,29,30,31,	 NoSound	40	2	1652417068
1652417269	Triggered	5,23,24,25,26,27,28,29,30,31,	 StopSoundLong	40	2	1652417269
1652440590	Triggered	1,14,15,16,17,18,19,20,21,22,	 NoSound	40	2	1652440590
1652444667	Triggered	6,47,48,49,50,51,	 NoSound	40	2	1652444667
1652444880	Triggered	6,47,48,49,50,51,	 File_beep1	40	2	1652444880
1652457835	Triggered	1,14,15,16,17,18,19,20,21,22,	 NoSound	40	2	1652457835
1652458038	Triggered	1,14,15,16,17,18,19,20,21,22,	 PureTone-9kHz	40	2	1652458038
1652463390	Triggered	4,42,43,44,45,46,	 NoSound	40	2	1652463390
1652628346	Triggered	1,14,15,16,17,18,19,20,21,22,	 NoSound	40	2	1652628346
1652628564	Triggered	1,14,15,16,17,18,19,20,21,22,	 PureTone-7kHz	40	2	1652628564
1652634162	Triggered	6,47,48,49,50,51,	 NoSound	40	2	1652634162
1652634363	Triggered	6,47,48,49,50,51,	 File_beep1	40	2	1652634363
1652677541	Triggered	1,14,15,16,17,18,19,20,21,22,	 NoSound	40	2	1652677541
1652677745	Triggered	1,14,15,16,17,18,19,20,21,22,	 PureTone-5kHz	40	2	1652677745
1652685429	Triggered	6,47,48,49,50,51,	 NoSound	40	2	1652685429
1652685644	Triggered	6,47,48,49,50,51,	 File_beep1	40	2	1652685644
1652709558	Triggered	1,14,15,16,17,18,19,20,21,22,	 NoSound	40	2	1652709558
1652709760	Triggered	1,14,15,16,17,18,19,20,21,22,	 PureTone-3kHz	40	2	1652709760
1652723195	Triggered	4,42,43,44,45,46,	 NoSound	40	2	1652723195
