Ver1.3	1036930949	StartFile	1/5/2021	1:38:46 PM	E:\BehavioralExperiments\Gerald\Horizon\RawData\010521\SoundData.txt	1036930949
1037273012	Triggered	5,23,24,25,26,27,28,29,30,31,	 NoSound	40	2	1037273012
1037273214	Triggered	5,23,24,25,26,27,28,29,30,31,	 StopSoundShort	40	2	1037273214
1037286057	Triggered	1,14,15,16,17,18,19,20,21,22,	 NoSound	40	2	1037286057
1037290450	Triggered	4,42,43,44,45,46,	 NoSound	40	2	1037290450
1037290652	Triggered	4,42,43,44,45,46,	 File_beep4	40	2	1037290652
1037302844	Triggered	1,14,15,16,17,18,19,20,21,22,	 NoSound	40	2	1037302844
1037305672	Triggered	4,42,43,44,45,46,	 NoSound	40	2	1037305672
1037305875	Triggered	4,42,43,44,45,46,	 File_beep4	40	2	1037305875
1037318306	Triggered	1,14,15,16,17,18,19,20,21,22,	 NoSound	40	2	1037318306
1037321014	Triggered	4,42,43,44,45,46,	 NoSound	40	2	1037321014
1037321227	Triggered	4,42,43,44,45,46,	 File_beep4	40	2	1037321227
1037333167	Triggered	1,14,15,16,17,18,19,20,21,22,	 NoSound	40	2	1037333167
1037333371	Triggered	1,14,15,16,17,18,19,20,21,22,	 PureTone-9kHz	40	2	1037333371
1037336236	Triggered	4,42,43,44,45,46,	 NoSound	40	2	1037336236
1037336438	Triggered	4,42,43,44,45,46,	 File_beep4	40	2	1037336438
1037347848	Triggered	1,14,15,16,17,18,19,20,21,22,	 NoSound	40	2	1037347848
1037348050	Triggered	1,14,15,16,17,18,19,20,21,22,	 PureTone-7kHz	40	2	1037348050
1037350737	Triggered	4,42,43,44,45,46,	 NoSound	40	2	1037350737
1037350938	Triggered	4,42,43,44,45,46,	 File_beep4	40	2	1037350938
1037361993	Triggered	1,14,15,16,17,18,19,20,21,22,	 NoSound	40	2	1037361993
1037362197	Triggered	1,14,15,16,17,18,19,20,21,22,	 PureTone-5kHz	40	2	1037362197
1037364934	Triggered	4,42,43,44,45,46,	 NoSound	40	2	1037364934
1037365138	Triggered	4,42,43,44,45,46,	 File_beep4	40	2	1037365138
1037376728	Triggered	1,14,15,16,17,18,19,20,21,22,	 NoSound	40	2	1037376728
1037376930	Triggered	1,14,15,16,17,18,19,20,21,22,	 PureTone-3kHz	40	2	1037376930
1037379556	Triggered	4,42,43,44,45,46,	 NoSound	40	2	1037379556
1037379758	Triggered	4,42,43,44,45,46,	 File_beep4	40	2	1037379758
1037391289	Triggered	1,14,15,16,17,18,19,20,21,22,	 NoSound	40	2	1037391289
1037391492	Triggered	1,14,15,16,17,18,19,20,21,22,	 PureTone-2kHz	40	2	1037391492
1037394658	Triggered	4,42,43,44,45,46,	 NoSound	40	2	1037394658
1037394860	Triggered	4,42,43,44,45,46,	 File_beep4	40	2	1037394860
1037406810	Triggered	1,14,15,16,17,18,19,20,21,22,	 NoSound	40	2	1037406810
1037407011	Triggered	1,14,15,16,17,18,19,20,21,22,	 PureTone-1kHz	40	2	1037407011
1037409517	Triggered	4,42,43,44,45,46,	 NoSound	40	2	1037409517
1037409720	Triggered	4,42,43,44,45,46,	 File_beep4	40	2	1037409720
1037421612	Triggered	1,14,15,16,17,18,19,20,21,22,	 NoSound	40	2	1037421612
1037421812	Triggered	1,14,15,16,17,18,19,20,21,22,	 StopSoundShort	40	2	1037421812
1037433284	Triggered	5,23,24,25,26,27,28,29,30,31,	 NoSound	40	2	1037433284
1037436532	Triggered	8,52,53,54,55,56,	 NoSound	40	2	1037436532
1037436732	Triggered	8,52,53,54,55,56,	 File_beep2	40	2	1037436732
1037444294	Triggered	5,23,24,25,26,27,28,29,30,31,	 NoSound	40	2	1037444294
1037447724	Triggered	8,52,53,54,55,56,	 NoSound	40	2	1037447724
1037447926	Triggered	8,52,53,54,55,56,	 File_beep2	40	2	1037447926
1037453924	Triggered	5,23,24,25,26,27,28,29,30,31,	 NoSound	40	2	1037453924
1037457952	Triggered	8,52,53,54,55,56,	 NoSound	40	2	1037457952
1037458152	Triggered	8,52,53,54,55,56,	 File_beep2	40	2	1037458152
1037465051	Triggered	5,23,24,25,26,27,28,29,30,31,	 NoSound	40	2	1037465051
1037465255	Triggered	5,23,24,25,26,27,28,29,30,31,	 PureTone-9kHz	40	2	1037465255
1037468420	Triggered	2,37,38,39,40,41,	 NoSound	40	2	1037468420
1037473234	Triggered	5,23,24,25,26,27,28,29,30,31,	 NoSound	40	2	1037473234
1037473451	Triggered	5,23,24,25,26,27,28,29,30,31,	 PureTone-7kHz	40	2	1037473451
1037477565	Triggered	8,52,53,54,55,56,	 NoSound	40	2	1037477565
1037477766	Triggered	8,52,53,54,55,56,	 File_beep2	40	2	1037477766
1037484064	Triggered	5,23,24,25,26,27,28,29,30,31,	 NoSound	40	2	1037484064
1037484277	Triggered	5,23,24,25,26,27,28,29,30,31,	 PureTone-5kHz	40	2	1037484277
1037487914	Triggered	2,37,38,39,40,41,	 NoSound	40	2	1037487914
1037491404	Triggered	5,23,24,25,26,27,28,29,30,31,	 NoSound	40	2	1037491404
1037491606	Triggered	5,23,24,25,26,27,28,29,30,31,	 PureTone-3kHz	40	2	1037491606
1037496097	Triggered	8,52,53,54,55,56,	 NoSound	40	2	1037496097
1037496299	Triggered	8,52,53,54,55,56,	 File_beep2	40	2	1037496299
1037503015	Triggered	5,23,24,25,26,27,28,29,30,31,	 NoSound	40	2	1037503015
1037503216	Triggered	5,23,24,25,26,27,28,29,30,31,	 PureTone-2kHz	40	2	1037503216
1037506145	Triggered	8,52,53,54,55,56,	 NoSound	40	2	1037506145
1037506346	Triggered	8,52,53,54,55,56,	 File_beep2	40	2	1037506346
1037529850	Triggered	5,23,24,25,26,27,28,29,30,31,	 NoSound	40	2	1037529850
1037530052	Triggered	5,23,24,25,26,27,28,29,30,31,	 PureTone-1kHz	40	2	1037530052
1037533520	Triggered	8,52,53,54,55,56,	 NoSound	40	2	1037533520
1037533721	Triggered	8,52,53,54,55,56,	 File_beep2	40	2	1037533721
1037539057	Triggered	5,23,24,25,26,27,28,29,30,31,	 NoSound	40	2	1037539057
1037539257	Triggered	5,23,24,25,26,27,28,29,30,31,	 StopSoundShort	40	2	1037539257
1037550967	Triggered	1,14,15,16,17,18,19,20,21,22,	 NoSound	40	2	1037550967
1037554758	Triggered	6,47,48,49,50,51,	 NoSound	40	2	1037554758
1037554960	Triggered	6,47,48,49,50,51,	 File_beep3	40	2	1037554960
1037564686	Triggered	1,14,15,16,17,18,19,20,21,22,	 NoSound	40	2	1037564686
1037567574	Triggered	6,47,48,49,50,51,	 NoSound	40	2	1037567574
1037567775	Triggered	6,47,48,49,50,51,	 File_beep3	40	2	1037567775
1037578102	Triggered	1,14,15,16,17,18,19,20,21,22,	 NoSound	40	2	1037578102
1037580570	Triggered	6,47,48,49,50,51,	 NoSound	40	2	1037580570
1037580780	Triggered	6,47,48,49,50,51,	 File_beep3	40	2	1037580780
1037589834	Triggered	1,14,15,16,17,18,19,20,21,22,	 NoSound	40	2	1037589834
1037590038	Triggered	1,14,15,16,17,18,19,20,21,22,	 PureTone-9kHz	40	2	1037590038
1037592603	Triggered	6,47,48,49,50,51,	 NoSound	40	2	1037592603
1037592805	Triggered	6,47,48,49,50,51,	 File_beep3	40	2	1037592805
1037602890	Triggered	1,14,15,16,17,18,19,20,21,22,	 NoSound	40	2	1037602890
1037603094	Triggered	1,14,15,16,17,18,19,20,21,22,	 PureTone-7kHz	40	2	1037603094
1037605899	Triggered	6,47,48,49,50,51,	 NoSound	40	2	1037605899
1037606101	Triggered	6,47,48,49,50,51,	 File_beep3	40	2	1037606101
1037616068	Triggered	1,14,15,16,17,18,19,20,21,22,	 NoSound	40	2	1037616068
1037616270	Triggered	1,14,15,16,17,18,19,20,21,22,	 PureTone-5kHz	40	2	1037616270
1037619016	Triggered	6,47,48,49,50,51,	 NoSound	40	2	1037619016
1037619218	Triggered	6,47,48,49,50,51,	 File_beep3	40	2	1037619218
1037629365	Triggered	1,14,15,16,17,18,19,20,21,22,	 NoSound	40	2	1037629365
1037629577	Triggered	1,14,15,16,17,18,19,20,21,22,	 PureTone-3kHz	40	2	1037629577
1037632734	Triggered	6,47,48,49,50,51,	 NoSound	40	2	1037632734
1037632935	Triggered	6,47,48,49,50,51,	 File_beep3	40	2	1037632935
1037643322	Triggered	1,14,15,16,17,18,19,20,21,22,	 NoSound	40	2	1037643322
1037643524	Triggered	1,14,15,16,17,18,19,20,21,22,	 PureTone-2kHz	40	2	1037643524
1037646210	Triggered	6,47,48,49,50,51,	 NoSound	40	2	1037646210
1037646411	Triggered	6,47,48,49,50,51,	 File_beep3	40	2	1037646411
1037656619	Triggered	1,14,15,16,17,18,19,20,21,22,	 NoSound	40	2	1037656619
1037656821	Triggered	1,14,15,16,17,18,19,20,21,22,	 PureTone-1kHz	40	2	1037656821
1037660048	Triggered	6,47,48,49,50,51,	 NoSound	40	2	1037660048
1037660249	Triggered	6,47,48,49,50,51,	 File_beep3	40	2	1037660249
1037669676	Triggered	1,14,15,16,17,18,19,20,21,22,	 NoSound	40	2	1037669676
1037669876	Triggered	1,14,15,16,17,18,19,20,21,22,	 StopSoundShort	40	2	1037669876
1037692117	Triggered	2,37,38,39,40,41,	 NoSound	40	2	1037692117
1037692331	Triggered	2,37,38,39,40,41,	 File_beep2	40	2	1037692331
1037699217	Triggered	5,23,24,25,26,27,28,29,30,31,	 NoSound	40	2	1037699217
1037703668	Triggered	2,37,38,39,40,41,	 NoSound	40	2	1037703668
1037703869	Triggered	2,37,38,39,40,41,	 File_beep2	40	2	1037703869
1037711069	Triggered	5,23,24,25,26,27,28,29,30,31,	 NoSound	40	2	1037711069
1037714798	Triggered	2,37,38,39,40,41,	 NoSound	40	2	1037714798
1037715000	Triggered	2,37,38,39,40,41,	 File_beep2	40	2	1037715000
1037721779	Triggered	5,23,24,25,26,27,28,29,30,31,	 NoSound	40	2	1037721779
1037721981	Triggered	5,23,24,25,26,27,28,29,30,31,	 PureTone-9kHz	40	2	1037721981
1037725027	Triggered	8,52,53,54,55,56,	 NoSound	40	2	1037725027
1037729179	Triggered	5,23,24,25,26,27,28,29,30,31,	 NoSound	40	2	1037729179
1037729383	Triggered	5,23,24,25,26,27,28,29,30,31,	 PureTone-7kHz	40	2	1037729383
1037734112	Triggered	2,37,38,39,40,41,	 NoSound	40	2	1037734112
1037734313	Triggered	2,37,38,39,40,41,	 File_beep2	40	2	1037734313
1037740791	Triggered	5,23,24,25,26,27,28,29,30,31,	 NoSound	40	2	1037740791
1037740993	Triggered	5,23,24,25,26,27,28,29,30,31,	 PureTone-5kHz	40	2	1037740993
1037744100	Triggered	8,52,53,54,55,56,	 NoSound	40	2	1037744100
1037753366	Triggered	5,23,24,25,26,27,28,29,30,31,	 NoSound	40	2	1037753366
1037753578	Triggered	5,23,24,25,26,27,28,29,30,31,	 PureTone-3kHz	40	2	1037753578
1037760043	Triggered	2,37,38,39,40,41,	 NoSound	40	2	1037760043
1037760245	Triggered	2,37,38,39,40,41,	 File_beep2	40	2	1037760245
1037767745	Triggered	5,23,24,25,26,27,28,29,30,31,	 NoSound	40	2	1037767745
1037767947	Triggered	5,23,24,25,26,27,28,29,30,31,	 PureTone-2kHz	40	2	1037767947
1037771476	Triggered	8,52,53,54,55,56,	 NoSound	40	2	1037771476
1037774904	Triggered	5,23,24,25,26,27,28,29,30,31,	 NoSound	40	2	1037774904
1037775106	Triggered	5,23,24,25,26,27,28,29,30,31,	 PureTone-1kHz	40	2	1037775106
1037778756	Triggered	2,37,38,39,40,41,	 NoSound	40	2	1037778756
1037778956	Triggered	2,37,38,39,40,41,	 File_beep2	40	2	1037778956
1037785134	Triggered	5,23,24,25,26,27,28,29,30,31,	 NoSound	40	2	1037785134
1037785334	Triggered	5,23,24,25,26,27,28,29,30,31,	 StopSoundShort	40	2	1037785334
1037796504	Triggered	1,14,15,16,17,18,19,20,21,22,	 NoSound	40	2	1037796504
1037799153	Triggered	6,47,48,49,50,51,	 NoSound	40	2	1037799153
1037803905	Triggered	1,14,15,16,17,18,19,20,21,22,	 NoSound	40	2	1037803905
1037826828	Triggered	6,47,48,49,50,51,	 NoSound	40	2	1037826828
1037844456	Triggered	1,14,15,16,17,18,19,20,21,22,	 NoSound	40	2	1037844456
1037867504	Triggered	6,47,48,49,50,51,	 NoSound	40	2	1037867504
1037897223	Triggered	1,14,15,16,17,18,19,20,21,22,	 NoSound	40	2	1037897223
1037897437	Triggered	1,14,15,16,17,18,19,20,21,22,	 PureTone-9kHz	40	2	1037897437
1037900171	Triggered	4,42,43,44,45,46,	 NoSound	40	2	1037900171
1037900373	Triggered	4,42,43,44,45,46,	 File_beep2	40	2	1037900373
1037907811	Triggered	1,14,15,16,17,18,19,20,21,22,	 NoSound	40	2	1037907811
1037908014	Triggered	1,14,15,16,17,18,19,20,21,22,	 PureTone-7kHz	40	2	1037908014
1037910579	Triggered	4,42,43,44,45,46,	 NoSound	40	2	1037910579
1037910780	Triggered	4,42,43,44,45,46,	 File_beep2	40	2	1037910780
1037917799	Triggered	1,14,15,16,17,18,19,20,21,22,	 NoSound	40	2	1037917799
1037918003	Triggered	1,14,15,16,17,18,19,20,21,22,	 PureTone-5kHz	40	2	1037918003
1037920325	Triggered	4,42,43,44,45,46,	 NoSound	40	2	1037920325
1037920527	Triggered	4,42,43,44,45,46,	 File_beep2	40	2	1037920527
1037927304	Triggered	1,14,15,16,17,18,19,20,21,22,	 NoSound	40	2	1037927304
1037927506	Triggered	1,14,15,16,17,18,19,20,21,22,	 PureTone-3kHz	40	2	1037927506
1037929892	Triggered	4,42,43,44,45,46,	 NoSound	40	2	1037929892
1037930093	Triggered	4,42,43,44,45,46,	 File_beep2	40	2	1037930093
1037938857	Triggered	1,14,15,16,17,18,19,20,21,22,	 NoSound	40	2	1037938857
1037939060	Triggered	1,14,15,16,17,18,19,20,21,22,	 PureTone-2kHz	40	2	1037939060
1037941444	Triggered	4,42,43,44,45,46,	 NoSound	40	2	1037941444
1037941645	Triggered	4,42,43,44,45,46,	 File_beep2	40	2	1037941645
1037950167	Triggered	1,14,15,16,17,18,19,20,21,22,	 NoSound	40	2	1037950167
1037950369	Triggered	1,14,15,16,17,18,19,20,21,22,	 PureTone-1kHz	40	2	1037950369
1037952995	Triggered	4,42,43,44,45,46,	 NoSound	40	2	1037952995
1037953197	Triggered	4,42,43,44,45,46,	 File_beep2	40	2	1037953197
1037960515	Triggered	1,14,15,16,17,18,19,20,21,22,	 NoSound	40	2	1037960515
1037960716	Triggered	1,14,15,16,17,18,19,20,21,22,	 StopSoundShort	40	2	1037960716
1037991029	Triggered	5,23,24,25,26,27,28,29,30,31,	 NoSound	40	2	1037991029
1037994871	Triggered	8,52,53,54,55,56,	 NoSound	40	2	1037994871
1037995073	Triggered	8,52,53,54,55,56,	 File_beep3	40	2	1037995073
1038003835	Triggered	5,23,24,25,26,27,28,29,30,31,	 NoSound	40	2	1038003835
1038007507	Triggered	8,52,53,54,55,56,	 NoSound	40	2	1038007507
1038007709	Triggered	8,52,53,54,55,56,	 File_beep3	40	2	1038007709
1038015448	Triggered	5,23,24,25,26,27,28,29,30,31,	 NoSound	40	2	1038015448
1038019177	Triggered	8,52,53,54,55,56,	 NoSound	40	2	1038019177
1038019379	Triggered	8,52,53,54,55,56,	 File_beep3	40	2	1038019379
1038026518	Triggered	5,23,24,25,26,27,28,29,30,31,	 NoSound	40	2	1038026518
1038026721	Triggered	5,23,24,25,26,27,28,29,30,31,	 PureTone-9kHz	40	2	1038026721
1038030008	Triggered	8,52,53,54,55,56,	 NoSound	40	2	1038030008
1038030209	Triggered	8,52,53,54,55,56,	 File_beep3	40	2	1038030209
1038037709	Triggered	5,23,24,25,26,27,28,29,30,31,	 NoSound	40	2	1038037709
1038037912	Triggered	5,23,24,25,26,27,28,29,30,31,	 PureTone-7kHz	40	2	1038037912
1038041801	Triggered	2,37,38,39,40,41,	 NoSound	40	2	1038041801
1038042002	Triggered	2,37,38,39,40,41,	 File_beep1	40	2	1038042002
1038047455	Triggered	5,23,24,25,26,27,28,29,30,31,	 NoSound	40	2	1038047455
1038047658	Triggered	5,23,24,25,26,27,28,29,30,31,	 PureTone-5kHz	40	2	1038047658
1038052630	Triggered	8,52,53,54,55,56,	 NoSound	40	2	1038052630
1038052849	Triggered	8,52,53,54,55,56,	 File_beep3	40	2	1038052849
1038062497	Triggered	5,23,24,25,26,27,28,29,30,31,	 NoSound	40	2	1038062497
1038062699	Triggered	5,23,24,25,26,27,28,29,30,31,	 PureTone-3kHz	40	2	1038062699
1038065866	Triggered	8,52,53,54,55,56,	 NoSound	40	2	1038065866
1038066067	Triggered	8,52,53,54,55,56,	 File_beep3	40	2	1038066067
1038074109	Triggered	5,23,24,25,26,27,28,29,30,31,	 NoSound	40	2	1038074109
1038074311	Triggered	5,23,24,25,26,27,28,29,30,31,	 PureTone-2kHz	40	2	1038074311
1038077598	Triggered	8,52,53,54,55,56,	 NoSound	40	2	1038077598
1038077800	Triggered	8,52,53,54,55,56,	 File_beep3	40	2	1038077800
1038086563	Triggered	5,23,24,25,26,27,28,29,30,31,	 NoSound	40	2	1038086563
1038086765	Triggered	5,23,24,25,26,27,28,29,30,31,	 PureTone-1kHz	40	2	1038086765
1038090594	Triggered	2,37,38,39,40,41,	 NoSound	40	2	1038090594
1038090797	Triggered	2,37,38,39,40,41,	 File_beep1	40	2	1038090797
1038096252	Triggered	5,23,24,25,26,27,28,29,30,31,	 NoSound	40	2	1038096252
1038096463	Triggered	5,23,24,25,26,27,28,29,30,31,	 StopSoundShort	40	2	1038096463
1038110450	Triggered	1,14,15,16,17,18,19,20,21,22,	 NoSound	40	2	1038110450
1038113397	Triggered	4,42,43,44,45,46,	 NoSound	40	2	1038113397
1038113598	Triggered	4,42,43,44,45,46,	 File_beep1	40	2	1038113598
1038122062	Triggered	1,14,15,16,17,18,19,20,21,22,	 NoSound	40	2	1038122062
1038126393	Triggered	4,42,43,44,45,46,	 NoSound	40	2	1038126393
1038126606	Triggered	4,42,43,44,45,46,	 File_beep1	40	2	1038126606
1038134635	Triggered	1,14,15,16,17,18,19,20,21,22,	 NoSound	40	2	1038134635
1038159184	Triggered	4,42,43,44,45,46,	 NoSound	40	2	1038159184
1038159385	Triggered	4,42,43,44,45,46,	 File_beep1	40	2	1038159385
1038167245	Triggered	1,14,15,16,17,18,19,20,21,22,	 NoSound	40	2	1038167245
1038167449	Triggered	1,14,15,16,17,18,19,20,21,22,	 PureTone-9kHz	40	2	1038167449
1038171998	Triggered	6,47,48,49,50,51,	 NoSound	40	2	1038171998
1038199133	Triggered	1,14,15,16,17,18,19,20,21,22,	 NoSound	40	2	1038199133
1038199337	Triggered	1,14,15,16,17,18,19,20,21,22,	 PureTone-7kHz	40	2	1038199337
1038204127	Triggered	4,42,43,44,45,46,	 NoSound	40	2	1038204127
1038204328	Triggered	4,42,43,44,45,46,	 File_beep1	40	2	1038204328
1038211780	Triggered	1,14,15,16,17,18,19,20,21,22,	 NoSound	40	2	1038211780
1038211988	Triggered	1,14,15,16,17,18,19,20,21,22,	 PureTone-5kHz	40	2	1038211988
1038215558	Triggered	4,42,43,44,45,46,	 NoSound	40	2	1038215558
1038215759	Triggered	4,42,43,44,45,46,	 File_beep1	40	2	1038215759
1038222718	Triggered	1,14,15,16,17,18,19,20,21,22,	 NoSound	40	2	1038222718
1038222920	Triggered	1,14,15,16,17,18,19,20,21,22,	 PureTone-3kHz	40	2	1038222920
1038226389	Triggered	6,47,48,49,50,51,	 NoSound	40	2	1038226389
1038232405	Triggered	1,14,15,16,17,18,19,20,21,22,	 NoSound	40	2	1038232405
1038232607	Triggered	1,14,15,16,17,18,19,20,21,22,	 PureTone-2kHz	40	2	1038232607
1038236196	Triggered	4,42,43,44,45,46,	 NoSound	40	2	1038236196
1038236397	Triggered	4,42,43,44,45,46,	 File_beep1	40	2	1038236397
1038242994	Triggered	1,14,15,16,17,18,19,20,21,22,	 NoSound	40	2	1038242994
1038243206	Triggered	1,14,15,16,17,18,19,20,21,22,	 PureTone-1kHz	40	2	1038243206
1038247150	Triggered	4,42,43,44,45,46,	 NoSound	40	2	1038247150
1038247350	Triggered	4,42,43,44,45,46,	 File_beep1	40	2	1038247350
1038254486	Triggered	1,14,15,16,17,18,19,20,21,22,	 NoSound	40	2	1038254486
1038254687	Triggered	1,14,15,16,17,18,19,20,21,22,	 StopSoundShort	40	2	1038254687
1038276025	Triggered	5,23,24,25,26,27,28,29,30,31,	 NoSound	40	2	1038276025
1038278920	Triggered	8,52,53,54,55,56,	 NoSound	40	2	1038278920
1038279122	Triggered	8,52,53,54,55,56,	 File_beep5	40	2	1038279122
1038289503	Triggered	5,23,24,25,26,27,28,29,30,31,	 NoSound	40	2	1038289503
1038292572	Triggered	8,52,53,54,55,56,	 NoSound	40	2	1038292572
1038292773	Triggered	8,52,53,54,55,56,	 File_beep5	40	2	1038292773
1038303641	Triggered	5,23,24,25,26,27,28,29,30,31,	 NoSound	40	2	1038303641
1038306770	Triggered	8,52,53,54,55,56,	 NoSound	40	2	1038306770
1038306973	Triggered	8,52,53,54,55,56,	 File_beep5	40	2	1038306973
1038319225	Triggered	5,23,24,25,26,27,28,29,30,31,	 NoSound	40	2	1038319225
1038319431	Triggered	5,23,24,25,26,27,28,29,30,31,	 PureTone-9kHz	40	2	1038319431
1038322593	Triggered	8,52,53,54,55,56,	 NoSound	40	2	1038322593
1038322797	Triggered	8,52,53,54,55,56,	 File_beep5	40	2	1038322797
1038334988	Triggered	5,23,24,25,26,27,28,29,30,31,	 NoSound	40	2	1038334988
1038335191	Triggered	5,23,24,25,26,27,28,29,30,31,	 PureTone-7kHz	40	2	1038335191
1038338538	Triggered	8,52,53,54,55,56,	 NoSound	40	2	1038338538
1038338741	Triggered	8,52,53,54,55,56,	 File_beep5	40	2	1038338741
1038352074	Triggered	5,23,24,25,26,27,28,29,30,31,	 NoSound	40	2	1038352074
1038352278	Triggered	5,23,24,25,26,27,28,29,30,31,	 PureTone-5kHz	40	2	1038352278
1038355271	Triggered	8,52,53,54,55,56,	 NoSound	40	2	1038355271
1038355473	Triggered	8,52,53,54,55,56,	 File_beep5	40	2	1038355473
1038367236	Triggered	5,23,24,25,26,27,28,29,30,31,	 NoSound	40	2	1038367236
1038367438	Triggered	5,23,24,25,26,27,28,29,30,31,	 PureTone-3kHz	40	2	1038367438
1038370727	Triggered	8,52,53,54,55,56,	 NoSound	40	2	1038370727
1038370930	Triggered	8,52,53,54,55,56,	 File_beep5	40	2	1038370930
1038383180	Triggered	5,23,24,25,26,27,28,29,30,31,	 NoSound	40	2	1038383180
1038383382	Triggered	5,23,24,25,26,27,28,29,30,31,	 PureTone-2kHz	40	2	1038383382
1038386310	Triggered	8,52,53,54,55,56,	 NoSound	40	2	1038386310
1038386512	Triggered	8,52,53,54,55,56,	 File_beep5	40	2	1038386512
1038397260	Triggered	5,23,24,25,26,27,28,29,30,31,	 NoSound	40	2	1038397260
1038397461	Triggered	5,23,24,25,26,27,28,29,30,31,	 PureTone-1kHz	40	2	1038397461
1038400449	Triggered	8,52,53,54,55,56,	 NoSound	40	2	1038400449
1038400651	Triggered	8,52,53,54,55,56,	 File_beep5	40	2	1038400651
1038411055	Triggered	5,23,24,25,26,27,28,29,30,31,	 NoSound	40	2	1038411055
1038411256	Triggered	5,23,24,25,26,27,28,29,30,31,	 StopSoundShort	40	2	1038411256
1038435584	Triggered	1,14,15,16,17,18,19,20,21,22,	 NoSound	40	2	1038435584
1038438594	Triggered	4,42,43,44,45,46,	 NoSound	40	2	1038438594
1038443105	Triggered	1,14,15,16,17,18,19,20,21,22,	 NoSound	40	2	1038443105
1038447919	Triggered	4,42,43,44,45,46,	 NoSound	40	2	1038447919
1038452912	Triggered	1,14,15,16,17,18,19,20,21,22,	 NoSound	40	2	1038452912
1038484560	Triggered	4,42,43,44,45,46,	 NoSound	40	2	1038484560
1038523788	Triggered	1,14,15,16,17,18,19,20,21,22,	 NoSound	40	2	1038523788
1038523991	Triggered	1,14,15,16,17,18,19,20,21,22,	 PureTone-9kHz	40	2	1038523991
1038527217	Triggered	6,47,48,49,50,51,	 NoSound	40	2	1038527217
1038527419	Triggered	6,47,48,49,50,51,	 File_beep2	40	2	1038527419
1038536489	Triggered	1,14,15,16,17,18,19,20,21,22,	 NoSound	40	2	1038536489
1038536692	Triggered	1,14,15,16,17,18,19,20,21,22,	 PureTone-7kHz	40	2	1038536692
1038539671	Triggered	6,47,48,49,50,51,	 NoSound	40	2	1038539671
1038539874	Triggered	6,47,48,49,50,51,	 File_beep2	40	2	1038539874
1038549419	Triggered	1,14,15,16,17,18,19,20,21,22,	 NoSound	40	2	1038549419
1038549622	Triggered	1,14,15,16,17,18,19,20,21,22,	 PureTone-5kHz	40	2	1038549622
1038552847	Triggered	6,47,48,49,50,51,	 NoSound	40	2	1038552847
1038553049	Triggered	6,47,48,49,50,51,	 File_beep2	40	2	1038553049
1038562414	Triggered	1,14,15,16,17,18,19,20,21,22,	 NoSound	40	2	1038562414
1038562616	Triggered	1,14,15,16,17,18,19,20,21,22,	 PureTone-3kHz	40	2	1038562616
1038566144	Triggered	4,42,43,44,45,46,	 NoSound	40	2	1038566144
1038579021	Triggered	1,14,15,16,17,18,19,20,21,22,	 NoSound	40	2	1038579021
1038579224	Triggered	1,14,15,16,17,18,19,20,21,22,	 PureTone-2kHz	40	2	1038579224
1038582990	Triggered	6,47,48,49,50,51,	 NoSound	40	2	1038582990
1038583192	Triggered	6,47,48,49,50,51,	 File_beep2	40	2	1038583192
1038642976	Triggered	1,14,15,16,17,18,19,20,21,22,	 NoSound	40	2	1038642976
1038643178	Triggered	1,14,15,16,17,18,19,20,21,22,	 PureTone-1kHz	40	2	1038643178
1038646104	Triggered	4,42,43,44,45,46,	 NoSound	40	2	1038646104
1038650677	Triggered	1,14,15,16,17,18,19,20,21,22,	 NoSound	40	2	1038650677
1038650878	Triggered	1,14,15,16,17,18,19,20,21,22,	 StopSoundShort	40	2	1038650878
1038675586	Triggered	5,23,24,25,26,27,28,29,30,31,	 NoSound	40	2	1038675586
1038679075	Triggered	2,37,38,39,40,41,	 NoSound	40	2	1038679075
1038679276	Triggered	2,37,38,39,40,41,	 File_beep1	40	2	1038679276
1038686958	Triggered	5,23,24,25,26,27,28,29,30,31,	 NoSound	40	2	1038686958
1038690627	Triggered	2,37,38,39,40,41,	 NoSound	40	2	1038690627
1038690829	Triggered	2,37,38,39,40,41,	 File_beep1	40	2	1038690829
1038696885	Triggered	5,23,24,25,26,27,28,29,30,31,	 NoSound	40	2	1038696885
1038702541	Triggered	2,37,38,39,40,41,	 NoSound	40	2	1038702541
1038702742	Triggered	2,37,38,39,40,41,	 File_beep1	40	2	1038702742
1038710482	Triggered	5,23,24,25,26,27,28,29,30,31,	 NoSound	40	2	1038710482
1038710683	Triggered	5,23,24,25,26,27,28,29,30,31,	 PureTone-9kHz	40	2	1038710683
1038714333	Triggered	8,52,53,54,55,56,	 NoSound	40	2	1038714333
1038714533	Triggered	8,52,53,54,55,56,	 File_beep1	40	2	1038714533
1038720410	Triggered	5,23,24,25,26,27,28,29,30,31,	 NoSound	40	2	1038720410
1038720613	Triggered	5,23,24,25,26,27,28,29,30,31,	 PureTone-7kHz	40	2	1038720613
1038724562	Triggered	8,52,53,54,55,56,	 NoSound	40	2	1038724562
1038724763	Triggered	8,52,53,54,55,56,	 File_beep1	40	2	1038724763
1038730519	Triggered	5,23,24,25,26,27,28,29,30,31,	 NoSound	40	2	1038730519
1038730732	Triggered	5,23,24,25,26,27,28,29,30,31,	 PureTone-5kHz	40	2	1038730732
1038734621	Triggered	8,52,53,54,55,56,	 NoSound	40	2	1038734621
1038734822	Triggered	8,52,53,54,55,56,	 File_beep1	40	2	1038734822
1038746642	Triggered	5,23,24,25,26,27,28,29,30,31,	 NoSound	40	2	1038746642
1038746844	Triggered	5,23,24,25,26,27,28,29,30,31,	 PureTone-3kHz	40	2	1038746844
1038750318	Triggered	2,37,38,39,40,41,	 NoSound	40	2	1038750318
1038750518	Triggered	2,37,38,39,40,41,	 File_beep1	40	2	1038750518
1038756389	Triggered	5,23,24,25,26,27,28,29,30,31,	 NoSound	40	2	1038756389
1038756590	Triggered	5,23,24,25,26,27,28,29,30,31,	 PureTone-2kHz	40	2	1038756590
1038760601	Triggered	2,37,38,39,40,41,	 NoSound	40	2	1038760601
1038760802	Triggered	2,37,38,39,40,41,	 File_beep1	40	2	1038760802
1038766137	Triggered	5,23,24,25,26,27,28,29,30,31,	 NoSound	40	2	1038766137
1038766351	Triggered	5,23,24,25,26,27,28,29,30,31,	 PureTone-1kHz	40	2	1038766351
1038770587	Triggered	2,37,38,39,40,41,	 NoSound	40	2	1038770587
1038770788	Triggered	2,37,38,39,40,41,	 File_beep1	40	2	1038770788
1038777808	Triggered	5,23,24,25,26,27,28,29,30,31,	 NoSound	40	2	1038777808
1038778008	Triggered	5,23,24,25,26,27,28,29,30,31,	 StopSoundShort	40	2	1038778008
1038805664	Triggered	1,14,15,16,17,18,19,20,21,22,	 NoSound	40	2	1038805664
1038809154	Triggered	6,47,48,49,50,51,	 NoSound	40	2	1038809154
1038809355	Triggered	6,47,48,49,50,51,	 File_beep5	40	2	1038809355
1038823775	Triggered	1,14,15,16,17,18,19,20,21,22,	 NoSound	40	2	1038823775
1038827083	Triggered	6,47,48,49,50,51,	 NoSound	40	2	1038827083
1038827287	Triggered	6,47,48,49,50,51,	 File_beep5	40	2	1038827287
1038842908	Triggered	1,14,15,16,17,18,19,20,21,22,	 NoSound	40	2	1038842908
1038846095	Triggered	6,47,48,49,50,51,	 NoSound	40	2	1038846095
1038846298	Triggered	6,47,48,49,50,51,	 File_beep5	40	2	1038846298
1038863183	Triggered	1,14,15,16,17,18,19,20,21,22,	 NoSound	40	2	1038863183
1038863389	Triggered	1,14,15,16,17,18,19,20,21,22,	 PureTone-9kHz	40	2	1038863389
1038866191	Triggered	6,47,48,49,50,51,	 NoSound	40	2	1038866191
1038866393	Triggered	6,47,48,49,50,51,	 File_beep5	40	2	1038866393
1038882195	Triggered	1,14,15,16,17,18,19,20,21,22,	 NoSound	40	2	1038882195
1038882399	Triggered	1,14,15,16,17,18,19,20,21,22,	 PureTone-7kHz	40	2	1038882399
1038885264	Triggered	6,47,48,49,50,51,	 NoSound	40	2	1038885264
1038885467	Triggered	6,47,48,49,50,51,	 File_beep5	40	2	1038885467
1038899463	Triggered	1,14,15,16,17,18,19,20,21,22,	 NoSound	40	2	1038899463
1038899666	Triggered	1,14,15,16,17,18,19,20,21,22,	 PureTone-5kHz	40	2	1038899666
1038902471	Triggered	6,47,48,49,50,51,	 NoSound	40	2	1038902471
1038902684	Triggered	6,47,48,49,50,51,	 File_beep5	40	2	1038902684
1038917753	Triggered	1,14,15,16,17,18,19,20,21,22,	 NoSound	40	2	1038917753
1038917956	Triggered	1,14,15,16,17,18,19,20,21,22,	 PureTone-3kHz	40	2	1038917956
1038921002	Triggered	6,47,48,49,50,51,	 NoSound	40	2	1038921002
1038921205	Triggered	6,47,48,49,50,51,	 File_beep5	40	2	1038921205
1038936826	Triggered	1,14,15,16,17,18,19,20,21,22,	 NoSound	40	2	1038936826
1038937027	Triggered	1,14,15,16,17,18,19,20,21,22,	 PureTone-2kHz	40	2	1038937027
1038940255	Triggered	6,47,48,49,50,51,	 NoSound	40	2	1038940255
1038940457	Triggered	6,47,48,49,50,51,	 File_beep5	40	2	1038940457
1038956140	Triggered	1,14,15,16,17,18,19,20,21,22,	 NoSound	40	2	1038956140
1038956343	Triggered	1,14,15,16,17,18,19,20,21,22,	 PureTone-1kHz	40	2	1038956343
1038959267	Triggered	6,47,48,49,50,51,	 NoSound	40	2	1038959267
1038959471	Triggered	6,47,48,49,50,51,	 File_beep5	40	2	1038959471
1038977858	Triggered	1,14,15,16,17,18,19,20,21,22,	 NoSound	40	2	1038977858
1038978059	Triggered	1,14,15,16,17,18,19,20,21,22,	 StopSoundShort	40	2	1038978059
1038991759	Triggered	5,23,24,25,26,27,28,29,30,31,	 NoSound	40	2	1038991759
1038995127	Triggered	2,37,38,39,40,41,	 NoSound	40	2	1038995127
1038995329	Triggered	2,37,38,39,40,41,	 File_beep4	40	2	1038995329
1039006558	Triggered	5,23,24,25,26,27,28,29,30,31,	 NoSound	40	2	1039006558
1039010589	Triggered	2,37,38,39,40,41,	 NoSound	40	2	1039010589
1039010792	Triggered	2,37,38,39,40,41,	 File_beep4	40	2	1039010792
1039022983	Triggered	5,23,24,25,26,27,28,29,30,31,	 NoSound	40	2	1039022983
1039026353	Triggered	2,37,38,39,40,41,	 NoSound	40	2	1039026353
1039026556	Triggered	2,37,38,39,40,41,	 File_beep4	40	2	1039026556
1039037845	Triggered	5,23,24,25,26,27,28,29,30,31,	 NoSound	40	2	1039037845
1039038048	Triggered	5,23,24,25,26,27,28,29,30,31,	 PureTone-9kHz	40	2	1039038048
1039041275	Triggered	2,37,38,39,40,41,	 NoSound	40	2	1039041275
1039041488	Triggered	2,37,38,39,40,41,	 File_beep4	40	2	1039041488
1039052170	Triggered	5,23,24,25,26,27,28,29,30,31,	 NoSound	40	2	1039052170
1039052373	Triggered	5,23,24,25,26,27,28,29,30,31,	 PureTone-7kHz	40	2	1039052373
1039056196	Triggered	8,52,53,54,55,56,	 NoSound	40	2	1039056196
1039056407	Triggered	8,52,53,54,55,56,	 File_beep1	40	2	1039056407
1039062512	Triggered	5,23,24,25,26,27,28,29,30,31,	 NoSound	40	2	1039062512
1039062715	Triggered	5,23,24,25,26,27,28,29,30,31,	 PureTone-5kHz	40	2	1039062715
1039066664	Triggered	8,52,53,54,55,56,	 NoSound	40	2	1039066664
1039066865	Triggered	8,52,53,54,55,56,	 File_beep1	40	2	1039066865
1039084653	Triggered	5,23,24,25,26,27,28,29,30,31,	 NoSound	40	2	1039084653
1039084856	Triggered	5,23,24,25,26,27,28,29,30,31,	 PureTone-3kHz	40	2	1039084856
1039099874	Triggered	8,52,53,54,55,56,	 NoSound	40	2	1039099874
1039100075	Triggered	8,52,53,54,55,56,	 File_beep1	40	2	1039100075
1039107215	Triggered	5,23,24,25,26,27,28,29,30,31,	 NoSound	40	2	1039107215
1039107418	Triggered	5,23,24,25,26,27,28,29,30,31,	 PureTone-2kHz	40	2	1039107418
1039111187	Triggered	2,37,38,39,40,41,	 NoSound	40	2	1039111187
1039111389	Triggered	2,37,38,39,40,41,	 File_beep4	40	2	1039111389
1039121776	Triggered	5,23,24,25,26,27,28,29,30,31,	 NoSound	40	2	1039121776
1039121978	Triggered	5,23,24,25,26,27,28,29,30,31,	 PureTone-1kHz	40	2	1039121978
1039125806	Triggered	8,52,53,54,55,56,	 NoSound	40	2	1039125806
1039126008	Triggered	8,52,53,54,55,56,	 File_beep1	40	2	1039126008
1039131703	Triggered	5,23,24,25,26,27,28,29,30,31,	 NoSound	40	2	1039131703
1039131904	Triggered	5,23,24,25,26,27,28,29,30,31,	 StopSoundShort	40	2	1039131904
1039144880	Triggered	1,14,15,16,17,18,19,20,21,22,	 NoSound	40	2	1039144880
1039148309	Triggered	6,47,48,49,50,51,	 NoSound	40	2	1039148309
1039148512	Triggered	6,47,48,49,50,51,	 File_beep5	40	2	1039148512
1039167983	Triggered	1,14,15,16,17,18,19,20,21,22,	 NoSound	40	2	1039167983
1039172435	Triggered	6,47,48,49,50,51,	 NoSound	40	2	1039172435
1039172638	Triggered	6,47,48,49,50,51,	 File_beep5	40	2	1039172638
1039302754	Triggered	1,14,15,16,17,18,19,20,21,22,	 NoSound	40	2	1039302754
1039306846	Triggered	6,47,48,49,50,51,	 NoSound	40	2	1039306846
1039307047	Triggered	6,47,48,49,50,51,	 File_beep5	40	2	1039307047
1039327062	Triggered	1,14,15,16,17,18,19,20,21,22,	 NoSound	40	2	1039327062
1039327266	Triggered	1,14,15,16,17,18,19,20,21,22,	 PureTone-9kHz	40	2	1039327266
1039330611	Triggered	6,47,48,49,50,51,	 NoSound	40	2	1039330611
1039330814	Triggered	6,47,48,49,50,51,	 File_beep5	40	2	1039330814
1039348841	Triggered	1,14,15,16,17,18,19,20,21,22,	 NoSound	40	2	1039348841
1039349043	Triggered	1,14,15,16,17,18,19,20,21,22,	 PureTone-7kHz	40	2	1039349043
1039352571	Triggered	6,47,48,49,50,51,	 NoSound	40	2	1039352571
1039352774	Triggered	6,47,48,49,50,51,	 File_beep5	40	2	1039352774
1039371222	Triggered	1,14,15,16,17,18,19,20,21,22,	 NoSound	40	2	1039371222
1039371426	Triggered	1,14,15,16,17,18,19,20,21,22,	 PureTone-5kHz	40	2	1039371426
1039375013	Triggered	6,47,48,49,50,51,	 NoSound	40	2	1039375013
1039375214	Triggered	6,47,48,49,50,51,	 File_beep5	40	2	1039375214
1039396191	Triggered	1,14,15,16,17,18,19,20,21,22,	 NoSound	40	2	1039396191
1039396393	Triggered	1,14,15,16,17,18,19,20,21,22,	 PureTone-3kHz	40	2	1039396393
1039400103	Triggered	6,47,48,49,50,51,	 NoSound	40	2	1039400103
1039400316	Triggered	6,47,48,49,50,51,	 File_beep5	40	2	1039400316
1039420679	Triggered	1,14,15,16,17,18,19,20,21,22,	 NoSound	40	2	1039420679
1039420881	Triggered	1,14,15,16,17,18,19,20,21,22,	 PureTone-2kHz	40	2	1039420881
1039424470	Triggered	6,47,48,49,50,51,	 NoSound	40	2	1039424470
1039424673	Triggered	6,47,48,49,50,51,	 File_beep5	40	2	1039424673
1039444023	Triggered	1,14,15,16,17,18,19,20,21,22,	 NoSound	40	2	1039444023
1039444226	Triggered	1,14,15,16,17,18,19,20,21,22,	 PureTone-1kHz	40	2	1039444226
1039451846	Triggered	4,42,43,44,45,46,	 NoSound	40	2	1039451846
1039452048	Triggered	4,42,43,44,45,46,	 File_beep3	40	2	1039452048
1039465443	Triggered	1,14,15,16,17,18,19,20,21,22,	 NoSound	40	2	1039465443
1039465643	Triggered	1,14,15,16,17,18,19,20,21,22,	 StopSoundShort	40	2	1039465643
