1	1	0
9	0	0	0	0
N5	100	1	0	00
I1	100	1	0	10
4i6p	100	1	0	3151
H1	100	1	0	10
4i6p	100	1	0	3151
G1	100	1	0	10
4i6p	100	1	0	3151
F1	100	1	0	00
W5	100	1	0	10
8q2	100	1	0	110
V5	100	1	0	10
8q2	100	1	0	110
U5	100	1	0	10
8q2	100	1	0	110
T5	100	1	0	10
8q2	100	1	0	110
S5	100	1	0	10
8q2	100	1	0	110
R5	100	1	0	10
8q2	100	1	0	110
Q5	100	1	0	10
8q2	100	1	0	110
P5	100	1	0	10
8q2	100	1	0	110
N5	100	1	0	00
I1	100	1	0	10
6o4g	100	1	0	4111
H1	100	1	0	10
6o4g	100	1	0	4111
G1	100	1	0	10
6o4g	100	1	0	4111
F1	100	1	0	00
W5	100	1	0	10
2b8q	100	1	0	1111
V5	100	1	0	10
2b8q	100	1	0	1111
U5	100	1	0	10
2b8q	100	1	0	1111
T5	100	1	0	10
2b8q	100	1	0	1111
S5	100	1	0	10
2b8q	100	1	0	1111
R5	100	1	0	10
2b8q	100	1	0	1111
Q5	100	1	0	10
2b8q	100	1	0	1111
P5	100	1	0	10
2b8q	100	1	0	1111
N5	100	1	0	00
I1	100	1	0	10
6n4k	100	1	0	3151
H1	100	1	0	10
6n4k	100	1	0	3151
G1	100	1	0	10
6n4k	100	1	0	3151
F1	100	1	0	00
W5	100	1	0	10
8t2	100	1	0	410
V5	100	1	0	10
8t2	100	1	0	410
U5	100	1	0	10
8t2	100	1	0	410
T5	100	1	0	10
8t2	100	1	0	410
S5	100	1	0	10
8t2	100	1	0	410
R5	100	1	0	10
8t2	100	1	0	410
Q5	100	1	0	10
8t2	100	1	0	410
P5	100	1	0	10
8t2	100	1	0	410
N5	100	1	0	00
I1	100	1	0	10
6o4	100	1	0	410
H1	100	1	0	10
6o4	100	1	0	410
G1	100	1	0	10
6o4	100	1	0	410
F1	100	1	0	00
W5	100	1	0	10
8u2c	100	1	0	5121
V5	100	1	0	10
8u2c	100	1	0	5121
U5	100	1	0	10
8u2c	100	1	0	5121
T5	100	1	0	10
8u2c	100	1	0	5121
S5	100	1	0	10
8u2c	100	1	0	5121
R5	100	1	0	10
8u2c	100	1	0	5121
Q5	100	1	0	10
8u2c	100	1	0	5121
P5	100	1	0	10
8u2c	100	1	0	5121
N5	100	1	0	00
I1	100	1	0	10
4h6l	100	1	0	2111
H1	100	1	0	10
4h6l	100	1	0	2111
G1	100	1	0	10
4h6l	100	1	0	2111
F1	100	1	0	00
W5	100	1	0	10
2c8s	100	1	0	2131
V5	100	1	0	10
2c8s	100	1	0	2131
U5	100	1	0	10
2c8s	100	1	0	2131
T5	100	1	0	10
2c8s	100	1	0	2131
S5	100	1	0	10
2c8s	100	1	0	2131
R5	100	1	0	10
2c8s	100	1	0	2131
Q5	100	1	0	10
2c8s	100	1	0	2131
P5	100	1	0	10
2c8s	100	1	0	2131
N5	100	1	0	00
I1	100	1	0	10
6p4g	100	1	0	5111
H1	100	1	0	10
6p4g	100	1	0	5111
G1	100	1	0	10
6p4g	100	1	0	5111
F1	100	1	0	00
W5	100	1	0	10
8r2	100	1	0	210
V5	100	1	0	10
8r2	100	1	0	210
U5	100	1	0	10
8r2	100	1	0	210
T5	100	1	0	10
8r2	100	1	0	210
S5	100	1	0	10
8r2	100	1	0	210
R5	100	1	0	10
8r2	100	1	0	210
Q5	100	1	0	10
8r2	100	1	0	210
P5	100	1	0	10
8r2	100	1	0	210
N5	100	1	0	00
I1	100	1	0	10
6n4h	100	1	0	3121
H1	100	1	0	10
6n4h	100	1	0	3121
G1	100	1	0	10
6n4h	100	1	0	3121
F1	100	1	0	00
W5	100	1	0	10
8u2f	100	1	0	5151
V5	100	1	0	10
8u2f	100	1	0	5151
U5	100	1	0	10
8u2f	100	1	0	5151
T5	100	1	0	10
8u2f	100	1	0	5151
S5	100	1	0	10
8u2f	100	1	0	5151
R5	100	1	0	10
8u2f	100	1	0	5151
Q5	100	1	0	10
8u2f	100	1	0	5151
P5	100	1	0	10
8u2f	100	1	0	5151
N5	100	1	0	00
I1	100	1	0	10
4i6o	100	1	0	3141
H1	100	1	0	10
4i6o	100	1	0	3141
G1	100	1	0	10
4i6o	100	1	0	3141
F1	100	1	0	00
W5	100	1	0	10
8t2e	100	1	0	4141
V5	100	1	0	10
8t2e	100	1	0	4141
U5	100	1	0	10
8t2e	100	1	0	4141
T5	100	1	0	10
8t2e	100	1	0	4141
S5	100	1	0	10
8t2e	100	1	0	4141
R5	100	1	0	10
8t2e	100	1	0	4141
Q5	100	1	0	10
8t2e	100	1	0	4141
P5	100	1	0	10
8t2e	100	1	0	4141
N5	100	1	0	00
I1	100	1	0	10
6l4	100	1	0	110
H1	100	1	0	10
6l4	100	1	0	110
G1	100	1	0	10
6l4	100	1	0	110
F1	100	1	0	00
W5	100	1	0	10
2f8r	100	1	0	5121
V5	100	1	0	10
2f8r	100	1	0	5121
U5	100	1	0	10
2f8r	100	1	0	5121
T5	100	1	0	10
2f8r	100	1	0	5121
S5	100	1	0	10
2f8r	100	1	0	5121
R5	100	1	0	10
2f8r	100	1	0	5121
Q5	100	1	0	10
2f8r	100	1	0	5121
P5	100	1	0	10
2f8r	100	1	0	5121
N5	100	1	0	00
I1	100	1	0	10
4k6	100	1	0	510
H1	100	1	0	10
4k6	100	1	0	510
G1	100	1	0	10
4k6	100	1	0	510
F1	100	1	0	00
W5	100	1	0	10
8r2d	100	1	0	2131
V5	100	1	0	10
8r2d	100	1	0	2131
U5	100	1	0	10
8r2d	100	1	0	2131
T5	100	1	0	10
8r2d	100	1	0	2131
S5	100	1	0	10
8r2d	100	1	0	2131
R5	100	1	0	10
8r2d	100	1	0	2131
Q5	100	1	0	10
8r2d	100	1	0	2131
P5	100	1	0	10
8r2d	100	1	0	2131
N5	100	1	0	00
I1	100	1	0	10
6o4g	100	1	0	4111
H1	100	1	0	10
6o4g	100	1	0	4111
G1	100	1	0	10
6o4g	100	1	0	4111
F1	100	1	0	00
W5	100	1	0	10
2d8	100	1	0	310
V5	100	1	0	10
2d8	100	1	0	310
U5	100	1	0	10
2d8	100	1	0	310
T5	100	1	0	10
2d8	100	1	0	310
S5	100	1	0	10
2d8	100	1	0	310
R5	100	1	0	10
2d8	100	1	0	310
Q5	100	1	0	10
2d8	100	1	0	310
P5	100	1	0	10
2d8	100	1	0	310
N5	100	1	0	00
I1	100	1	0	10
4g6n	100	1	0	1131
H1	100	1	0	10
4g6n	100	1	0	1131
G1	100	1	0	10
4g6n	100	1	0	1131
F1	100	1	0	00
W5	100	1	0	10
2c8	100	1	0	210
V5	100	1	0	10
2c8	100	1	0	210
U5	100	1	0	10
2c8	100	1	0	210
T5	100	1	0	10
2c8	100	1	0	210
S5	100	1	0	10
2c8	100	1	0	210
R5	100	1	0	10
2c8	100	1	0	210
Q5	100	1	0	10
2c8	100	1	0	210
P5	100	1	0	10
2c8	100	1	0	210
N5	100	1	0	00
I1	100	1	0	10
6l4	100	1	0	110
H1	100	1	0	10
6l4	100	1	0	110
G1	100	1	0	10
6l4	100	1	0	110
F1	100	1	0	00
W5	100	1	0	10
2f8	100	1	0	510
V5	100	1	0	10
2f8	100	1	0	510
U5	100	1	0	10
2f8	100	1	0	510
T5	100	1	0	10
2f8	100	1	0	510
S5	100	1	0	10
2f8	100	1	0	510
R5	100	1	0	10
2f8	100	1	0	510
Q5	100	1	0	10
2f8	100	1	0	510
P5	100	1	0	10
2f8	100	1	0	510
N5	100	1	0	00
I1	100	1	0	10
6l4k	100	1	0	1151
H1	100	1	0	10
6l4k	100	1	0	1151
G1	100	1	0	10
6l4k	100	1	0	1151
F1	100	1	0	00
W5	100	1	0	10
8t2e	100	1	0	4141
V5	100	1	0	10
8t2e	100	1	0	4141
U5	100	1	0	10
8t2e	100	1	0	4141
T5	100	1	0	10
8t2e	100	1	0	4141
S5	100	1	0	10
8t2e	100	1	0	4141
R5	100	1	0	10
8t2e	100	1	0	4141
Q5	100	1	0	10
8t2e	100	1	0	4141
P5	100	1	0	10
8t2e	100	1	0	4141
N5	100	1	0	00
I1	100	1	0	10
4i6n	100	1	0	3131
H1	100	1	0	10
4i6n	100	1	0	3131
G1	100	1	0	10
4i6n	100	1	0	3131
F1	100	1	0	00
W5	100	1	0	10
2e8s	100	1	0	4131
V5	100	1	0	10
2e8s	100	1	0	4131
U5	100	1	0	10
2e8s	100	1	0	4131
T5	100	1	0	10
2e8s	100	1	0	4131
S5	100	1	0	10
2e8s	100	1	0	4131
R5	100	1	0	10
2e8s	100	1	0	4131
Q5	100	1	0	10
2e8s	100	1	0	4131
P5	100	1	0	10
2e8s	100	1	0	4131
N5	100	1	0	00
I1	100	1	0	10
4g6l	100	1	0	1111
H1	100	1	0	10
4g6l	100	1	0	1111
G1	100	1	0	10
4g6l	100	1	0	1111
F1	100	1	0	00
W5	100	1	0	10
8u2f	100	1	0	5151
V5	100	1	0	10
8u2f	100	1	0	5151
U5	100	1	0	10
8u2f	100	1	0	5151
T5	100	1	0	10
8u2f	100	1	0	5151
S5	100	1	0	10
8u2f	100	1	0	5151
R5	100	1	0	10
8u2f	100	1	0	5151
Q5	100	1	0	10
8u2f	100	1	0	5151
P5	100	1	0	10
8u2f	100	1	0	5151
N5	100	1	0	00
I1	100	1	0	10
6m4g	100	1	0	2111
H1	100	1	0	10
6m4g	100	1	0	2111
G1	100	1	0	10
6m4g	100	1	0	2111
F1	100	1	0	00
W5	100	1	0	10
2d8q	100	1	0	3111
V5	100	1	0	10
2d8q	100	1	0	3111
U5	100	1	0	10
2d8q	100	1	0	3111
T5	100	1	0	10
2d8q	100	1	0	3111
S5	100	1	0	10
2d8q	100	1	0	3111
R5	100	1	0	10
2d8q	100	1	0	3111
Q5	100	1	0	10
2d8q	100	1	0	3111
P5	100	1	0	10
2d8q	100	1	0	3111
N5	100	1	0	00
I1	100	1	0	10
4h6o	100	1	0	2141
H1	100	1	0	10
4h6o	100	1	0	2141
G1	100	1	0	10
4h6o	100	1	0	2141
F1	100	1	0	00
W5	100	1	0	10
8u2	100	1	0	510
V5	100	1	0	10
8u2	100	1	0	510
U5	100	1	0	10
8u2	100	1	0	510
T5	100	1	0	10
8u2	100	1	0	510
S5	100	1	0	10
8u2	100	1	0	510
R5	100	1	0	10
8u2	100	1	0	510
Q5	100	1	0	10
8u2	100	1	0	510
P5	100	1	0	10
8u2	100	1	0	510
N5	100	1	0	00
I1	100	1	0	10
6l4k	100	1	0	1151
H1	100	1	0	10
6l4k	100	1	0	1151
G1	100	1	0	10
6l4k	100	1	0	1151
F1	100	1	0	00
W5	100	1	0	10
8u2	100	1	0	510
V5	100	1	0	10
8u2	100	1	0	510
U5	100	1	0	10
8u2	100	1	0	510
T5	100	1	0	10
8u2	100	1	0	510
S5	100	1	0	10
8u2	100	1	0	510
R5	100	1	0	10
8u2	100	1	0	510
Q5	100	1	0	10
8u2	100	1	0	510
P5	100	1	0	10
8u2	100	1	0	510
N5	100	1	0	00
I1	100	1	0	10
6m4j	100	1	0	2141
H1	100	1	0	10
6m4j	100	1	0	2141
G1	100	1	0	10
6m4j	100	1	0	2141
F1	100	1	0	00
W5	100	1	0	10
8t2c	100	1	0	4121
V5	100	1	0	10
8t2c	100	1	0	4121
U5	100	1	0	10
8t2c	100	1	0	4121
T5	100	1	0	10
8t2c	100	1	0	4121
S5	100	1	0	10
8t2c	100	1	0	4121
R5	100	1	0	10
8t2c	100	1	0	4121
Q5	100	1	0	10
8t2c	100	1	0	4121
P5	100	1	0	10
8t2c	100	1	0	4121
N5	100	1	0	00
I1	100	1	0	10
4g6o	100	1	0	1141
H1	100	1	0	10
4g6o	100	1	0	1141
G1	100	1	0	10
4g6o	100	1	0	1141
F1	100	1	0	00
W5	100	1	0	10
2d8u	100	1	0	3151
V5	100	1	0	10
2d8u	100	1	0	3151
U5	100	1	0	10
2d8u	100	1	0	3151
T5	100	1	0	10
2d8u	100	1	0	3151
S5	100	1	0	10
2d8u	100	1	0	3151
R5	100	1	0	10
2d8u	100	1	0	3151
Q5	100	1	0	10
2d8u	100	1	0	3151
P5	100	1	0	10
2d8u	100	1	0	3151
N5	100	1	0	00
I1	100	1	0	10
6o4	100	1	0	410
H1	100	1	0	10
6o4	100	1	0	410
G1	100	1	0	10
6o4	100	1	0	410
F1	100	1	0	00
W5	100	1	0	10
2f8q	100	1	0	5111
V5	100	1	0	10
2f8q	100	1	0	5111
U5	100	1	0	10
2f8q	100	1	0	5111
T5	100	1	0	10
2f8q	100	1	0	5111
S5	100	1	0	10
2f8q	100	1	0	5111
R5	100	1	0	10
2f8q	100	1	0	5111
Q5	100	1	0	10
2f8q	100	1	0	5111
P5	100	1	0	10
2f8q	100	1	0	5111
N5	100	1	0	00
I1	100	1	0	10
4h6	100	1	0	210
H1	100	1	0	10
4h6	100	1	0	210
G1	100	1	0	10
4h6	100	1	0	210
F1	100	1	0	00
W5	100	1	0	10
8s2b	100	1	0	3111
V5	100	1	0	10
8s2b	100	1	0	3111
U5	100	1	0	10
8s2b	100	1	0	3111
T5	100	1	0	10
8s2b	100	1	0	3111
S5	100	1	0	10
8s2b	100	1	0	3111
R5	100	1	0	10
8s2b	100	1	0	3111
Q5	100	1	0	10
8s2b	100	1	0	3111
P5	100	1	0	10
8s2b	100	1	0	3111
N5	100	1	0	00
I1	100	1	0	10
4i6	100	1	0	310
H1	100	1	0	10
4i6	100	1	0	310
G1	100	1	0	10
4i6	100	1	0	310
F1	100	1	0	00
W5	100	1	0	10
2e8u	100	1	0	4151
V5	100	1	0	10
2e8u	100	1	0	4151
U5	100	1	0	10
2e8u	100	1	0	4151
T5	100	1	0	10
2e8u	100	1	0	4151
S5	100	1	0	10
2e8u	100	1	0	4151
R5	100	1	0	10
2e8u	100	1	0	4151
Q5	100	1	0	10
2e8u	100	1	0	4151
P5	100	1	0	10
2e8u	100	1	0	4151
N5	100	1	0	00
I1	100	1	0	10
4i6	100	1	0	310
H1	100	1	0	10
4i6	100	1	0	310
G1	100	1	0	10
4i6	100	1	0	310
F1	100	1	0	00
W5	100	1	0	10
2b8	100	1	0	110
V5	100	1	0	10
2b8	100	1	0	110
U5	100	1	0	10
2b8	100	1	0	110
T5	100	1	0	10
2b8	100	1	0	110
S5	100	1	0	10
2b8	100	1	0	110
R5	100	1	0	10
2b8	100	1	0	110
Q5	100	1	0	10
2b8	100	1	0	110
P5	100	1	0	10
2b8	100	1	0	110
N5	100	1	0	00
I1	100	1	0	10
6l4	100	1	0	110
H1	100	1	0	10
6l4	100	1	0	110
G1	100	1	0	10
6l4	100	1	0	110
F1	100	1	0	00
W5	100	1	0	10
8t2d	100	1	0	4131
V5	100	1	0	10
8t2d	100	1	0	4131
U5	100	1	0	10
8t2d	100	1	0	4131
T5	100	1	0	10
8t2d	100	1	0	4131
S5	100	1	0	10
8t2d	100	1	0	4131
R5	100	1	0	10
8t2d	100	1	0	4131
Q5	100	1	0	10
8t2d	100	1	0	4131
P5	100	1	0	10
8t2d	100	1	0	4131
N5	100	1	0	00
I1	100	1	0	10
4i6	100	1	0	310
H1	100	1	0	10
4i6	100	1	0	310
G1	100	1	0	10
4i6	100	1	0	310
F1	100	1	0	00
W5	100	1	0	10
2d8r	100	1	0	3121
V5	100	1	0	10
2d8r	100	1	0	3121
U5	100	1	0	10
2d8r	100	1	0	3121
T5	100	1	0	10
2d8r	100	1	0	3121
S5	100	1	0	10
2d8r	100	1	0	3121
R5	100	1	0	10
2d8r	100	1	0	3121
Q5	100	1	0	10
2d8r	100	1	0	3121
P5	100	1	0	10
2d8r	100	1	0	3121
N5	100	1	0	00
I1	100	1	0	10
6o4g	100	1	0	4111
H1	100	1	0	10
6o4g	100	1	0	4111
G1	100	1	0	10
6o4g	100	1	0	4111
F1	100	1	0	00
W5	100	1	0	10
8r2b	100	1	0	2111
V5	100	1	0	10
8r2b	100	1	0	2111
U5	100	1	0	10
8r2b	100	1	0	2111
T5	100	1	0	10
8r2b	100	1	0	2111
S5	100	1	0	10
8r2b	100	1	0	2111
R5	100	1	0	10
8r2b	100	1	0	2111
Q5	100	1	0	10
8r2b	100	1	0	2111
P5	100	1	0	10
8r2b	100	1	0	2111
N5	100	1	0	00
I1	100	1	0	10
4g6	100	1	0	110
H1	100	1	0	10
4g6	100	1	0	110
G1	100	1	0	10
4g6	100	1	0	110
F1	100	1	0	00
W5	100	1	0	10
2f8r	100	1	0	5121
V5	100	1	0	10
2f8r	100	1	0	5121
U5	100	1	0	10
2f8r	100	1	0	5121
T5	100	1	0	10
2f8r	100	1	0	5121
S5	100	1	0	10
2f8r	100	1	0	5121
R5	100	1	0	10
2f8r	100	1	0	5121
Q5	100	1	0	10
2f8r	100	1	0	5121
P5	100	1	0	10
2f8r	100	1	0	5121
N5	100	1	0	00
I1	100	1	0	10
6m4	100	1	0	210
H1	100	1	0	10
6m4	100	1	0	210
G1	100	1	0	10
6m4	100	1	0	210
F1	100	1	0	00
W5	100	1	0	10
8u2	100	1	0	510
V5	100	1	0	10
8u2	100	1	0	510
U5	100	1	0	10
8u2	100	1	0	510
T5	100	1	0	10
8u2	100	1	0	510
S5	100	1	0	10
8u2	100	1	0	510
R5	100	1	0	10
8u2	100	1	0	510
Q5	100	1	0	10
8u2	100	1	0	510
P5	100	1	0	10
8u2	100	1	0	510
N5	100	1	0	00
