Ver1.3	139080026	StartFile	8/21/2020	9:44:08 AM	E:\BehavioralExperiments\Ratzo\RatData_Ratzo\Rawdata\082120A\SoundData.txt	139080026
139218743	Triggered	5,23,24,25,26,27,28,29,30,31,	 NoSound	40	2	139218743
139218944	Triggered	5,23,24,25,26,27,28,29,30,31,	 StopSoundShort	40	2	139218944
139238832	Triggered	6,47,48,49,50,51,	 NoSound	40	2	139238832
139239036	Triggered	6,47,48,49,50,51,	 File_beep3	40	2	139239036
139250504	Triggered	1,14,15,16,17,18,19,20,21,22,	 NoSound	40	2	139250504
139250707	Triggered	1,14,15,16,17,18,19,20,21,22,	 PureTone-11kHz	40	2	139250707
139254054	Triggered	6,47,48,49,50,51,	 NoSound	40	2	139254054
139254256	Triggered	6,47,48,49,50,51,	 File_beep3	40	2	139254256
139266510	Triggered	1,14,15,16,17,18,19,20,21,22,	 NoSound	40	2	139266510
139266713	Triggered	1,14,15,16,17,18,19,20,21,22,	 PureTone-11kHz	40	2	139266713
139270300	Triggered	6,47,48,49,50,51,	 NoSound	40	2	139270300
139270502	Triggered	6,47,48,49,50,51,	 File_beep3	40	2	139270502
139281854	Triggered	1,14,15,16,17,18,19,20,21,22,	 NoSound	40	2	139281854
139282059	Triggered	1,14,15,16,17,18,19,20,21,22,	 PureTone-11kHz	40	2	139282059
139285172	Triggered	6,47,48,49,50,51,	 NoSound	40	2	139285172
139285373	Triggered	6,47,48,49,50,51,	 File_beep3	40	2	139285373
139295269	Triggered	1,14,15,16,17,18,19,20,21,22,	 NoSound	40	2	139295269
139295473	Triggered	1,14,15,16,17,18,19,20,21,22,	 PureTone-11kHz	40	2	139295473
139298940	Triggered	4,42,43,44,45,46,	 NoSound	40	2	139298940
139299143	Triggered	4,42,43,44,45,46,	 File_beep4	40	2	139299143
139310550	Triggered	1,14,15,16,17,18,19,20,21,22,	 NoSound	40	2	139310550
139310753	Triggered	1,14,15,16,17,18,19,20,21,22,	 PureTone-11kHz	40	2	139310753
139314221	Triggered	6,47,48,49,50,51,	 NoSound	40	2	139314221
139314422	Triggered	6,47,48,49,50,51,	 File_beep3	40	2	139314422
139326139	Triggered	1,14,15,16,17,18,19,20,21,22,	 NoSound	40	2	139326139
139326342	Triggered	1,14,15,16,17,18,19,20,21,22,	 PureTone-11kHz	40	2	139326342
139329810	Triggered	6,47,48,49,50,51,	 NoSound	40	2	139329810
139330012	Triggered	6,47,48,49,50,51,	 File_beep3	40	2	139330012
139339490	Triggered	1,14,15,16,17,18,19,20,21,22,	 NoSound	40	2	139339490
139339694	Triggered	1,14,15,16,17,18,19,20,21,22,	 PureTone-11kHz	40	2	139339694
139343640	Triggered	6,47,48,49,50,51,	 NoSound	40	2	139343640
139343841	Triggered	6,47,48,49,50,51,	 File_beep3	40	2	139343842
139353031	Triggered	1,14,15,16,17,18,19,20,21,22,	 NoSound	40	2	139353031
139353234	Triggered	1,14,15,16,17,18,19,20,21,22,	 PureTone-11kHz	40	2	139353234
139356577	Triggered	4,42,43,44,45,46,	 NoSound	40	2	139356577
139356779	Triggered	4,42,43,44,45,46,	 File_beep4	40	2	139356779
139366867	Triggered	1,14,15,16,17,18,19,20,21,22,	 NoSound	40	2	139366867
139367071	Triggered	1,14,15,16,17,18,19,20,21,22,	 PureTone-9kHz	40	2	139367071
139370655	Triggered	6,47,48,49,50,51,	 NoSound	40	2	139370655
139370857	Triggered	6,47,48,49,50,51,	 File_beep3	40	2	139370857
139380884	Triggered	1,14,15,16,17,18,19,20,21,22,	 NoSound	40	2	139380884
139381088	Triggered	1,14,15,16,17,18,19,20,21,22,	 PureTone-7kHz	40	2	139381088
139384073	Triggered	6,47,48,49,50,51,	 NoSound	40	2	139384073
139384274	Triggered	6,47,48,49,50,51,	 File_beep3	40	2	139384274
139392496	Triggered	1,14,15,16,17,18,19,20,21,22,	 NoSound	40	2	139392496
139392699	Triggered	1,14,15,16,17,18,19,20,21,22,	 PureTone-5kHz	40	2	139392699
139396226	Triggered	4,42,43,44,45,46,	 NoSound	40	2	139396226
139396427	Triggered	4,42,43,44,45,46,	 File_beep4	40	2	139396427
139408560	Triggered	1,14,15,16,17,18,19,20,21,22,	 NoSound	40	2	139408560
139408762	Triggered	1,14,15,16,17,18,19,20,21,22,	 PureTone-3kHz	40	2	139408762
139411810	Triggered	4,42,43,44,45,46,	 NoSound	40	2	139411810
139412012	Triggered	4,42,43,44,45,46,	 File_beep4	40	2	139412012
139424323	Triggered	1,14,15,16,17,18,19,20,21,22,	 NoSound	40	2	139424323
139424525	Triggered	1,14,15,16,17,18,19,20,21,22,	 PureTone-2kHz	40	2	139424525
139427632	Triggered	4,42,43,44,45,46,	 NoSound	40	2	139427632
139427836	Triggered	4,42,43,44,45,46,	 File_beep4	40	2	139427836
139439125	Triggered	1,14,15,16,17,18,19,20,21,22,	 NoSound	40	2	139439125
139439327	Triggered	1,14,15,16,17,18,19,20,21,22,	 PureTone-1kHz	40	2	139439327
139442253	Triggered	4,42,43,44,45,46,	 NoSound	40	2	139442253
139442468	Triggered	4,42,43,44,45,46,	 File_beep4	40	2	139442468
139452242	Triggered	1,14,15,16,17,18,19,20,21,22,	 NoSound	40	2	139452242
139452442	Triggered	1,14,15,16,17,18,19,20,21,22,	 StopSoundShort	40	2	139452442
139480880	Triggered	2,37,38,39,40,41,	 NoSound	40	2	139480880
139481083	Triggered	2,37,38,39,40,41,	 File_beep2	40	2	139481083
139490084	Triggered	5,23,24,25,26,27,28,29,30,31,	 NoSound	40	2	139490084
139490287	Triggered	5,23,24,25,26,27,28,29,30,31,	 PureTone-11kHz	40	2	139490287
139493212	Triggered	8,52,53,54,55,56,	 NoSound	40	2	139493212
139504825	Triggered	5,23,24,25,26,27,28,29,30,31,	 NoSound	40	2	139504825
139505029	Triggered	5,23,24,25,26,27,28,29,30,31,	 PureTone-11kHz	40	2	139505029
139508615	Triggered	8,52,53,54,55,56,	 NoSound	40	2	139508615
139514631	Triggered	5,23,24,25,26,27,28,29,30,31,	 NoSound	40	2	139514631
139514834	Triggered	5,23,24,25,26,27,28,29,30,31,	 PureTone-11kHz	40	2	139514834
139519156	Triggered	2,37,38,39,40,41,	 NoSound	40	2	139519156
139519357	Triggered	2,37,38,39,40,41,	 File_beep2	40	2	139519357
139527025	Triggered	5,23,24,25,26,27,28,29,30,31,	 NoSound	40	2	139527025
139527229	Triggered	5,23,24,25,26,27,28,29,30,31,	 PureTone-11kHz	40	2	139527229
139531119	Triggered	2,37,38,39,40,41,	 NoSound	40	2	139531119
139531320	Triggered	2,37,38,39,40,41,	 File_beep2	40	2	139531320
139541466	Triggered	5,23,24,25,26,27,28,29,30,31,	 NoSound	40	2	139541466
139541680	Triggered	5,23,24,25,26,27,28,29,30,31,	 PureTone-11kHz	40	2	139541680
139545625	Triggered	2,37,38,39,40,41,	 NoSound	40	2	139545625
139545827	Triggered	2,37,38,39,40,41,	 File_beep2	40	2	139545827
139553620	Triggered	5,23,24,25,26,27,28,29,30,31,	 NoSound	40	2	139553620
139553823	Triggered	5,23,24,25,26,27,28,29,30,31,	 PureTone-11kHz	40	2	139553823
139557531	Triggered	2,37,38,39,40,41,	 NoSound	40	2	139557531
139557731	Triggered	2,37,38,39,40,41,	 File_beep2	40	2	139557731
139565473	Triggered	5,23,24,25,26,27,28,29,30,31,	 NoSound	40	2	139565473
139565677	Triggered	5,23,24,25,26,27,28,29,30,31,	 PureTone-11kHz	40	2	139565677
139569262	Triggered	2,37,38,39,40,41,	 NoSound	40	2	139569262
139569464	Triggered	2,37,38,39,40,41,	 File_beep2	40	2	139569464
139576844	Triggered	5,23,24,25,26,27,28,29,30,31,	 NoSound	40	2	139576844
139577049	Triggered	5,23,24,25,26,27,28,29,30,31,	 PureTone-11kHz	40	2	139577049
139581357	Triggered	8,52,53,54,55,56,	 NoSound	40	2	139581357
139586653	Triggered	5,23,24,25,26,27,28,29,30,31,	 NoSound	40	2	139586653
139586857	Triggered	5,23,24,25,26,27,28,29,30,31,	 PureTone-9kHz	40	2	139586857
139592607	Triggered	2,37,38,39,40,41,	 NoSound	40	2	139592607
139592808	Triggered	2,37,38,39,40,41,	 File_beep2	40	2	139592808
139602594	Triggered	5,23,24,25,26,27,28,29,30,31,	 NoSound	40	2	139602594
139602809	Triggered	5,23,24,25,26,27,28,29,30,31,	 PureTone-7kHz	40	2	139602809
139606087	Triggered	2,37,38,39,40,41,	 NoSound	40	2	139606087
139606288	Triggered	2,37,38,39,40,41,	 File_beep2	40	2	139606288
139613854	Triggered	5,23,24,25,26,27,28,29,30,31,	 NoSound	40	2	139613854
139614057	Triggered	5,23,24,25,26,27,28,29,30,31,	 PureTone-5kHz	40	2	139614057
139617277	Triggered	2,37,38,39,40,41,	 NoSound	40	2	139617277
139617478	Triggered	2,37,38,39,40,41,	 File_beep2	40	2	139617478
139625517	Triggered	5,23,24,25,26,27,28,29,30,31,	 NoSound	40	2	139625517
139625720	Triggered	5,23,24,25,26,27,28,29,30,31,	 PureTone-3kHz	40	2	139625720
139629067	Triggered	2,37,38,39,40,41,	 NoSound	40	2	139629067
139629269	Triggered	2,37,38,39,40,41,	 File_beep2	40	2	139629269
139637622	Triggered	5,23,24,25,26,27,28,29,30,31,	 NoSound	40	2	139637622
139637824	Triggered	5,23,24,25,26,27,28,29,30,31,	 PureTone-2kHz	40	2	139637824
139641280	Triggered	2,37,38,39,40,41,	 NoSound	40	2	139641280
139641482	Triggered	2,37,38,39,40,41,	 File_beep2	40	2	139641482
139649764	Triggered	5,23,24,25,26,27,28,29,30,31,	 NoSound	40	2	139649764
139649966	Triggered	5,23,24,25,26,27,28,29,30,31,	 PureTone-1kHz	40	2	139649966
139653434	Triggered	2,37,38,39,40,41,	 NoSound	40	2	139653434
139653635	Triggered	2,37,38,39,40,41,	 File_beep2	40	2	139653635
139662881	Triggered	5,23,24,25,26,27,28,29,30,31,	 NoSound	40	2	139662881
139663082	Triggered	5,23,24,25,26,27,28,29,30,31,	 StopSoundShort	40	2	139663082
139685022	Triggered	1,14,15,16,17,18,19,20,21,22,	 NoSound	40	2	139685022
139685230	Triggered	1,14,15,16,17,18,19,20,21,22,	 PureTone-11kHz	40	2	139685230
139688090	Triggered	4,42,43,44,45,46,	 NoSound	40	2	139688090
139694828	Triggered	1,14,15,16,17,18,19,20,21,22,	 NoSound	40	2	139694828
139695031	Triggered	1,14,15,16,17,18,19,20,21,22,	 PureTone-11kHz	40	2	139695031
139699040	Triggered	6,47,48,49,50,51,	 NoSound	40	2	139699040
139699243	Triggered	6,47,48,49,50,51,	 File_beep5	40	2	139699243
139713239	Triggered	1,14,15,16,17,18,19,20,21,22,	 NoSound	40	2	139713239
139713442	Triggered	1,14,15,16,17,18,19,20,21,22,	 PureTone-11kHz	40	2	139713442
139716128	Triggered	6,47,48,49,50,51,	 NoSound	40	2	139716128
139716331	Triggered	6,47,48,49,50,51,	 File_beep5	40	2	139716331
139727931	Triggered	1,14,15,16,17,18,19,20,21,22,	 NoSound	40	2	139727931
139728137	Triggered	1,14,15,16,17,18,19,20,21,22,	 PureTone-11kHz	40	2	139728137
139730628	Triggered	6,47,48,49,50,51,	 NoSound	40	2	139730628
139730831	Triggered	6,47,48,49,50,51,	 File_beep5	40	2	139730831
139740435	Triggered	1,14,15,16,17,18,19,20,21,22,	 NoSound	40	2	139740435
139740637	Triggered	1,14,15,16,17,18,19,20,21,22,	 PureTone-11kHz	40	2	139740637
139743447	Triggered	4,42,43,44,45,46,	 NoSound	40	2	139743447
139747904	Triggered	1,14,15,16,17,18,19,20,21,22,	 NoSound	40	2	139747904
139748107	Triggered	1,14,15,16,17,18,19,20,21,22,	 PureTone-11kHz	40	2	139748107
139751144	Triggered	6,47,48,49,50,51,	 NoSound	40	2	139751144
139751346	Triggered	6,47,48,49,50,51,	 File_beep5	40	2	139751346
139762402	Triggered	1,14,15,16,17,18,19,20,21,22,	 NoSound	40	2	139762402
139762605	Triggered	1,14,15,16,17,18,19,20,21,22,	 PureTone-11kHz	40	2	139762605
139765780	Triggered	4,42,43,44,45,46,	 NoSound	40	2	139765780
139770276	Triggered	1,14,15,16,17,18,19,20,21,22,	 NoSound	40	2	139770276
139770478	Triggered	1,14,15,16,17,18,19,20,21,22,	 PureTone-11kHz	40	2	139770478
139791515	Triggered	6,47,48,49,50,51,	 NoSound	40	2	139791515
139791717	Triggered	6,47,48,49,50,51,	 File_beep5	40	2	139791717
139803849	Triggered	1,14,15,16,17,18,19,20,21,22,	 NoSound	40	2	139803849
139804053	Triggered	1,14,15,16,17,18,19,20,21,22,	 PureTone-11kHz	40	2	139804053
139806918	Triggered	6,47,48,49,50,51,	 NoSound	40	2	139806918
139807121	Triggered	6,47,48,49,50,51,	 File_beep5	40	2	139807121
139820877	Triggered	1,14,15,16,17,18,19,20,21,22,	 NoSound	40	2	139820877
139821082	Triggered	1,14,15,16,17,18,19,20,21,22,	 PureTone-11kHz	40	2	139821082
139824066	Triggered	6,47,48,49,50,51,	 NoSound	40	2	139824066
139824268	Triggered	6,47,48,49,50,51,	 File_beep5	40	2	139824268
139835497	Triggered	1,14,15,16,17,18,19,20,21,22,	 NoSound	40	2	139835497
139835711	Triggered	1,14,15,16,17,18,19,20,21,22,	 PureTone-9kHz	40	2	139835711
139838806	Triggered	6,47,48,49,50,51,	 NoSound	40	2	139838806
139839009	Triggered	6,47,48,49,50,51,	 File_beep5	40	2	139839009
139848854	Triggered	1,14,15,16,17,18,19,20,21,22,	 NoSound	40	2	139848854
139849057	Triggered	1,14,15,16,17,18,19,20,21,22,	 PureTone-7kHz	40	2	139849057
139851681	Triggered	6,47,48,49,50,51,	 NoSound	40	2	139851681
139851883	Triggered	6,47,48,49,50,51,	 File_beep5	40	2	139851883
139862511	Triggered	1,14,15,16,17,18,19,20,21,22,	 NoSound	40	2	139862511
139862715	Triggered	1,14,15,16,17,18,19,20,21,22,	 PureTone-5kHz	40	2	139862715
139865760	Triggered	6,47,48,49,50,51,	 NoSound	40	2	139865760
139865963	Triggered	6,47,48,49,50,51,	 File_beep5	40	2	139865963
139875868	Triggered	1,14,15,16,17,18,19,20,21,22,	 NoSound	40	2	139875868
139876084	Triggered	1,14,15,16,17,18,19,20,21,22,	 PureTone-3kHz	40	2	139876084
139878899	Triggered	6,47,48,49,50,51,	 NoSound	40	2	139878899
139879100	Triggered	6,47,48,49,50,51,	 File_beep5	40	2	139879100
139890428	Triggered	1,14,15,16,17,18,19,20,21,22,	 NoSound	40	2	139890428
139890630	Triggered	1,14,15,16,17,18,19,20,21,22,	 PureTone-2kHz	40	2	139890630
139894037	Triggered	6,47,48,49,50,51,	 NoSound	40	2	139894037
139894239	Triggered	6,47,48,49,50,51,	 File_beep5	40	2	139894239
139906973	Triggered	1,14,15,16,17,18,19,20,21,22,	 NoSound	40	2	139906973
139907175	Triggered	1,14,15,16,17,18,19,20,21,22,	 PureTone-1kHz	40	2	139907175
139910049	Triggered	6,47,48,49,50,51,	 NoSound	40	2	139910049
139910251	Triggered	6,47,48,49,50,51,	 File_beep5	40	2	139910251
139919607	Triggered	1,14,15,16,17,18,19,20,21,22,	 NoSound	40	2	139919607
139919808	Triggered	1,14,15,16,17,18,19,20,21,22,	 StopSoundShort	40	2	139919808
139933688	Triggered	5,23,24,25,26,27,28,29,30,31,	 NoSound	40	2	139933688
139933896	Triggered	5,23,24,25,26,27,28,29,30,31,	 PureTone-11kHz	40	2	139933896
139937236	Triggered	2,37,38,39,40,41,	 NoSound	40	2	139937236
139937436	Triggered	2,37,38,39,40,41,	 File_beep1	40	2	139937436
139944228	Triggered	5,23,24,25,26,27,28,29,30,31,	 NoSound	40	2	139944228
139944430	Triggered	5,23,24,25,26,27,28,29,30,31,	 PureTone-11kHz	40	2	139944430
139947405	Triggered	8,52,53,54,55,56,	 NoSound	40	2	139947405
139947606	Triggered	8,52,53,54,55,56,	 File_beep1	40	2	139947606
139956068	Triggered	5,23,24,25,26,27,28,29,30,31,	 NoSound	40	2	139956068
139956273	Triggered	5,23,24,25,26,27,28,29,30,31,	 PureTone-11kHz	40	2	139956273
139966778	Triggered	2,37,38,39,40,41,	 NoSound	40	2	139966778
139966979	Triggered	2,37,38,39,40,41,	 File_beep1	40	2	139966979
139974118	Triggered	5,23,24,25,26,27,28,29,30,31,	 NoSound	40	2	139974118
139974322	Triggered	5,23,24,25,26,27,28,29,30,31,	 PureTone-11kHz	40	2	139974322
139978691	Triggered	2,37,38,39,40,41,	 NoSound	40	2	139978691
139978893	Triggered	2,37,38,39,40,41,	 File_beep1	40	2	139978893
139986813	Triggered	5,23,24,25,26,27,28,29,30,31,	 NoSound	40	2	139986813
139987018	Triggered	5,23,24,25,26,27,28,29,30,31,	 PureTone-11kHz	40	2	139987018
139990783	Triggered	2,37,38,39,40,41,	 NoSound	40	2	139990783
139990984	Triggered	2,37,38,39,40,41,	 File_beep1	40	2	139990984
139998907	Triggered	5,23,24,25,26,27,28,29,30,31,	 NoSound	40	2	139998907
139999111	Triggered	5,23,24,25,26,27,28,29,30,31,	 PureTone-11kHz	40	2	139999111
140004690	Triggered	8,52,53,54,55,56,	 NoSound	40	2	140004690
140004890	Triggered	8,52,53,54,55,56,	 File_beep1	40	2	140004890
140015272	Triggered	5,23,24,25,26,27,28,29,30,31,	 NoSound	40	2	140015272
140015474	Triggered	5,23,24,25,26,27,28,29,30,31,	 PureTone-11kHz	40	2	140015474
140020024	Triggered	2,37,38,39,40,41,	 NoSound	40	2	140020024
140020224	Triggered	2,37,38,39,40,41,	 File_beep1	40	2	140020224
140055221	Triggered	5,23,24,25,26,27,28,29,30,31,	 NoSound	40	2	140055221
140055424	Triggered	5,23,24,25,26,27,28,29,30,31,	 PureTone-11kHz	40	2	140055424
140059862	Triggered	2,37,38,39,40,41,	 NoSound	40	2	140059862
140060062	Triggered	2,37,38,39,40,41,	 File_beep1	40	2	140060062
140074113	Triggered	5,23,24,25,26,27,28,29,30,31,	 NoSound	40	2	140074113
140074318	Triggered	5,23,24,25,26,27,28,29,30,31,	 PureTone-11kHz	40	2	140074318
140079348	Triggered	8,52,53,54,55,56,	 NoSound	40	2	140079348
140079549	Triggered	8,52,53,54,55,56,	 File_beep1	40	2	140079549
140088432	Triggered	5,23,24,25,26,27,28,29,30,31,	 NoSound	40	2	140088432
140088635	Triggered	5,23,24,25,26,27,28,29,30,31,	 PureTone-11kHz	40	2	140088635
140093132	Triggered	2,37,38,39,40,41,	 NoSound	40	2	140093133
140093333	Triggered	2,37,38,39,40,41,	 File_beep1	40	2	140093333
140103053	Triggered	5,23,24,25,26,27,28,29,30,31,	 NoSound	40	2	140103054
140103257	Triggered	5,23,24,25,26,27,28,29,30,31,	 PureTone-9kHz	40	2	140103257
140107265	Triggered	2,37,38,39,40,41,	 NoSound	40	2	140107265
140107465	Triggered	2,37,38,39,40,41,	 File_beep1	40	2	140107465
140125435	Triggered	5,23,24,25,26,27,28,29,30,31,	 NoSound	40	2	140125435
140125638	Triggered	5,23,24,25,26,27,28,29,30,31,	 PureTone-7kHz	40	2	140125638
140129346	Triggered	2,37,38,39,40,41,	 NoSound	40	2	140129346
140129547	Triggered	2,37,38,39,40,41,	 File_beep1	40	2	140129547
140136566	Triggered	5,23,24,25,26,27,28,29,30,31,	 NoSound	40	2	140136566
140136770	Triggered	5,23,24,25,26,27,28,29,30,31,	 PureTone-5kHz	40	2	140136770
140141981	Triggered	8,52,53,54,55,56,	 NoSound	40	2	140141981
140142181	Triggered	8,52,53,54,55,56,	 File_beep1	40	2	140142181
140157744	Triggered	5,23,24,25,26,27,28,29,30,31,	 NoSound	40	2	140157744
140157946	Triggered	5,23,24,25,26,27,28,29,30,31,	 PureTone-3kHz	40	2	140157946
140162377	Triggered	2,37,38,39,40,41,	 NoSound	40	2	140162377
140162578	Triggered	2,37,38,39,40,41,	 File_beep1	40	2	140162578
140169777	Triggered	5,23,24,25,26,27,28,29,30,31,	 NoSound	40	2	140169777
140169990	Triggered	5,23,24,25,26,27,28,29,30,31,	 PureTone-2kHz	40	2	140169990
140174418	Triggered	2,37,38,39,40,41,	 NoSound	40	2	140174418
140174618	Triggered	2,37,38,39,40,41,	 File_beep1	40	2	140174618
140203771	Triggered	5,23,24,25,26,27,28,29,30,31,	 NoSound	40	2	140203771
140203973	Triggered	5,23,24,25,26,27,28,29,30,31,	 PureTone-1kHz	40	2	140203973
140207575	Triggered	2,37,38,39,40,41,	 NoSound	40	2	140207575
140207775	Triggered	2,37,38,39,40,41,	 File_beep1	40	2	140207775
140214720	Triggered	5,23,24,25,26,27,28,29,30,31,	 NoSound	40	2	140214720
140214936	Triggered	5,23,24,25,26,27,28,29,30,31,	 StopSoundShort	40	2	140214936
140227357	Triggered	1,14,15,16,17,18,19,20,21,22,	 NoSound	40	2	140227357
140227566	Triggered	1,14,15,16,17,18,19,20,21,22,	 PureTone-11kHz	40	2	140227566
140230545	Triggered	4,42,43,44,45,46,	 NoSound	40	2	140230545
140230749	Triggered	4,42,43,44,45,46,	 File_beep5	40	2	140230749
140243480	Triggered	1,14,15,16,17,18,19,20,21,22,	 NoSound	40	2	140243480
140243682	Triggered	1,14,15,16,17,18,19,20,21,22,	 PureTone-11kHz	40	2	140243682
140246489	Triggered	4,42,43,44,45,46,	 NoSound	40	2	140246489
140246691	Triggered	4,42,43,44,45,46,	 File_beep5	40	2	140246691
140259846	Triggered	1,14,15,16,17,18,19,20,21,22,	 NoSound	40	2	140259846
140260064	Triggered	1,14,15,16,17,18,19,20,21,22,	 PureTone-11kHz	40	2	140260064
140262674	Triggered	4,42,43,44,45,46,	 NoSound	40	2	140262674
140262876	Triggered	4,42,43,44,45,46,	 File_beep5	40	2	140262876
140274887	Triggered	1,14,15,16,17,18,19,20,21,22,	 NoSound	40	2	140274887
140275091	Triggered	1,14,15,16,17,18,19,20,21,22,	 PureTone-11kHz	40	2	140275091
140277595	Triggered	4,42,43,44,45,46,	 NoSound	40	2	140277595
140277798	Triggered	4,42,43,44,45,46,	 File_beep5	40	2	140277798
140324403	Triggered	1,14,15,16,17,18,19,20,21,22,	 NoSound	40	2	140324403
140324607	Triggered	1,14,15,16,17,18,19,20,21,22,	 PureTone-11kHz	40	2	140324607
140328435	Triggered	4,42,43,44,45,46,	 NoSound	40	2	140328435
140328637	Triggered	4,42,43,44,45,46,	 File_beep5	40	2	140328637
140343657	Triggered	1,14,15,16,17,18,19,20,21,22,	 NoSound	40	2	140343657
140343862	Triggered	1,14,15,16,17,18,19,20,21,22,	 PureTone-11kHz	40	2	140343862
140346909	Triggered	4,42,43,44,45,46,	 NoSound	40	2	140346909
140347112	Triggered	4,42,43,44,45,46,	 File_beep5	40	2	140347112
140357253	Triggered	1,14,15,16,17,18,19,20,21,22,	 NoSound	40	2	140357253
140357457	Triggered	1,14,15,16,17,18,19,20,21,22,	 PureTone-11kHz	40	2	140357457
140360081	Triggered	4,42,43,44,45,46,	 NoSound	40	2	140360081
140360284	Triggered	4,42,43,44,45,46,	 File_beep5	40	2	140360284
140370190	Triggered	1,14,15,16,17,18,19,20,21,22,	 NoSound	40	2	140370190
140370393	Triggered	1,14,15,16,17,18,19,20,21,22,	 PureTone-11kHz	40	2	140370393
140373198	Triggered	4,42,43,44,45,46,	 NoSound	40	2	140373198
140373400	Triggered	4,42,43,44,45,46,	 File_beep5	40	2	140373400
140383727	Triggered	1,14,15,16,17,18,19,20,21,22,	 NoSound	40	2	140383727
140383930	Triggered	1,14,15,16,17,18,19,20,21,22,	 PureTone-11kHz	40	2	140383930
140386795	Triggered	4,42,43,44,45,46,	 NoSound	40	2	140386795
140386998	Triggered	4,42,43,44,45,46,	 File_beep5	40	2	140386998
140397204	Triggered	1,14,15,16,17,18,19,20,21,22,	 NoSound	40	2	140397204
140397409	Triggered	1,14,15,16,17,18,19,20,21,22,	 PureTone-11kHz	40	2	140397409
140400813	Triggered	4,42,43,44,45,46,	 NoSound	40	2	140400813
140401028	Triggered	4,42,43,44,45,46,	 File_beep5	40	2	140401028
140413689	Triggered	1,14,15,16,17,18,19,20,21,22,	 NoSound	40	2	140413689
140413894	Triggered	1,14,15,16,17,18,19,20,21,22,	 PureTone-9kHz	40	2	140413894
140416818	Triggered	4,42,43,44,45,46,	 NoSound	40	2	140416818
140417021	Triggered	4,42,43,44,45,46,	 File_beep5	40	2	140417021
140430056	Triggered	1,14,15,16,17,18,19,20,21,22,	 NoSound	40	2	140430056
140430259	Triggered	1,14,15,16,17,18,19,20,21,22,	 PureTone-7kHz	40	2	140430259
140433003	Triggered	4,42,43,44,45,46,	 NoSound	40	2	140433003
140433205	Triggered	4,42,43,44,45,46,	 File_beep5	40	2	140433205
140445398	Triggered	1,14,15,16,17,18,19,20,21,22,	 NoSound	40	2	140445398
140445599	Triggered	1,14,15,16,17,18,19,20,21,22,	 PureTone-5kHz	40	2	140445599
140448585	Triggered	4,42,43,44,45,46,	 NoSound	40	2	140448585
140448787	Triggered	4,42,43,44,45,46,	 File_beep5	40	2	140448787
140459837	Triggered	1,14,15,16,17,18,19,20,21,22,	 NoSound	40	2	140459837
140460040	Triggered	1,14,15,16,17,18,19,20,21,22,	 PureTone-3kHz	40	2	140460040
140462784	Triggered	4,42,43,44,45,46,	 NoSound	40	2	140462784
140462986	Triggered	4,42,43,44,45,46,	 File_beep5	40	2	140462986
140474517	Triggered	1,14,15,16,17,18,19,20,21,22,	 NoSound	40	2	140474517
140474719	Triggered	1,14,15,16,17,18,19,20,21,22,	 PureTone-2kHz	40	2	140474719
140477585	Triggered	4,42,43,44,45,46,	 NoSound	40	2	140477585
140477787	Triggered	4,42,43,44,45,46,	 File_beep5	40	2	140477787
140491063	Triggered	1,14,15,16,17,18,19,20,21,22,	 NoSound	40	2	140491063
140491266	Triggered	1,14,15,16,17,18,19,20,21,22,	 PureTone-1kHz	40	2	140491266
140494312	Triggered	4,42,43,44,45,46,	 NoSound	40	2	140494312
140494515	Triggered	4,42,43,44,45,46,	 File_beep5	40	2	140494515
140505141	Triggered	1,14,15,16,17,18,19,20,21,22,	 NoSound	40	2	140505141
140505341	Triggered	1,14,15,16,17,18,19,20,21,22,	 StopSoundShort	40	2	140505341
140553514	Triggered	8,52,53,54,55,56,	 NoSound	40	2	140553514
140553716	Triggered	8,52,53,54,55,56,	 File_beep3	40	2	140553716
140566088	Triggered	5,23,24,25,26,27,28,29,30,31,	 NoSound	40	2	140566088
140566293	Triggered	5,23,24,25,26,27,28,29,30,31,	 PureTone-11kHz	40	2	140566293
140569699	Triggered	8,52,53,54,55,56,	 NoSound	40	2	140569699
140569901	Triggered	8,52,53,54,55,56,	 File_beep3	40	2	140569901
140578845	Triggered	5,23,24,25,26,27,28,29,30,31,	 NoSound	40	2	140578845
140579050	Triggered	5,23,24,25,26,27,28,29,30,31,	 PureTone-11kHz	40	2	140579050
140582153	Triggered	8,52,53,54,55,56,	 NoSound	40	2	140582153
140582355	Triggered	8,52,53,54,55,56,	 File_beep3	40	2	140582355
140592864	Triggered	5,23,24,25,26,27,28,29,30,31,	 NoSound	40	2	140592864
140593068	Triggered	5,23,24,25,26,27,28,29,30,31,	 PureTone-11kHz	40	2	140593068
140596533	Triggered	2,37,38,39,40,41,	 NoSound	40	2	140596533
140596733	Triggered	2,37,38,39,40,41,	 File_beep2	40	2	140596733
140605137	Triggered	5,23,24,25,26,27,28,29,30,31,	 NoSound	40	2	140605137
140605340	Triggered	5,23,24,25,26,27,28,29,30,31,	 PureTone-11kHz	40	2	140605340
140608746	Triggered	8,52,53,54,55,56,	 NoSound	40	2	140608746
140608947	Triggered	8,52,53,54,55,56,	 File_beep3	40	2	140608947
140621862	Triggered	5,23,24,25,26,27,28,29,30,31,	 NoSound	40	2	140621862
140622066	Triggered	5,23,24,25,26,27,28,29,30,31,	 PureTone-11kHz	40	2	140622066
140624991	Triggered	8,52,53,54,55,56,	 NoSound	40	2	140624991
140625193	Triggered	8,52,53,54,55,56,	 File_beep3	40	2	140625193
140635461	Triggered	5,23,24,25,26,27,28,29,30,31,	 NoSound	40	2	140635461
140635667	Triggered	5,23,24,25,26,27,28,29,30,31,	 PureTone-11kHz	40	2	140635667
140639130	Triggered	8,52,53,54,55,56,	 NoSound	40	2	140639130
140639332	Triggered	8,52,53,54,55,56,	 File_beep3	40	2	140639332
140649599	Triggered	5,23,24,25,26,27,28,29,30,31,	 NoSound	40	2	140649599
140649803	Triggered	5,23,24,25,26,27,28,29,30,31,	 PureTone-11kHz	40	2	140649803
140653029	Triggered	8,52,53,54,55,56,	 NoSound	40	2	140653029
140653230	Triggered	8,52,53,54,55,56,	 File_beep3	40	2	140653230
140664160	Triggered	5,23,24,25,26,27,28,29,30,31,	 NoSound	40	2	140664160
140664375	Triggered	5,23,24,25,26,27,28,29,30,31,	 PureTone-11kHz	40	2	140664375
140667408	Triggered	8,52,53,54,55,56,	 NoSound	40	2	140667408
140667609	Triggered	8,52,53,54,55,56,	 File_beep3	40	2	140667609
140679861	Triggered	5,23,24,25,26,27,28,29,30,31,	 NoSound	40	2	140679861
140680066	Triggered	5,23,24,25,26,27,28,29,30,31,	 PureTone-11kHz	40	2	140680066
140683893	Triggered	8,52,53,54,55,56,	 NoSound	40	2	140683893
140684107	Triggered	8,52,53,54,55,56,	 File_beep3	40	2	140684107
140694001	Triggered	5,23,24,25,26,27,28,29,30,31,	 NoSound	40	2	140694001
140694206	Triggered	5,23,24,25,26,27,28,29,30,31,	 PureTone-9kHz	40	2	140694206
140698454	Triggered	8,52,53,54,55,56,	 NoSound	40	2	140698454
140698656	Triggered	8,52,53,54,55,56,	 File_beep3	40	2	140698656
140709103	Triggered	5,23,24,25,26,27,28,29,30,31,	 NoSound	40	2	140709103
140709306	Triggered	5,23,24,25,26,27,28,29,30,31,	 PureTone-7kHz	40	2	140709306
140712953	Triggered	8,52,53,54,55,56,	 NoSound	40	2	140712953
140713155	Triggered	8,52,53,54,55,56,	 File_beep3	40	2	140713155
140724086	Triggered	5,23,24,25,26,27,28,29,30,31,	 NoSound	40	2	140724086
140724288	Triggered	5,23,24,25,26,27,28,29,30,31,	 PureTone-5kHz	40	2	140724288
140727401	Triggered	8,52,53,54,55,56,	 NoSound	40	2	140727401
140727603	Triggered	8,52,53,54,55,56,	 File_beep3	40	2	140727603
140740209	Triggered	5,23,24,25,26,27,28,29,30,31,	 NoSound	40	2	140740209
140740411	Triggered	5,23,24,25,26,27,28,29,30,31,	 PureTone-3kHz	40	2	140740411
140743887	Triggered	8,52,53,54,55,56,	 NoSound	40	2	140743887
140744088	Triggered	8,52,53,54,55,56,	 File_beep3	40	2	140744088
140754287	Triggered	5,23,24,25,26,27,28,29,30,31,	 NoSound	40	2	140754287
140754488	Triggered	5,23,24,25,26,27,28,29,30,31,	 PureTone-2kHz	40	2	140754488
140757900	Triggered	8,52,53,54,55,56,	 NoSound	40	2	140757900
140758104	Triggered	8,52,53,54,55,56,	 File_beep3	40	2	140758104
140768667	Triggered	5,23,24,25,26,27,28,29,30,31,	 NoSound	40	2	140768667
140768869	Triggered	5,23,24,25,26,27,28,29,30,31,	 PureTone-1kHz	40	2	140768869
140772164	Triggered	8,52,53,54,55,56,	 NoSound	40	2	140772164
140772380	Triggered	8,52,53,54,55,56,	 File_beep3	40	2	140772380
140783840	Triggered	5,23,24,25,26,27,28,29,30,31,	 NoSound	40	2	140783840
140784042	Triggered	5,23,24,25,26,27,28,29,30,31,	 StopSoundShort	40	2	140784042
140798569	Triggered	1,14,15,16,17,18,19,20,21,22,	 NoSound	40	2	140798569
140798776	Triggered	1,14,15,16,17,18,19,20,21,22,	 PureTone-11kHz	40	2	140798776
140802420	Triggered	4,42,43,44,45,46,	 NoSound	40	2	140802420
140810121	Triggered	1,14,15,16,17,18,19,20,21,22,	 NoSound	40	2	140810121
140810323	Triggered	1,14,15,16,17,18,19,20,21,22,	 PureTone-11kHz	40	2	140810323
140816259	Triggered	6,47,48,49,50,51,	 NoSound	40	2	140816259
140816460	Triggered	6,47,48,49,50,51,	 File_beep3	40	2	140816460
140829916	Triggered	1,14,15,16,17,18,19,20,21,22,	 NoSound	40	2	140829916
140830121	Triggered	1,14,15,16,17,18,19,20,21,22,	 PureTone-11kHz	40	2	140830121
140837149	Triggered	6,47,48,49,50,51,	 NoSound	40	2	140837149
140837351	Triggered	6,47,48,49,50,51,	 File_beep3	40	2	140837351
140850613	Triggered	1,14,15,16,17,18,19,20,21,22,	 NoSound	40	2	140850613
140850830	Triggered	1,14,15,16,17,18,19,20,21,22,	 PureTone-11kHz	40	2	140850830
140858855	Triggered	4,42,43,44,45,46,	 NoSound	40	2	140858855
140925709	Triggered	1,14,15,16,17,18,19,20,21,22,	 NoSound	40	2	140925709
140925913	Triggered	1,14,15,16,17,18,19,20,21,22,	 PureTone-11kHz	40	2	140925913
140931475	Triggered	4,42,43,44,45,46,	 NoSound	40	2	140931475
141039233	Triggered	1,14,15,16,17,18,19,20,21,22,	 NoSound	40	2	141039233
141039437	Triggered	1,14,15,16,17,18,19,20,21,22,	 PureTone-11kHz	40	2	141039437
141044467	Triggered	4,42,43,44,45,46,	 NoSound	40	2	141044467
141062457	Triggered	1,14,15,16,17,18,19,20,21,22,	 NoSound	40	2	141062457
141062662	Triggered	1,14,15,16,17,18,19,20,21,22,	 PureTone-11kHz	40	2	141062662
141067932	Triggered	4,42,43,44,45,46,	 NoSound	40	2	141067932
141083695	Triggered	1,14,15,16,17,18,19,20,21,22,	 NoSound	40	2	141083695
141083900	Triggered	1,14,15,16,17,18,19,20,21,22,	 PureTone-11kHz	40	2	141083900
141088629	Triggered	6,47,48,49,50,51,	 NoSound	40	2	141088629
141088830	Triggered	6,47,48,49,50,51,	 File_beep3	40	2	141088830
141098496	Triggered	1,14,15,16,17,18,19,20,21,22,	 NoSound	40	2	141098496
141098702	Triggered	1,14,15,16,17,18,19,20,21,22,	 PureTone-11kHz	40	2	141098702
141102648	Triggered	4,42,43,44,45,46,	 NoSound	40	2	141102648
141109626	Triggered	1,14,15,16,17,18,19,20,21,22,	 NoSound	40	2	141109626
141109832	Triggered	1,14,15,16,17,18,19,20,21,22,	 PureTone-11kHz	40	2	141109832
141113784	Triggered	6,47,48,49,50,51,	 NoSound	40	2	141113784
141113986	Triggered	6,47,48,49,50,51,	 File_beep3	40	2	141113986
141124669	Triggered	1,14,15,16,17,18,19,20,21,22,	 NoSound	40	2	141124669
141124872	Triggered	1,14,15,16,17,18,19,20,21,22,	 PureTone-9kHz	40	2	141124872
141129181	Triggered	4,42,43,44,45,46,	 NoSound	40	2	141129181
141136047	Triggered	1,14,15,16,17,18,19,20,21,22,	 NoSound	40	2	141136047
141136250	Triggered	1,14,15,16,17,18,19,20,21,22,	 PureTone-7kHz	40	2	141136250
141143138	Triggered	6,47,48,49,50,51,	 NoSound	40	2	141143138
141143341	Triggered	6,47,48,49,50,51,	 File_beep3	40	2	141143341
141191933	Triggered	1,14,15,16,17,18,19,20,21,22,	 NoSound	40	2	141191933
141192135	Triggered	1,14,15,16,17,18,19,20,21,22,	 PureTone-5kHz	40	2	141192135
141196447	Triggered	6,47,48,49,50,51,	 NoSound	40	2	141196447
141196662	Triggered	6,47,48,49,50,51,	 File_beep3	40	2	141196662
141218467	Triggered	1,14,15,16,17,18,19,20,21,22,	 NoSound	40	2	141218467
141218682	Triggered	1,14,15,16,17,18,19,20,21,22,	 PureTone-3kHz	40	2	141218682
141222617	Triggered	6,47,48,49,50,51,	 NoSound	40	2	141222617
141222819	Triggered	6,47,48,49,50,51,	 File_beep3	40	2	141222819
141244518	Triggered	1,14,15,16,17,18,19,20,21,22,	 NoSound	40	2	141244518
141244722	Triggered	1,14,15,16,17,18,19,20,21,22,	 PureTone-2kHz	40	2	141244722
141248609	Triggered	6,47,48,49,50,51,	 NoSound	40	2	141248609
141248811	Triggered	6,47,48,49,50,51,	 File_beep3	40	2	141248811
141260101	Triggered	1,14,15,16,17,18,19,20,21,22,	 NoSound	40	2	141260101
141260303	Triggered	1,14,15,16,17,18,19,20,21,22,	 PureTone-1kHz	40	2	141260303
141264011	Triggered	6,47,48,49,50,51,	 NoSound	40	2	141264011
141264213	Triggered	6,47,48,49,50,51,	 File_beep3	40	2	141264213
141274489	Triggered	1,14,15,16,17,18,19,20,21,22,	 NoSound	40	2	141274489
141274689	Triggered	1,14,15,16,17,18,19,20,21,22,	 StopSoundShort	40	2	141274689
141287236	Triggered	5,23,24,25,26,27,28,29,30,31,	 NoSound	40	2	141287236
141287443	Triggered	5,23,24,25,26,27,28,29,30,31,	 PureTone-11kHz	40	2	141287443
141291027	Triggered	8,52,53,54,55,56,	 NoSound	40	2	141291027
141291228	Triggered	8,52,53,54,55,56,	 File_beep2	40	2	141291228
141302278	Triggered	5,23,24,25,26,27,28,29,30,31,	 NoSound	40	2	141302278
141302495	Triggered	5,23,24,25,26,27,28,29,30,31,	 PureTone-11kHz	40	2	141302495
141305888	Triggered	8,52,53,54,55,56,	 NoSound	40	2	141305888
141306090	Triggered	8,52,53,54,55,56,	 File_beep2	40	2	141306090
141314671	Triggered	5,23,24,25,26,27,28,29,30,31,	 NoSound	40	2	141314671
141314876	Triggered	5,23,24,25,26,27,28,29,30,31,	 PureTone-11kHz	40	2	141314876
141318523	Triggered	8,52,53,54,55,56,	 NoSound	40	2	141318523
141318724	Triggered	8,52,53,54,55,56,	 File_beep2	40	2	141318724
141328148	Triggered	5,23,24,25,26,27,28,29,30,31,	 NoSound	40	2	141328148
141328353	Triggered	5,23,24,25,26,27,28,29,30,31,	 PureTone-11kHz	40	2	141328353
141331698	Triggered	8,52,53,54,55,56,	 NoSound	40	2	141331698
141331900	Triggered	8,52,53,54,55,56,	 File_beep2	40	2	141331900
141344393	Triggered	5,23,24,25,26,27,28,29,30,31,	 NoSound	40	2	141344393
141344598	Triggered	5,23,24,25,26,27,28,29,30,31,	 PureTone-11kHz	40	2	141344598
141347642	Triggered	8,52,53,54,55,56,	 NoSound	40	2	141347642
141347856	Triggered	8,52,53,54,55,56,	 File_beep2	40	2	141347856
141356607	Triggered	5,23,24,25,26,27,28,29,30,31,	 NoSound	40	2	141356607
141356811	Triggered	5,23,24,25,26,27,28,29,30,31,	 PureTone-11kHz	40	2	141356811
141360217	Triggered	8,52,53,54,55,56,	 NoSound	40	2	141360217
141360417	Triggered	8,52,53,54,55,56,	 File_beep2	40	2	141360417
141371107	Triggered	5,23,24,25,26,27,28,29,30,31,	 NoSound	40	2	141371107
141371312	Triggered	5,23,24,25,26,27,28,29,30,31,	 PureTone-11kHz	40	2	141371312
141374597	Triggered	8,52,53,54,55,56,	 NoSound	40	2	141374597
141374797	Triggered	8,52,53,54,55,56,	 File_beep2	40	2	141374797
141384283	Triggered	5,23,24,25,26,27,28,29,30,31,	 NoSound	40	2	141384283
141384486	Triggered	5,23,24,25,26,27,28,29,30,31,	 PureTone-11kHz	40	2	141384486
141387652	Triggered	8,52,53,54,55,56,	 NoSound	40	2	141387652
141387854	Triggered	8,52,53,54,55,56,	 File_beep2	40	2	141387854
141396316	Triggered	5,23,24,25,26,27,28,29,30,31,	 NoSound	40	2	141396316
141396521	Triggered	5,23,24,25,26,27,28,29,30,31,	 PureTone-11kHz	40	2	141396521
141399745	Triggered	8,52,53,54,55,56,	 NoSound	40	2	141399745
141399946	Triggered	8,52,53,54,55,56,	 File_beep2	40	2	141399946
141408590	Triggered	5,23,24,25,26,27,28,29,30,31,	 NoSound	40	2	141408590
141408794	Triggered	5,23,24,25,26,27,28,29,30,31,	 PureTone-11kHz	40	2	141408794
141412140	Triggered	8,52,53,54,55,56,	 NoSound	40	2	141412140
141412342	Triggered	8,52,53,54,55,56,	 File_beep2	40	2	141412342
141430371	Triggered	5,23,24,25,26,27,28,29,30,31,	 NoSound	40	2	141430371
141430575	Triggered	5,23,24,25,26,27,28,29,30,31,	 PureTone-9kHz	40	2	141430575
141433859	Triggered	8,52,53,54,55,56,	 NoSound	40	2	141433859
141434061	Triggered	8,52,53,54,55,56,	 File_beep2	40	2	141434061
141443365	Triggered	5,23,24,25,26,27,28,29,30,31,	 NoSound	40	2	141443365
141443568	Triggered	5,23,24,25,26,27,28,29,30,31,	 PureTone-7kHz	40	2	141443568
141446856	Triggered	8,52,53,54,55,56,	 NoSound	40	2	141446856
141447056	Triggered	8,52,53,54,55,56,	 File_beep2	40	2	141447056
141457204	Triggered	5,23,24,25,26,27,28,29,30,31,	 NoSound	40	2	141457204
141457407	Triggered	5,23,24,25,26,27,28,29,30,31,	 PureTone-5kHz	40	2	141457407
141460513	Triggered	8,52,53,54,55,56,	 NoSound	40	2	141460513
141460715	Triggered	8,52,53,54,55,56,	 File_beep2	40	2	141460715
141468575	Triggered	5,23,24,25,26,27,28,29,30,31,	 NoSound	40	2	141468575
141468777	Triggered	5,23,24,25,26,27,28,29,30,31,	 PureTone-3kHz	40	2	141468777
141471945	Triggered	8,52,53,54,55,56,	 NoSound	40	2	141471945
141472146	Triggered	8,52,53,54,55,56,	 File_beep2	40	2	141472146
141481390	Triggered	5,23,24,25,26,27,28,29,30,31,	 NoSound	40	2	141481390
141481593	Triggered	5,23,24,25,26,27,28,29,30,31,	 PureTone-2kHz	40	2	141481593
141485061	Triggered	8,52,53,54,55,56,	 NoSound	40	2	141485061
141485263	Triggered	8,52,53,54,55,56,	 File_beep2	40	2	141485263
141494327	Triggered	5,23,24,25,26,27,28,29,30,31,	 NoSound	40	2	141494327
141494540	Triggered	5,23,24,25,26,27,28,29,30,31,	 PureTone-1kHz	40	2	141494540
141498479	Triggered	8,52,53,54,55,56,	 NoSound	40	2	141498479
141498680	Triggered	8,52,53,54,55,56,	 File_beep2	40	2	141498680
141508707	Triggered	5,23,24,25,26,27,28,29,30,31,	 NoSound	40	2	141508707
141508919	Triggered	5,23,24,25,26,27,28,29,30,31,	 StopSoundShort	40	2	141508919
141546615	Triggered	4,42,43,44,45,46,	 NoSound	40	2	141546615
141546821	Triggered	4,42,43,44,45,46,	 File_beep5	40	2	141546821
141570615	Triggered	1,14,15,16,17,18,19,20,21,22,	 NoSound	40	2	141570615
141570820	Triggered	1,14,15,16,17,18,19,20,21,22,	 PureTone-11kHz	40	2	141570820
141574227	Triggered	4,42,43,44,45,46,	 NoSound	40	2	141574227
141574428	Triggered	4,42,43,44,45,46,	 File_beep5	40	2	141574428
141590898	Triggered	1,14,15,16,17,18,19,20,21,22,	 NoSound	40	2	141590898
141591102	Triggered	1,14,15,16,17,18,19,20,21,22,	 PureTone-11kHz	40	2	141591102
141594143	Triggered	4,42,43,44,45,46,	 NoSound	40	2	141594143
141594344	Triggered	4,42,43,44,45,46,	 File_beep5	40	2	141594344
141608822	Triggered	1,14,15,16,17,18,19,20,21,22,	 NoSound	40	2	141608822
141609037	Triggered	1,14,15,16,17,18,19,20,21,22,	 PureTone-11kHz	40	2	141609037
141612011	Triggered	4,42,43,44,45,46,	 NoSound	40	2	141612011
141612214	Triggered	4,42,43,44,45,46,	 File_beep5	40	2	141612214
141626571	Triggered	1,14,15,16,17,18,19,20,21,22,	 NoSound	40	2	141626571
141626774	Triggered	1,14,15,16,17,18,19,20,21,22,	 PureTone-11kHz	40	2	141626774
141629519	Triggered	4,42,43,44,45,46,	 NoSound	40	2	141629519
141629721	Triggered	4,42,43,44,45,46,	 File_beep5	40	2	141629721
141641793	Triggered	1,14,15,16,17,18,19,20,21,22,	 NoSound	40	2	141641793
141641998	Triggered	1,14,15,16,17,18,19,20,21,22,	 PureTone-11kHz	40	2	141641998
141644742	Triggered	4,42,43,44,45,46,	 NoSound	40	2	141644742
141644945	Triggered	4,42,43,44,45,46,	 File_beep5	40	2	141644945
141658398	Triggered	1,14,15,16,17,18,19,20,21,22,	 NoSound	40	2	141658398
141658603	Triggered	1,14,15,16,17,18,19,20,21,22,	 PureTone-11kHz	40	2	141658603
141661767	Triggered	4,42,43,44,45,46,	 NoSound	40	2	141661767
141661970	Triggered	4,42,43,44,45,46,	 File_beep5	40	2	141661970
141673861	Triggered	1,14,15,16,17,18,19,20,21,22,	 NoSound	40	2	141673861
141674065	Triggered	1,14,15,16,17,18,19,20,21,22,	 PureTone-11kHz	40	2	141674065
141676808	Triggered	4,42,43,44,45,46,	 NoSound	40	2	141676808
141677011	Triggered	4,42,43,44,45,46,	 File_beep5	40	2	141677011
141689986	Triggered	1,14,15,16,17,18,19,20,21,22,	 NoSound	40	2	141689986
141690189	Triggered	1,14,15,16,17,18,19,20,21,22,	 PureTone-11kHz	40	2	141690189
141693115	Triggered	4,42,43,44,45,46,	 NoSound	40	2	141693115
141693318	Triggered	4,42,43,44,45,46,	 File_beep5	40	2	141693318
141706952	Triggered	1,14,15,16,17,18,19,20,21,22,	 NoSound	40	2	141706952
141707156	Triggered	1,14,15,16,17,18,19,20,21,22,	 PureTone-11kHz	40	2	141707156
141709720	Triggered	4,42,43,44,45,46,	 NoSound	40	2	141709720
141709923	Triggered	4,42,43,44,45,46,	 File_beep5	40	2	141709923
141724160	Triggered	1,14,15,16,17,18,19,20,21,22,	 NoSound	40	2	141724160
141724364	Triggered	1,14,15,16,17,18,19,20,21,22,	 PureTone-9kHz	40	2	141724364
141727409	Triggered	4,42,43,44,45,46,	 NoSound	40	2	141727409
141727611	Triggered	4,42,43,44,45,46,	 File_beep5	40	2	141727611
141739622	Triggered	1,14,15,16,17,18,19,20,21,22,	 NoSound	40	2	141739622
141739824	Triggered	1,14,15,16,17,18,19,20,21,22,	 PureTone-7kHz	40	2	141739824
141742631	Triggered	4,42,43,44,45,46,	 NoSound	40	2	141742631
141742833	Triggered	4,42,43,44,45,46,	 File_beep5	40	2	141742833
141756589	Triggered	1,14,15,16,17,18,19,20,21,22,	 NoSound	40	2	141756589
141756793	Triggered	1,14,15,16,17,18,19,20,21,22,	 PureTone-5kHz	40	2	141756793
141759897	Triggered	4,42,43,44,45,46,	 NoSound	40	2	141759897
141760100	Triggered	4,42,43,44,45,46,	 File_beep5	40	2	141760100
141773796	Triggered	1,14,15,16,17,18,19,20,21,22,	 NoSound	40	2	141773796
141774000	Triggered	1,14,15,16,17,18,19,20,21,22,	 PureTone-3kHz	40	2	141774000
141776865	Triggered	4,42,43,44,45,46,	 NoSound	40	2	141776865
141777079	Triggered	4,42,43,44,45,46,	 File_beep5	40	2	141777079
141788356	Triggered	1,14,15,16,17,18,19,20,21,22,	 NoSound	40	2	141788356
141788558	Triggered	1,14,15,16,17,18,19,20,21,22,	 PureTone-2kHz	40	2	141788558
141792629	Triggered	4,42,43,44,45,46,	 NoSound	40	2	141792629
141792831	Triggered	4,42,43,44,45,46,	 File_beep5	40	2	141792831
141805383	Triggered	1,14,15,16,17,18,19,20,21,22,	 NoSound	40	2	141805383
141805585	Triggered	1,14,15,16,17,18,19,20,21,22,	 PureTone-1kHz	40	2	141805585
141808572	Triggered	4,42,43,44,45,46,	 NoSound	40	2	141808572
141808774	Triggered	4,42,43,44,45,46,	 File_beep5	40	2	141808774
141821447	Triggered	1,14,15,16,17,18,19,20,21,22,	 NoSound	40	2	141821447
141821649	Triggered	1,14,15,16,17,18,19,20,21,22,	 StopSoundShort	40	2	141821649
141832819	Triggered	5,23,24,25,26,27,28,29,30,31,	 NoSound	40	2	141832819
141833026	Triggered	5,23,24,25,26,27,28,29,30,31,	 PureTone-11kHz	40	2	141833026
141836850	Triggered	8,52,53,54,55,56,	 NoSound	40	2	141836850
141837063	Triggered	8,52,53,54,55,56,	 File_beep3	40	2	141837063
141847920	Triggered	5,23,24,25,26,27,28,29,30,31,	 NoSound	40	2	141847920
141848125	Triggered	5,23,24,25,26,27,28,29,30,31,	 PureTone-11kHz	40	2	141848125
141852433	Triggered	8,52,53,54,55,56,	 NoSound	40	2	141852433
141852634	Triggered	8,52,53,54,55,56,	 File_beep3	40	2	141852634
141862120	Triggered	5,23,24,25,26,27,28,29,30,31,	 NoSound	40	2	141862120
141862324	Triggered	5,23,24,25,26,27,28,29,30,31,	 PureTone-11kHz	40	2	141862324
141865789	Triggered	8,52,53,54,55,56,	 NoSound	40	2	141865789
141866007	Triggered	8,52,53,54,55,56,	 File_beep3	40	2	141866007
141884322	Triggered	5,23,24,25,26,27,28,29,30,31,	 NoSound	40	2	141884322
141884526	Triggered	5,23,24,25,26,27,28,29,30,31,	 PureTone-11kHz	40	2	141884526
141889083	Triggered	8,52,53,54,55,56,	 NoSound	40	2	141889083
141889285	Triggered	8,52,53,54,55,56,	 File_beep3	40	2	141889285
141901353	Triggered	5,23,24,25,26,27,28,29,30,31,	 NoSound	40	2	141901353
141901557	Triggered	5,23,24,25,26,27,28,29,30,31,	 PureTone-11kHz	40	2	141901557
141906342	Triggered	8,52,53,54,55,56,	 NoSound	40	2	141906342
141906544	Triggered	8,52,53,54,55,56,	 File_beep3	40	2	141906544
141925053	Triggered	5,23,24,25,26,27,28,29,30,31,	 NoSound	40	2	141925053
141925255	Triggered	5,23,24,25,26,27,28,29,30,31,	 PureTone-11kHz	40	2	141925255
141929987	Triggered	8,52,53,54,55,56,	 NoSound	40	2	141929987
141930188	Triggered	8,52,53,54,55,56,	 File_beep3	40	2	141930188
141943223	Triggered	5,23,24,25,26,27,28,29,30,31,	 NoSound	40	2	141943223
141943428	Triggered	5,23,24,25,26,27,28,29,30,31,	 PureTone-11kHz	40	2	141943428
141947194	Triggered	8,52,53,54,55,56,	 NoSound	40	2	141947194
141947395	Triggered	8,52,53,54,55,56,	 File_beep3	40	2	141947395
141958445	Triggered	5,23,24,25,26,27,28,29,30,31,	 NoSound	40	2	141958445
141958649	Triggered	5,23,24,25,26,27,28,29,30,31,	 PureTone-11kHz	40	2	141958649
141962597	Triggered	8,52,53,54,55,56,	 NoSound	40	2	141962597
141962799	Triggered	8,52,53,54,55,56,	 File_beep3	40	2	141962799
141972644	Triggered	5,23,24,25,26,27,28,29,30,31,	 NoSound	40	2	141972644
141972848	Triggered	5,23,24,25,26,27,28,29,30,31,	 PureTone-11kHz	40	2	141972848
141977217	Triggered	8,52,53,54,55,56,	 NoSound	40	2	141977217
141977418	Triggered	8,52,53,54,55,56,	 File_beep3	40	2	141977418
141989069	Triggered	5,23,24,25,26,27,28,29,30,31,	 NoSound	40	2	141989069
141989274	Triggered	5,23,24,25,26,27,28,29,30,31,	 PureTone-11kHz	40	2	141989274
141992980	Triggered	8,52,53,54,55,56,	 NoSound	40	2	141992980
141993182	Triggered	8,52,53,54,55,56,	 File_beep3	40	2	141993182
142003930	Triggered	5,23,24,25,26,27,28,29,30,31,	 NoSound	40	2	142003930
142004134	Triggered	5,23,24,25,26,27,28,29,30,31,	 PureTone-9kHz	40	2	142004134
142008383	Triggered	8,52,53,54,55,56,	 NoSound	40	2	142008383
142008584	Triggered	8,52,53,54,55,56,	 File_beep3	40	2	142008584
142021378	Triggered	5,23,24,25,26,27,28,29,30,31,	 NoSound	40	2	142021378
142021581	Triggered	5,23,24,25,26,27,28,29,30,31,	 PureTone-7kHz	40	2	142021581
142026011	Triggered	8,52,53,54,55,56,	 NoSound	40	2	142026011
142026212	Triggered	8,52,53,54,55,56,	 File_beep3	40	2	142026212
142035517	Triggered	5,23,24,25,26,27,28,29,30,31,	 NoSound	40	2	142035517
142035720	Triggered	5,23,24,25,26,27,28,29,30,31,	 PureTone-5kHz	40	2	142035720
142039848	Triggered	8,52,53,54,55,56,	 NoSound	40	2	142039848
142040049	Triggered	8,52,53,54,55,56,	 File_beep3	40	2	142040049
142051462	Triggered	5,23,24,25,26,27,28,29,30,31,	 NoSound	40	2	142051462
142051676	Triggered	5,23,24,25,26,27,28,29,30,31,	 PureTone-3kHz	40	2	142051676
142055914	Triggered	8,52,53,54,55,56,	 NoSound	40	2	142055914
142056117	Triggered	8,52,53,54,55,56,	 File_beep3	40	2	142056117
142069150	Triggered	5,23,24,25,26,27,28,29,30,31,	 NoSound	40	2	142069150
142069352	Triggered	5,23,24,25,26,27,28,29,30,31,	 PureTone-2kHz	40	2	142069352
142073182	Triggered	8,52,53,54,55,56,	 NoSound	40	2	142073182
142073384	Triggered	8,52,53,54,55,56,	 File_beep3	40	2	142073384
142083650	Triggered	5,23,24,25,26,27,28,29,30,31,	 NoSound	40	2	142083650
142083852	Triggered	5,23,24,25,26,27,28,29,30,31,	 PureTone-1kHz	40	2	142083852
142087683	Triggered	8,52,53,54,55,56,	 NoSound	40	2	142087683
142087896	Triggered	8,52,53,54,55,56,	 File_beep3	40	2	142087896
142097307	Triggered	5,23,24,25,26,27,28,29,30,31,	 NoSound	40	2	142097307
142097520	Triggered	5,23,24,25,26,27,28,29,30,31,	 StopSoundShort	40	2	142097520
142109823	Triggered	1,14,15,16,17,18,19,20,21,22,	 NoSound	40	2	142109823
142110032	Triggered	1,14,15,16,17,18,19,20,21,22,	 PureTone-11kHz	40	2	142110032
142113552	Triggered	4,42,43,44,45,46,	 NoSound	40	2	142113552
142113754	Triggered	4,42,43,44,45,46,	 File_beep5	40	2	142113754
142130880	Triggered	1,14,15,16,17,18,19,20,21,22,	 NoSound	40	2	142130880
142131085	Triggered	1,14,15,16,17,18,19,20,21,22,	 PureTone-11kHz	40	2	142131085
142144240	Triggered	4,42,43,44,45,46,	 NoSound	40	2	142144240
142144444	Triggered	4,42,43,44,45,46,	 File_beep5	40	2	142144444
142173780	Triggered	1,14,15,16,17,18,19,20,21,22,	 NoSound	40	2	142173780
142173984	Triggered	1,14,15,16,17,18,19,20,21,22,	 PureTone-11kHz	40	2	142173984
142214932	Triggered	4,42,43,44,45,46,	 NoSound	40	2	142214932
142215135	Triggered	4,42,43,44,45,46,	 File_beep5	40	2	142215135
142250312	Triggered	1,14,15,16,17,18,19,20,21,22,	 NoSound	40	2	142250312
142250516	Triggered	1,14,15,16,17,18,19,20,21,22,	 PureTone-11kHz	40	2	142250516
142254641	Triggered	4,42,43,44,45,46,	 NoSound	40	2	142254641
142254842	Triggered	4,42,43,44,45,46,	 File_beep5	40	2	142254842
142271126	Triggered	1,14,15,16,17,18,19,20,21,22,	 NoSound	40	2	142271126
142271330	Triggered	1,14,15,16,17,18,19,20,21,22,	 PureTone-11kHz	40	2	142271330
142275158	Triggered	4,42,43,44,45,46,	 NoSound	40	2	142275158
142275371	Triggered	4,42,43,44,45,46,	 File_beep5	40	2	142275371
142288575	Triggered	1,14,15,16,17,18,19,20,21,22,	 NoSound	40	2	142288575
142288779	Triggered	1,14,15,16,17,18,19,20,21,22,	 PureTone-11kHz	40	2	142288779
142291883	Triggered	4,42,43,44,45,46,	 NoSound	40	2	142291883
142292084	Triggered	4,42,43,44,45,46,	 File_beep5	40	2	142292084
142304097	Triggered	1,14,15,16,17,18,19,20,21,22,	 NoSound	40	2	142304097
142304301	Triggered	1,14,15,16,17,18,19,20,21,22,	 PureTone-11kHz	40	2	142304301
142307406	Triggered	4,42,43,44,45,46,	 NoSound	40	2	142307406
142307621	Triggered	4,42,43,44,45,46,	 File_beep5	40	2	142307621
142320584	Triggered	1,14,15,16,17,18,19,20,21,22,	 NoSound	40	2	142320584
142320787	Triggered	1,14,15,16,17,18,19,20,21,22,	 PureTone-11kHz	40	2	142320787
142323833	Triggered	4,42,43,44,45,46,	 NoSound	40	2	142323833
142324036	Triggered	4,42,43,44,45,46,	 File_beep5	40	2	142324036
142336406	Triggered	1,14,15,16,17,18,19,20,21,22,	 NoSound	40	2	142336406
142336609	Triggered	1,14,15,16,17,18,19,20,21,22,	 PureTone-11kHz	40	2	142336609
142339783	Triggered	4,42,43,44,45,46,	 NoSound	40	2	142339783
142339985	Triggered	4,42,43,44,45,46,	 File_beep5	40	2	142339985
142352772	Triggered	1,14,15,16,17,18,19,20,21,22,	 NoSound	40	2	142352772
142352994	Triggered	1,14,15,16,17,18,19,20,21,22,	 PureTone-11kHz	40	2	142352994
142356202	Triggered	4,42,43,44,45,46,	 NoSound	40	2	142356202
142356405	Triggered	4,42,43,44,45,46,	 File_beep5	40	2	142356405
142369137	Triggered	1,14,15,16,17,18,19,20,21,22,	 NoSound	40	2	142369137
142369341	Triggered	1,14,15,16,17,18,19,20,21,22,	 PureTone-9kHz	40	2	142369341
142372505	Triggered	4,42,43,44,45,46,	 NoSound	40	2	142372505
142372707	Triggered	4,42,43,44,45,46,	 File_beep5	40	2	142372707
142384721	Triggered	1,14,15,16,17,18,19,20,21,22,	 NoSound	40	2	142384721
142384925	Triggered	1,14,15,16,17,18,19,20,21,22,	 PureTone-7kHz	40	2	142384925
142388030	Triggered	4,42,43,44,45,46,	 NoSound	40	2	142388030
142388247	Triggered	4,42,43,44,45,46,	 File_beep5	40	2	142388247
142403311	Triggered	1,14,15,16,17,18,19,20,21,22,	 NoSound	40	2	142403311
142403515	Triggered	1,14,15,16,17,18,19,20,21,22,	 PureTone-5kHz	40	2	142403515
142407462	Triggered	4,42,43,44,45,46,	 NoSound	40	2	142407462
142407664	Triggered	4,42,43,44,45,46,	 File_beep5	40	2	142407664
142422743	Triggered	1,14,15,16,17,18,19,20,21,22,	 NoSound	40	2	142422743
142422946	Triggered	1,14,15,16,17,18,19,20,21,22,	 PureTone-3kHz	40	2	142422946
142426113	Triggered	4,42,43,44,45,46,	 NoSound	40	2	142426113
142426315	Triggered	4,42,43,44,45,46,	 File_beep5	40	2	142426315
142440433	Triggered	1,14,15,16,17,18,19,20,21,22,	 NoSound	40	2	142440433
142440636	Triggered	1,14,15,16,17,18,19,20,21,22,	 PureTone-2kHz	40	2	142440636
142444644	Triggered	4,42,43,44,45,46,	 NoSound	40	2	142444644
142444847	Triggered	4,42,43,44,45,46,	 File_beep5	40	2	142444847
142457940	Triggered	1,14,15,16,17,18,19,20,21,22,	 NoSound	40	2	142457940
142458142	Triggered	1,14,15,16,17,18,19,20,21,22,	 PureTone-1kHz	40	2	142458142
142463116	Triggered	4,42,43,44,45,46,	 NoSound	40	2	142463116
142463318	Triggered	4,42,43,44,45,46,	 File_beep5	40	2	142463318
142478278	Triggered	1,14,15,16,17,18,19,20,21,22,	 NoSound	40	2	142478278
142478479	Triggered	1,14,15,16,17,18,19,20,21,22,	 StopSoundShort	40	2	142478479
142490792	Triggered	5,23,24,25,26,27,28,29,30,31,	 NoSound	40	2	142490792
142491013	Triggered	5,23,24,25,26,27,28,29,30,31,	 PureTone-11kHz	40	2	142491013
142495304	Triggered	8,52,53,54,55,56,	 NoSound	40	2	142495304
142495506	Triggered	8,52,53,54,55,56,	 File_beep2	40	2	142495506
142507758	Triggered	5,23,24,25,26,27,28,29,30,31,	 NoSound	40	2	142507758
142507963	Triggered	5,23,24,25,26,27,28,29,30,31,	 PureTone-11kHz	40	2	142507963
142512812	Triggered	8,52,53,54,55,56,	 NoSound	40	2	142512812
142513014	Triggered	8,52,53,54,55,56,	 File_beep2	40	2	142513014
