Ver1.3	424895600	StartFile	8/24/2020	5:07:44 PM	E:\BehavioralExperiments\Rizzo\RatData_Rizzo\Rawdata\082420B\SoundData.txt	424895600
425241688	Triggered	1,14,15,16,17,18,19,20,21,22,	 NoSound	40	2	425241688
425244828	Triggered	6,47,48,49,50,51,	 NoSound	40	2	425244828
425245029	Triggered	6,47,48,49,50,51,	 File_beep1	40	2	425245029
425251979	Triggered	1,14,15,16,17,18,19,20,21,22,	 NoSound	40	2	425251979
425255124	Triggered	6,47,48,49,50,51,	 NoSound	40	2	425255124
425255325	Triggered	6,47,48,49,50,51,	 File_beep1	40	2	425255325
425261873	Triggered	1,14,15,16,17,18,19,20,21,22,	 NoSound	40	2	425261873
425264547	Triggered	6,47,48,49,50,51,	 NoSound	40	2	425264547
425264747	Triggered	6,47,48,49,50,51,	 File_beep1	40	2	425264747
425271831	Triggered	1,14,15,16,17,18,19,20,21,22,	 NoSound	40	2	425271831
425272047	Triggered	1,14,15,16,17,18,19,20,21,22,	 PureTone-9kHz	40	2	425272047
425275306	Triggered	4,42,43,44,45,46,	 NoSound	40	2	425275306
425275507	Triggered	4,42,43,44,45,46,	 File_beep1	40	2	425275507
425282859	Triggered	1,14,15,16,17,18,19,20,21,22,	 NoSound	40	2	425282859
425283062	Triggered	1,14,15,16,17,18,19,20,21,22,	 PureTone-7kHz	40	2	425283062
425286136	Triggered	4,42,43,44,45,46,	 NoSound	40	2	425286136
425286336	Triggered	4,42,43,44,45,46,	 File_beep1	40	2	425286336
425292350	Triggered	1,14,15,16,17,18,19,20,21,22,	 NoSound	40	2	425292350
425292551	Triggered	1,14,15,16,17,18,19,20,21,22,	 PureTone-5kHz	40	2	425292551
425295692	Triggered	4,42,43,44,45,46,	 NoSound	40	2	425295692
425295906	Triggered	4,42,43,44,45,46,	 File_beep1	40	2	425295906
425347895	Triggered	1,14,15,16,17,18,19,20,21,22,	 NoSound	40	2	425347895
425348098	Triggered	1,14,15,16,17,18,19,20,21,22,	 PureTone-3kHz	40	2	425348098
425350302	Triggered	4,42,43,44,45,46,	 NoSound	40	2	425350302
425350502	Triggered	4,42,43,44,45,46,	 File_beep1	40	2	425350502
425356389	Triggered	1,14,15,16,17,18,19,20,21,22,	 NoSound	40	2	425356389
425356593	Triggered	1,14,15,16,17,18,19,20,21,22,	 PureTone-2kHz	40	2	425356593
425358924	Triggered	4,42,43,44,45,46,	 NoSound	40	2	425358924
425359124	Triggered	4,42,43,44,45,46,	 File_beep1	40	2	425359124
425364806	Triggered	1,14,15,16,17,18,19,20,21,22,	 NoSound	40	2	425364806
425365019	Triggered	1,14,15,16,17,18,19,20,21,22,	 PureTone-1kHz	40	2	425365019
425367412	Triggered	4,42,43,44,45,46,	 NoSound	40	2	425367412
425367613	Triggered	4,42,43,44,45,46,	 File_beep1	40	2	425367613
425403375	Triggered	1,14,15,16,17,18,19,20,21,22,	 NoSound	40	2	425403375
425403575	Triggered	1,14,15,16,17,18,19,20,21,22,	 StopSoundLong	40	2	425403575
425417944	Triggered	5,23,24,25,26,27,28,29,30,31,	 NoSound	40	2	425417944
425420820	Triggered	8,52,53,54,55,56,	 NoSound	40	2	425420820
425421021	Triggered	8,52,53,54,55,56,	 File_beep2	40	2	425421021
425428505	Triggered	5,23,24,25,26,27,28,29,30,31,	 NoSound	40	2	425428505
425430984	Triggered	8,52,53,54,55,56,	 NoSound	40	2	425430984
425431186	Triggered	8,52,53,54,55,56,	 File_beep2	40	2	425431186
425438063	Triggered	5,23,24,25,26,27,28,29,30,31,	 NoSound	40	2	425438063
425440549	Triggered	8,52,53,54,55,56,	 NoSound	40	2	425440549
425440750	Triggered	8,52,53,54,55,56,	 File_beep2	40	2	425440750
425451365	Triggered	5,23,24,25,26,27,28,29,30,31,	 NoSound	40	2	425451365
425451570	Triggered	5,23,24,25,26,27,28,29,30,31,	 PureTone-9kHz	40	2	425451570
425455378	Triggered	2,37,38,39,40,41,	 NoSound	40	2	425455378
425455580	Triggered	2,37,38,39,40,41,	 File_beep1	40	2	425455580
425462125	Triggered	5,23,24,25,26,27,28,29,30,31,	 NoSound	40	2	425462125
425462329	Triggered	5,23,24,25,26,27,28,29,30,31,	 PureTone-7kHz	40	2	425462329
425465068	Triggered	2,37,38,39,40,41,	 NoSound	40	2	425465068
425465268	Triggered	2,37,38,39,40,41,	 File_beep1	40	2	425465268
425482179	Triggered	5,23,24,25,26,27,28,29,30,31,	 NoSound	40	2	425482179
425482381	Triggered	5,23,24,25,26,27,28,29,30,31,	 PureTone-5kHz	40	2	425482381
425485122	Triggered	8,52,53,54,55,56,	 NoSound	40	2	425485122
425485323	Triggered	8,52,53,54,55,56,	 File_beep2	40	2	425485323
425498357	Triggered	5,23,24,25,26,27,28,29,30,31,	 NoSound	40	2	425498357
425498561	Triggered	5,23,24,25,26,27,28,29,30,31,	 PureTone-3kHz	40	2	425498561
425500969	Triggered	8,52,53,54,55,56,	 NoSound	40	2	425500969
425501171	Triggered	8,52,53,54,55,56,	 File_beep2	40	2	425501171
425510860	Triggered	5,23,24,25,26,27,28,29,30,31,	 NoSound	40	2	425510860
425511063	Triggered	5,23,24,25,26,27,28,29,30,31,	 PureTone-2kHz	40	2	425511063
425514063	Triggered	8,52,53,54,55,56,	 NoSound	40	2	425514063
425514263	Triggered	8,52,53,54,55,56,	 File_beep2	40	2	425514263
425523423	Triggered	5,23,24,25,26,27,28,29,30,31,	 NoSound	40	2	425523423
425523627	Triggered	5,23,24,25,26,27,28,29,30,31,	 PureTone-1kHz	40	2	425523627
425525759	Triggered	8,52,53,54,55,56,	 NoSound	40	2	425525759
425525961	Triggered	8,52,53,54,55,56,	 File_beep2	40	2	425525961
425541668	Triggered	5,23,24,25,26,27,28,29,30,31,	 NoSound	40	2	425541668
425541870	Triggered	5,23,24,25,26,27,28,29,30,31,	 StopSoundLong	40	2	425541870
425560382	Triggered	1,14,15,16,17,18,19,20,21,22,	 NoSound	40	2	425560382
425563123	Triggered	6,47,48,49,50,51,	 NoSound	40	2	425563123
425563324	Triggered	6,47,48,49,50,51,	 File_beep2	40	2	425563324
425570949	Triggered	1,14,15,16,17,18,19,20,21,22,	 NoSound	40	2	425570949
425573416	Triggered	6,47,48,49,50,51,	 NoSound	40	2	425573416
425573618	Triggered	6,47,48,49,50,51,	 File_beep2	40	2	425573618
425593202	Triggered	1,14,15,16,17,18,19,20,21,22,	 NoSound	40	2	425593202
425596209	Triggered	6,47,48,49,50,51,	 NoSound	40	2	425596209
425596411	Triggered	6,47,48,49,50,51,	 File_beep2	40	2	425596411
425604430	Triggered	1,14,15,16,17,18,19,20,21,22,	 NoSound	40	2	425604430
425604632	Triggered	1,14,15,16,17,18,19,20,21,22,	 PureTone-9kHz	40	2	425604632
425606717	Triggered	6,47,48,49,50,51,	 NoSound	40	2	425606717
425606917	Triggered	6,47,48,49,50,51,	 File_beep2	40	2	425606917
425614122	Triggered	1,14,15,16,17,18,19,20,21,22,	 NoSound	40	2	425614122
425614326	Triggered	1,14,15,16,17,18,19,20,21,22,	 PureTone-7kHz	40	2	425614326
425616669	Triggered	6,47,48,49,50,51,	 NoSound	40	2	425616669
425616872	Triggered	6,47,48,49,50,51,	 File_beep2	40	2	425616872
425633573	Triggered	1,14,15,16,17,18,19,20,21,22,	 NoSound	40	2	425633573
425633776	Triggered	1,14,15,16,17,18,19,20,21,22,	 PureTone-5kHz	40	2	425633776
425636447	Triggered	4,42,43,44,45,46,	 NoSound	40	2	425636447
425636649	Triggered	4,42,43,44,45,46,	 File_beep2	40	2	425636649
425643469	Triggered	1,14,15,16,17,18,19,20,21,22,	 NoSound	40	2	425643469
425643672	Triggered	1,14,15,16,17,18,19,20,21,22,	 PureTone-3kHz	40	2	425643672
425646205	Triggered	4,42,43,44,45,46,	 NoSound	40	2	425646205
425646407	Triggered	4,42,43,44,45,46,	 File_beep2	40	2	425646407
425660978	Triggered	1,14,15,16,17,18,19,20,21,22,	 NoSound	40	2	425660978
425661180	Triggered	1,14,15,16,17,18,19,20,21,22,	 PureTone-2kHz	40	2	425661180
425663718	Triggered	4,42,43,44,45,46,	 NoSound	40	2	425663718
425663920	Triggered	4,42,43,44,45,46,	 File_beep2	40	2	425663920
425670269	Triggered	1,14,15,16,17,18,19,20,21,22,	 NoSound	40	2	425670269
425670470	Triggered	1,14,15,16,17,18,19,20,21,22,	 PureTone-1kHz	40	2	425670470
425672742	Triggered	4,42,43,44,45,46,	 NoSound	40	2	425672742
425672943	Triggered	4,42,43,44,45,46,	 File_beep2	40	2	425672943
425678958	Triggered	1,14,15,16,17,18,19,20,21,22,	 NoSound	40	2	425678958
425679159	Triggered	1,14,15,16,17,18,19,20,21,22,	 StopSoundLong	40	2	425679159
425693998	Triggered	2,37,38,39,40,41,	 NoSound	40	2	425693998
425694203	Triggered	2,37,38,39,40,41,	 File_beep4	40	2	425694203
425703088	Triggered	5,23,24,25,26,27,28,29,30,31,	 NoSound	40	2	425703088
425706964	Triggered	2,37,38,39,40,41,	 NoSound	40	2	425706964
425707167	Triggered	2,37,38,39,40,41,	 File_beep4	40	2	425707167
425721535	Triggered	5,23,24,25,26,27,28,29,30,31,	 NoSound	40	2	425721535
425724210	Triggered	2,37,38,39,40,41,	 NoSound	40	2	425724210
425724413	Triggered	2,37,38,39,40,41,	 File_beep4	40	2	425724413
425735305	Triggered	5,23,24,25,26,27,28,29,30,31,	 NoSound	40	2	425735305
425735511	Triggered	5,23,24,25,26,27,28,29,30,31,	 PureTone-9kHz	40	2	425735511
425738112	Triggered	8,52,53,54,55,56,	 NoSound	40	2	425738112
425738314	Triggered	8,52,53,54,55,56,	 File_beep2	40	2	425738314
425744931	Triggered	5,23,24,25,26,27,28,29,30,31,	 NoSound	40	2	425744931
425745133	Triggered	5,23,24,25,26,27,28,29,30,31,	 PureTone-7kHz	40	2	425745133
425747536	Triggered	8,52,53,54,55,56,	 NoSound	40	2	425747536
425747737	Triggered	8,52,53,54,55,56,	 File_beep2	40	2	425747737
425760105	Triggered	5,23,24,25,26,27,28,29,30,31,	 NoSound	40	2	425760105
425760307	Triggered	5,23,24,25,26,27,28,29,30,31,	 PureTone-5kHz	40	2	425760307
425763517	Triggered	8,52,53,54,55,56,	 NoSound	40	2	425763517
425763719	Triggered	8,52,53,54,55,56,	 File_beep2	40	2	425763719
425781224	Triggered	5,23,24,25,26,27,28,29,30,31,	 NoSound	40	2	425781224
425781427	Triggered	5,23,24,25,26,27,28,29,30,31,	 PureTone-3kHz	40	2	425781427
425784238	Triggered	8,52,53,54,55,56,	 NoSound	40	2	425784238
425784440	Triggered	8,52,53,54,55,56,	 File_beep2	40	2	425784440
425790449	Triggered	5,23,24,25,26,27,28,29,30,31,	 NoSound	40	2	425790449
425790652	Triggered	5,23,24,25,26,27,28,29,30,31,	 PureTone-2kHz	40	2	425790652
425793471	Triggered	8,52,53,54,55,56,	 NoSound	40	2	425793471
425793672	Triggered	8,52,53,54,55,56,	 File_beep2	40	2	425793672
425804765	Triggered	5,23,24,25,26,27,28,29,30,31,	 NoSound	40	2	425804765
425804967	Triggered	5,23,24,25,26,27,28,29,30,31,	 PureTone-1kHz	40	2	425804967
425807693	Triggered	8,52,53,54,55,56,	 NoSound	40	2	425807693
425807906	Triggered	8,52,53,54,55,56,	 File_beep2	40	2	425807906
425816317	Triggered	5,23,24,25,26,27,28,29,30,31,	 NoSound	40	2	425816317
425816519	Triggered	5,23,24,25,26,27,28,29,30,31,	 StopSoundShort	40	2	425816519
425831099	Triggered	1,14,15,16,17,18,19,20,21,22,	 NoSound	40	2	425831099
425833767	Triggered	6,47,48,49,50,51,	 NoSound	40	2	425833767
425833969	Triggered	6,47,48,49,50,51,	 File_beep2	40	2	425833969
425841114	Triggered	1,14,15,16,17,18,19,20,21,22,	 NoSound	40	2	425841114
425843587	Triggered	6,47,48,49,50,51,	 NoSound	40	2	425843587
425843789	Triggered	6,47,48,49,50,51,	 File_beep2	40	2	425843789
425858426	Triggered	1,14,15,16,17,18,19,20,21,22,	 NoSound	40	2	425858426
425861433	Triggered	6,47,48,49,50,51,	 NoSound	40	2	425861433
425861634	Triggered	6,47,48,49,50,51,	 File_beep2	40	2	425861634
425868118	Triggered	1,14,15,16,17,18,19,20,21,22,	 NoSound	40	2	425868118
425868320	Triggered	1,14,15,16,17,18,19,20,21,22,	 PureTone-1kHz	40	2	425868320
425871125	Triggered	4,42,43,44,45,46,	 NoSound	40	2	425871125
425871326	Triggered	4,42,43,44,45,46,	 File_beep2	40	2	425871326
425877943	Triggered	1,14,15,16,17,18,19,20,21,22,	 NoSound	40	2	425877943
425878143	Triggered	1,14,15,16,17,18,19,20,21,22,	 StopSoundShort	40	2	425878143
425892047	Triggered	2,37,38,39,40,41,	 NoSound	40	2	425892047
425897059	Triggered	5,23,24,25,26,27,28,29,30,31,	 NoSound	40	2	425897059
425900336	Triggered	2,37,38,39,40,41,	 NoSound	40	2	425900336
425905682	Triggered	5,23,24,25,26,27,28,29,30,31,	 NoSound	40	2	425905682
425908957	Triggered	2,37,38,39,40,41,	 NoSound	40	2	425908957
425914438	Triggered	5,23,24,25,26,27,28,29,30,31,	 NoSound	40	2	425914438
425914639	Triggered	5,23,24,25,26,27,28,29,30,31,	 PureTone-1kHz	40	2	425914639
425917846	Triggered	8,52,53,54,55,56,	 NoSound	40	2	425917846
425918048	Triggered	8,52,53,54,55,56,	 File_beep1	40	2	425918048
425923530	Triggered	5,23,24,25,26,27,28,29,30,31,	 NoSound	40	2	425923530
425923732	Triggered	5,23,24,25,26,27,28,29,30,31,	 StopSoundShort	40	2	425923732
425935025	Triggered	1,14,15,16,17,18,19,20,21,22,	 NoSound	40	2	425935025
425938041	Triggered	4,42,43,44,45,46,	 NoSound	40	2	425938041
425938242	Triggered	4,42,43,44,45,46,	 File_beep3	40	2	425938242
425948660	Triggered	1,14,15,16,17,18,19,20,21,22,	 NoSound	40	2	425948660
425951935	Triggered	4,42,43,44,45,46,	 NoSound	40	2	425951935
425952137	Triggered	4,42,43,44,45,46,	 File_beep3	40	2	425952137
425959957	Triggered	1,14,15,16,17,18,19,20,21,22,	 NoSound	40	2	425959957
425963166	Triggered	4,42,43,44,45,46,	 NoSound	40	2	425963166
425963380	Triggered	4,42,43,44,45,46,	 File_beep3	40	2	425963380
425971186	Triggered	1,14,15,16,17,18,19,20,21,22,	 NoSound	40	2	425971186
425971387	Triggered	1,14,15,16,17,18,19,20,21,22,	 PureTone-1kHz	40	2	425971387
425973926	Triggered	4,42,43,44,45,46,	 NoSound	40	2	425973926
425974128	Triggered	4,42,43,44,45,46,	 File_beep3	40	2	425974128
425986493	Triggered	1,14,15,16,17,18,19,20,21,22,	 NoSound	40	2	425986493
425986694	Triggered	1,14,15,16,17,18,19,20,21,22,	 StopSoundLong	40	2	425986694
426003945	Triggered	5,23,24,25,26,27,28,29,30,31,	 NoSound	40	2	426003945
426006478	Triggered	8,52,53,54,55,56,	 NoSound	40	2	426006478
426011490	Triggered	5,23,24,25,26,27,28,29,30,31,	 NoSound	40	2	426011490
426016771	Triggered	8,52,53,54,55,56,	 NoSound	40	2	426016771
426037629	Triggered	5,23,24,25,26,27,28,29,30,31,	 NoSound	40	2	426037629
426040767	Triggered	8,52,53,54,55,56,	 NoSound	40	2	426040767
426063504	Triggered	5,23,24,25,26,27,28,29,30,31,	 NoSound	40	2	426063504
426063716	Triggered	5,23,24,25,26,27,28,29,30,31,	 PureTone-9kHz	40	2	426063716
426065966	Triggered	2,37,38,39,40,41,	 NoSound	40	2	426065966
426066168	Triggered	2,37,38,39,40,41,	 File_beep5	40	2	426066168
426082542	Triggered	5,23,24,25,26,27,28,29,30,31,	 NoSound	40	2	426082542
426082745	Triggered	5,23,24,25,26,27,28,29,30,31,	 PureTone-7kHz	40	2	426082745
426085351	Triggered	8,52,53,54,55,56,	 NoSound	40	2	426085351
426089092	Triggered	5,23,24,25,26,27,28,29,30,31,	 NoSound	40	2	426089092
426089296	Triggered	5,23,24,25,26,27,28,29,30,31,	 PureTone-5kHz	40	2	426089296
426092571	Triggered	2,37,38,39,40,41,	 NoSound	40	2	426092571
426092773	Triggered	2,37,38,39,40,41,	 File_beep5	40	2	426092773
426106605	Triggered	5,23,24,25,26,27,28,29,30,31,	 NoSound	40	2	426106605
426106808	Triggered	5,23,24,25,26,27,28,29,30,31,	 PureTone-3kHz	40	2	426106808
426110083	Triggered	8,52,53,54,55,56,	 NoSound	40	2	426110083
426114559	Triggered	5,23,24,25,26,27,28,29,30,31,	 NoSound	40	2	426114559
426114763	Triggered	5,23,24,25,26,27,28,29,30,31,	 PureTone-2kHz	40	2	426114763
426117368	Triggered	2,37,38,39,40,41,	 NoSound	40	2	426117368
426117569	Triggered	2,37,38,39,40,41,	 File_beep5	40	2	426117569
426157539	Triggered	5,23,24,25,26,27,28,29,30,31,	 NoSound	40	2	426157539
426157741	Triggered	5,23,24,25,26,27,28,29,30,31,	 PureTone-1kHz	40	2	426157741
426161694	Triggered	8,52,53,54,55,56,	 NoSound	40	2	426161694
426168635	Triggered	5,23,24,25,26,27,28,29,30,31,	 NoSound	40	2	426168635
426168837	Triggered	5,23,24,25,26,27,28,29,30,31,	 StopSoundLong	40	2	426168837
426184146	Triggered	1,14,15,16,17,18,19,20,21,22,	 NoSound	40	2	426184146
426187216	Triggered	4,42,43,44,45,46,	 NoSound	40	2	426187216
426187417	Triggered	4,42,43,44,45,46,	 File_beep1	40	2	426187417
426195170	Triggered	1,14,15,16,17,18,19,20,21,22,	 NoSound	40	2	426195170
426198177	Triggered	4,42,43,44,45,46,	 NoSound	40	2	426198177
426198378	Triggered	4,42,43,44,45,46,	 File_beep1	40	2	426198378
426211620	Triggered	1,14,15,16,17,18,19,20,21,22,	 NoSound	40	2	426211620
426214754	Triggered	4,42,43,44,45,46,	 NoSound	40	2	426214754
426214955	Triggered	4,42,43,44,45,46,	 File_beep1	40	2	426214955
426223043	Triggered	1,14,15,16,17,18,19,20,21,22,	 NoSound	40	2	426223043
426223247	Triggered	1,14,15,16,17,18,19,20,21,22,	 PureTone-9kHz	40	2	426223247
426226125	Triggered	6,47,48,49,50,51,	 NoSound	40	2	426226125
426226326	Triggered	6,47,48,49,50,51,	 File_beep1	40	2	426226326
426233335	Triggered	1,14,15,16,17,18,19,20,21,22,	 NoSound	40	2	426233335
426233538	Triggered	1,14,15,16,17,18,19,20,21,22,	 PureTone-7kHz	40	2	426233538
426236409	Triggered	6,47,48,49,50,51,	 NoSound	40	2	426236409
426236611	Triggered	6,47,48,49,50,51,	 File_beep1	40	2	426236611
426242427	Triggered	1,14,15,16,17,18,19,20,21,22,	 NoSound	40	2	426242427
426242632	Triggered	1,14,15,16,17,18,19,20,21,22,	 PureTone-5kHz	40	2	426242632
426245568	Triggered	4,42,43,44,45,46,	 NoSound	40	2	426245568
426245769	Triggered	4,42,43,44,45,46,	 File_beep1	40	2	426245769
426251383	Triggered	1,14,15,16,17,18,19,20,21,22,	 NoSound	40	2	426251383
426251585	Triggered	1,14,15,16,17,18,19,20,21,22,	 PureTone-3kHz	40	2	426251585
426254459	Triggered	6,47,48,49,50,51,	 NoSound	40	2	426254459
426254659	Triggered	6,47,48,49,50,51,	 File_beep1	40	2	426254659
426260941	Triggered	1,14,15,16,17,18,19,20,21,22,	 NoSound	40	2	426260941
426261144	Triggered	1,14,15,16,17,18,19,20,21,22,	 PureTone-2kHz	40	2	426261144
426263748	Triggered	6,47,48,49,50,51,	 NoSound	40	2	426263748
426263962	Triggered	6,47,48,49,50,51,	 File_beep1	40	2	426263962
426269832	Triggered	1,14,15,16,17,18,19,20,21,22,	 NoSound	40	2	426269832
426270035	Triggered	1,14,15,16,17,18,19,20,21,22,	 PureTone-1kHz	40	2	426270035
426272772	Triggered	6,47,48,49,50,51,	 NoSound	40	2	426272772
426272973	Triggered	6,47,48,49,50,51,	 File_beep1	40	2	426272973
426281127	Triggered	1,14,15,16,17,18,19,20,21,22,	 NoSound	40	2	426281127
426281327	Triggered	1,14,15,16,17,18,19,20,21,22,	 StopSoundShort	40	2	426281327
426291688	Triggered	5,23,24,25,26,27,28,29,30,31,	 NoSound	40	2	426291688
426296034	Triggered	2,37,38,39,40,41,	 NoSound	40	2	426296034
426296234	Triggered	2,37,38,39,40,41,	 File_beep1	40	2	426296234
426302583	Triggered	5,23,24,25,26,27,28,29,30,31,	 NoSound	40	2	426302583
426305324	Triggered	2,37,38,39,40,41,	 NoSound	40	2	426305324
426305524	Triggered	2,37,38,39,40,41,	 File_beep1	40	2	426305524
426311339	Triggered	5,23,24,25,26,27,28,29,30,31,	 NoSound	40	2	426311339
426314281	Triggered	2,37,38,39,40,41,	 NoSound	40	2	426314281
426314483	Triggered	2,37,38,39,40,41,	 File_beep1	40	2	426314483
426321231	Triggered	5,23,24,25,26,27,28,29,30,31,	 NoSound	40	2	426321231
426321433	Triggered	5,23,24,25,26,27,28,29,30,31,	 PureTone-1kHz	40	2	426321433
426324440	Triggered	8,52,53,54,55,56,	 NoSound	40	2	426324440
426324641	Triggered	8,52,53,54,55,56,	 File_beep1	40	2	426324641
426330790	Triggered	5,23,24,25,26,27,28,29,30,31,	 NoSound	40	2	426330790
426330991	Triggered	5,23,24,25,26,27,28,29,30,31,	 StopSoundShort	40	2	426330991
426344225	Triggered	1,14,15,16,17,18,19,20,21,22,	 NoSound	40	2	426344225
426347166	Triggered	6,47,48,49,50,51,	 NoSound	40	2	426347166
426347368	Triggered	6,47,48,49,50,51,	 File_beep4	40	2	426347368
426357594	Triggered	1,14,15,16,17,18,19,20,21,22,	 NoSound	40	2	426357594
426360210	Triggered	6,47,48,49,50,51,	 NoSound	40	2	426360210
426360413	Triggered	6,47,48,49,50,51,	 File_beep4	40	2	426360413
426371095	Triggered	1,14,15,16,17,18,19,20,21,22,	 NoSound	40	2	426371095
426373367	Triggered	6,47,48,49,50,51,	 NoSound	40	2	426373367
426373569	Triggered	6,47,48,49,50,51,	 File_beep4	40	2	426373569
426384397	Triggered	1,14,15,16,17,18,19,20,21,22,	 NoSound	40	2	426384397
426384599	Triggered	1,14,15,16,17,18,19,20,21,22,	 PureTone-1kHz	40	2	426384599
426386937	Triggered	6,47,48,49,50,51,	 NoSound	40	2	426386937
426387140	Triggered	6,47,48,49,50,51,	 File_beep4	40	2	426387140
426398032	Triggered	1,14,15,16,17,18,19,20,21,22,	 NoSound	40	2	426398032
426398232	Triggered	1,14,15,16,17,18,19,20,21,22,	 StopSoundShort	40	2	426398232
426416011	Triggered	5,23,24,25,26,27,28,29,30,31,	 NoSound	40	2	426416011
426418687	Triggered	8,52,53,54,55,56,	 NoSound	40	2	426418687
426428315	Triggered	5,23,24,25,26,27,28,29,30,31,	 NoSound	40	2	426428315
426431987	Triggered	8,52,53,54,55,56,	 NoSound	40	2	426431987
426436265	Triggered	5,23,24,25,26,27,28,29,30,31,	 NoSound	40	2	426436265
426440947	Triggered	8,52,53,54,55,56,	 NoSound	40	2	426440947
426459191	Triggered	5,23,24,25,26,27,28,29,30,31,	 NoSound	40	2	426459191
426459393	Triggered	5,23,24,25,26,27,28,29,30,31,	 PureTone-1kHz	40	2	426459393
426462466	Triggered	2,37,38,39,40,41,	 NoSound	40	2	426462466
426462668	Triggered	2,37,38,39,40,41,	 File_beep3	40	2	426462668
426472293	Triggered	5,23,24,25,26,27,28,29,30,31,	 NoSound	40	2	426472293
426472494	Triggered	5,23,24,25,26,27,28,29,30,31,	 StopSoundShort	40	2	426472494
426488001	Triggered	1,14,15,16,17,18,19,20,21,22,	 NoSound	40	2	426488001
426490806	Triggered	4,42,43,44,45,46,	 NoSound	40	2	426490806
426491008	Triggered	4,42,43,44,45,46,	 File_beep5	40	2	426491008
426504576	Triggered	1,14,15,16,17,18,19,20,21,22,	 NoSound	40	2	426504576
426507249	Triggered	4,42,43,44,45,46,	 NoSound	40	2	426507249
426507453	Triggered	4,42,43,44,45,46,	 File_beep5	40	2	426507453
426519483	Triggered	1,14,15,16,17,18,19,20,21,22,	 NoSound	40	2	426519483
426522625	Triggered	4,42,43,44,45,46,	 NoSound	40	2	426522625
426522827	Triggered	4,42,43,44,45,46,	 File_beep5	40	2	426522827
426534789	Triggered	1,14,15,16,17,18,19,20,21,22,	 NoSound	40	2	426534789
426534990	Triggered	1,14,15,16,17,18,19,20,21,22,	 PureTone-1kHz	40	2	426534990
426539534	Triggered	4,42,43,44,45,46,	 NoSound	40	2	426539534
426539736	Triggered	4,42,43,44,45,46,	 File_beep5	40	2	426539736
426554372	Triggered	1,14,15,16,17,18,19,20,21,22,	 NoSound	40	2	426554372
426554574	Triggered	1,14,15,16,17,18,19,20,21,22,	 StopSoundLong	40	2	426554574
426584049	Triggered	5,23,24,25,26,27,28,29,30,31,	 NoSound	40	2	426584049
426587057	Triggered	8,52,53,54,55,56,	 NoSound	40	2	426587057
426587258	Triggered	8,52,53,54,55,56,	 File_beep3	40	2	426587258
426594477	Triggered	5,23,24,25,26,27,28,29,30,31,	 NoSound	40	2	426594477
426597619	Triggered	8,52,53,54,55,56,	 NoSound	40	2	426597619
426597821	Triggered	8,52,53,54,55,56,	 File_beep3	40	2	426597821
426606509	Triggered	5,23,24,25,26,27,28,29,30,31,	 NoSound	40	2	426606509
426609383	Triggered	8,52,53,54,55,56,	 NoSound	40	2	426609383
426609586	Triggered	8,52,53,54,55,56,	 File_beep3	40	2	426609586
426616602	Triggered	5,23,24,25,26,27,28,29,30,31,	 NoSound	40	2	426616602
426616805	Triggered	5,23,24,25,26,27,28,29,30,31,	 PureTone-9kHz	40	2	426616805
426619409	Triggered	8,52,53,54,55,56,	 NoSound	40	2	426619409
426619610	Triggered	8,52,53,54,55,56,	 File_beep3	40	2	426619610
426627629	Triggered	5,23,24,25,26,27,28,29,30,31,	 NoSound	40	2	426627629
426627833	Triggered	5,23,24,25,26,27,28,29,30,31,	 PureTone-7kHz	40	2	426627833
426630771	Triggered	2,37,38,39,40,41,	 NoSound	40	2	426630771
426630973	Triggered	2,37,38,39,40,41,	 File_beep4	40	2	426630973
426642001	Triggered	5,23,24,25,26,27,28,29,30,31,	 NoSound	40	2	426642001
426642205	Triggered	5,23,24,25,26,27,28,29,30,31,	 PureTone-5kHz	40	2	426642205
426644875	Triggered	2,37,38,39,40,41,	 NoSound	40	2	426644875
426645077	Triggered	2,37,38,39,40,41,	 File_beep4	40	2	426645077
426654903	Triggered	5,23,24,25,26,27,28,29,30,31,	 NoSound	40	2	426654903
426655104	Triggered	5,23,24,25,26,27,28,29,30,31,	 PureTone-3kHz	40	2	426655104
426657776	Triggered	2,37,38,39,40,41,	 NoSound	40	2	426657776
426657978	Triggered	2,37,38,39,40,41,	 File_beep4	40	2	426657978
426667808	Triggered	5,23,24,25,26,27,28,29,30,31,	 NoSound	40	2	426667808
426668010	Triggered	5,23,24,25,26,27,28,29,30,31,	 PureTone-2kHz	40	2	426668010
426671145	Triggered	2,37,38,39,40,41,	 NoSound	40	2	426671145
426671348	Triggered	2,37,38,39,40,41,	 File_beep4	40	2	426671348
426681370	Triggered	5,23,24,25,26,27,28,29,30,31,	 NoSound	40	2	426681370
426681572	Triggered	5,23,24,25,26,27,28,29,30,31,	 PureTone-1kHz	40	2	426681572
426684445	Triggered	2,37,38,39,40,41,	 NoSound	40	2	426684445
426684648	Triggered	2,37,38,39,40,41,	 File_beep4	40	2	426684648
426695942	Triggered	5,23,24,25,26,27,28,29,30,31,	 NoSound	40	2	426695942
426696143	Triggered	5,23,24,25,26,27,28,29,30,31,	 StopSoundShort	40	2	426696143
426711384	Triggered	1,14,15,16,17,18,19,20,21,22,	 NoSound	40	2	426711384
426714256	Triggered	4,42,43,44,45,46,	 NoSound	40	2	426714256
426714457	Triggered	4,42,43,44,45,46,	 File_beep1	40	2	426714457
426720941	Triggered	1,14,15,16,17,18,19,20,21,22,	 NoSound	40	2	426720941
426724081	Triggered	4,42,43,44,45,46,	 NoSound	40	2	426724081
426724283	Triggered	4,42,43,44,45,46,	 File_beep1	40	2	426724283
426732236	Triggered	1,14,15,16,17,18,19,20,21,22,	 NoSound	40	2	426732236
426735311	Triggered	4,42,43,44,45,46,	 NoSound	40	2	426735311
426735511	Triggered	4,42,43,44,45,46,	 File_beep1	40	2	426735511
426741461	Triggered	1,14,15,16,17,18,19,20,21,22,	 NoSound	40	2	426741461
426741663	Triggered	1,14,15,16,17,18,19,20,21,22,	 PureTone-1kHz	40	2	426741663
426744810	Triggered	6,47,48,49,50,51,	 NoSound	40	2	426744810
426749748	Triggered	1,14,15,16,17,18,19,20,21,22,	 NoSound	40	2	426749748
426749950	Triggered	1,14,15,16,17,18,19,20,21,22,	 StopSoundLong	40	2	426749950
426765456	Triggered	5,23,24,25,26,27,28,29,30,31,	 NoSound	40	2	426765456
426768530	Triggered	2,37,38,39,40,41,	 NoSound	40	2	426768530
426773945	Triggered	5,23,24,25,26,27,28,29,30,31,	 NoSound	40	2	426773945
426777755	Triggered	2,37,38,39,40,41,	 NoSound	40	2	426777755
426782701	Triggered	5,23,24,25,26,27,28,29,30,31,	 NoSound	40	2	426782701
426788591	Triggered	2,37,38,39,40,41,	 NoSound	40	2	426788591
426795134	Triggered	5,23,24,25,26,27,28,29,30,31,	 NoSound	40	2	426795134
426795338	Triggered	5,23,24,25,26,27,28,29,30,31,	 PureTone-9kHz	40	2	426795338
426798408	Triggered	8,52,53,54,55,56,	 NoSound	40	2	426798408
426798610	Triggered	8,52,53,54,55,56,	 File_beep3	40	2	426798610
426806564	Triggered	5,23,24,25,26,27,28,29,30,31,	 NoSound	40	2	426806564
426806768	Triggered	5,23,24,25,26,27,28,29,30,31,	 PureTone-7kHz	40	2	426806768
426809838	Triggered	8,52,53,54,55,56,	 NoSound	40	2	426809838
426810040	Triggered	8,52,53,54,55,56,	 File_beep3	40	2	426810040
426817592	Triggered	5,23,24,25,26,27,28,29,30,31,	 NoSound	40	2	426817592
426817794	Triggered	5,23,24,25,26,27,28,29,30,31,	 PureTone-5kHz	40	2	426817794
426820666	Triggered	8,52,53,54,55,56,	 NoSound	40	2	426820666
426820868	Triggered	8,52,53,54,55,56,	 File_beep3	40	2	426820868
426831294	Triggered	5,23,24,25,26,27,28,29,30,31,	 NoSound	40	2	426831294
426831497	Triggered	5,23,24,25,26,27,28,29,30,31,	 PureTone-3kHz	40	2	426831497
426834375	Triggered	8,52,53,54,55,56,	 NoSound	40	2	426834375
426834577	Triggered	8,52,53,54,55,56,	 File_beep3	40	2	426834577
426844728	Triggered	5,23,24,25,26,27,28,29,30,31,	 NoSound	40	2	426844728
426844930	Triggered	5,23,24,25,26,27,28,29,30,31,	 PureTone-2kHz	40	2	426844930
426847811	Triggered	8,52,53,54,55,56,	 NoSound	40	2	426847811
426848014	Triggered	8,52,53,54,55,56,	 File_beep3	40	2	426848014
426857228	Triggered	5,23,24,25,26,27,28,29,30,31,	 NoSound	40	2	426857228
426857429	Triggered	5,23,24,25,26,27,28,29,30,31,	 PureTone-1kHz	40	2	426857429
426860705	Triggered	8,52,53,54,55,56,	 NoSound	40	2	426860705
426860906	Triggered	8,52,53,54,55,56,	 File_beep3	40	2	426860906
426869126	Triggered	5,23,24,25,26,27,28,29,30,31,	 NoSound	40	2	426869126
426869327	Triggered	5,23,24,25,26,27,28,29,30,31,	 StopSoundShort	40	2	426869327
426881491	Triggered	1,14,15,16,17,18,19,20,21,22,	 NoSound	40	2	426881491
426884633	Triggered	4,42,43,44,45,46,	 NoSound	40	2	426884633
426884835	Triggered	4,42,43,44,45,46,	 File_beep4	40	2	426884835
426896330	Triggered	1,14,15,16,17,18,19,20,21,22,	 NoSound	40	2	426896330
426899338	Triggered	4,42,43,44,45,46,	 NoSound	40	2	426899338
426899541	Triggered	4,42,43,44,45,46,	 File_beep4	40	2	426899541
426909498	Triggered	1,14,15,16,17,18,19,20,21,22,	 NoSound	40	2	426909498
426912572	Triggered	4,42,43,44,45,46,	 NoSound	40	2	426912572
426912787	Triggered	4,42,43,44,45,46,	 File_beep4	40	2	426912787
426925540	Triggered	1,14,15,16,17,18,19,20,21,22,	 NoSound	40	2	426925540
426925742	Triggered	1,14,15,16,17,18,19,20,21,22,	 PureTone-1kHz	40	2	426925742
426928548	Triggered	4,42,43,44,45,46,	 NoSound	40	2	426928548
426928762	Triggered	4,42,43,44,45,46,	 File_beep4	40	2	426928762
426938908	Triggered	1,14,15,16,17,18,19,20,21,22,	 NoSound	40	2	426938908
426939109	Triggered	1,14,15,16,17,18,19,20,21,22,	 StopSoundLong	40	2	426939109
426949268	Triggered	5,23,24,25,26,27,28,29,30,31,	 NoSound	40	2	426949268
426954347	Triggered	8,52,53,54,55,56,	 NoSound	40	2	426954347
426954549	Triggered	8,52,53,54,55,56,	 File_beep5	40	2	426954549
426968251	Triggered	5,23,24,25,26,27,28,29,30,31,	 NoSound	40	2	426968251
426971460	Triggered	8,52,53,54,55,56,	 NoSound	40	2	426971460
426971664	Triggered	8,52,53,54,55,56,	 File_beep5	40	2	426971664
426984292	Triggered	5,23,24,25,26,27,28,29,30,31,	 NoSound	40	2	426984292
426987099	Triggered	8,52,53,54,55,56,	 NoSound	40	2	426987099
426987301	Triggered	8,52,53,54,55,56,	 File_beep5	40	2	426987301
427001738	Triggered	5,23,24,25,26,27,28,29,30,31,	 NoSound	40	2	427001738
427001943	Triggered	5,23,24,25,26,27,28,29,30,31,	 PureTone-9kHz	40	2	427001943
427004813	Triggered	8,52,53,54,55,56,	 NoSound	40	2	427004813
427005015	Triggered	8,52,53,54,55,56,	 File_beep5	40	2	427005015
427018582	Triggered	5,23,24,25,26,27,28,29,30,31,	 NoSound	40	2	427018582
427018785	Triggered	5,23,24,25,26,27,28,29,30,31,	 PureTone-7kHz	40	2	427018785
427022139	Triggered	8,52,53,54,55,56,	 NoSound	40	2	427022139
427022341	Triggered	8,52,53,54,55,56,	 File_beep5	40	2	427022341
427038701	Triggered	5,23,24,25,26,27,28,29,30,31,	 NoSound	40	2	427038701
427038902	Triggered	5,23,24,25,26,27,28,29,30,31,	 PureTone-5kHz	40	2	427038902
427041844	Triggered	8,52,53,54,55,56,	 NoSound	40	2	427041844
427042047	Triggered	8,52,53,54,55,56,	 File_beep5	40	2	427042047
427055946	Triggered	5,23,24,25,26,27,28,29,30,31,	 NoSound	40	2	427055946
427056148	Triggered	5,23,24,25,26,27,28,29,30,31,	 PureTone-3kHz	40	2	427056148
427058820	Triggered	8,52,53,54,55,56,	 NoSound	40	2	427058820
427059021	Triggered	8,52,53,54,55,56,	 File_beep5	40	2	427059021
427072255	Triggered	5,23,24,25,26,27,28,29,30,31,	 NoSound	40	2	427072255
427072458	Triggered	5,23,24,25,26,27,28,29,30,31,	 PureTone-2kHz	40	2	427072458
427075664	Triggered	8,52,53,54,55,56,	 NoSound	40	2	427075664
427075867	Triggered	8,52,53,54,55,56,	 File_beep5	40	2	427075867
427091706	Triggered	5,23,24,25,26,27,28,29,30,31,	 NoSound	40	2	427091706
427091907	Triggered	5,23,24,25,26,27,28,29,30,31,	 PureTone-1kHz	40	2	427091907
427094914	Triggered	8,52,53,54,55,56,	 NoSound	40	2	427094914
427095117	Triggered	8,52,53,54,55,56,	 File_beep5	40	2	427095117
427109554	Triggered	5,23,24,25,26,27,28,29,30,31,	 NoSound	40	2	427109554
427109755	Triggered	5,23,24,25,26,27,28,29,30,31,	 StopSoundShort	40	2	427109755
427123602	Triggered	1,14,15,16,17,18,19,20,21,22,	 NoSound	40	2	427123602
427127000	Triggered	4,42,43,44,45,46,	 NoSound	40	2	427127000
427127202	Triggered	4,42,43,44,45,46,	 File_beep2	40	2	427127202
427137158	Triggered	1,14,15,16,17,18,19,20,21,22,	 NoSound	40	2	427137158
427140566	Triggered	4,42,43,44,45,46,	 NoSound	40	2	427140566
427140768	Triggered	4,42,43,44,45,46,	 File_beep2	40	2	427140768
427148721	Triggered	1,14,15,16,17,18,19,20,21,22,	 NoSound	40	2	427148721
427152196	Triggered	4,42,43,44,45,46,	 NoSound	40	2	427152196
427152398	Triggered	4,42,43,44,45,46,	 File_beep2	40	2	427152398
427161227	Triggered	1,14,15,16,17,18,19,20,21,22,	 NoSound	40	2	427161227
427161428	Triggered	1,14,15,16,17,18,19,20,21,22,	 PureTone-1kHz	40	2	427161428
427165031	Triggered	4,42,43,44,45,46,	 NoSound	40	2	427165031
427165232	Triggered	4,42,43,44,45,46,	 File_beep2	40	2	427165232
427173053	Triggered	1,14,15,16,17,18,19,20,21,22,	 NoSound	40	2	427173053
427173255	Triggered	1,14,15,16,17,18,19,20,21,22,	 StopSoundLong	40	2	427173255
427186754	Triggered	5,23,24,25,26,27,28,29,30,31,	 NoSound	40	2	427186754
427189829	Triggered	2,37,38,39,40,41,	 NoSound	40	2	427189829
427190044	Triggered	2,37,38,39,40,41,	 File_beep5	40	2	427190044
427200857	Triggered	5,23,24,25,26,27,28,29,30,31,	 NoSound	40	2	427200857
427203665	Triggered	2,37,38,39,40,41,	 NoSound	40	2	427203665
427203867	Triggered	2,37,38,39,40,41,	 File_beep5	40	2	427203867
427216765	Triggered	5,23,24,25,26,27,28,29,30,31,	 NoSound	40	2	427216765
427219572	Triggered	2,37,38,39,40,41,	 NoSound	40	2	427219572
427219774	Triggered	2,37,38,39,40,41,	 File_beep5	40	2	427219774
427233143	Triggered	5,23,24,25,26,27,28,29,30,31,	 NoSound	40	2	427233143
427233359	Triggered	5,23,24,25,26,27,28,29,30,31,	 PureTone-9kHz	40	2	427233359
427236082	Triggered	2,37,38,39,40,41,	 NoSound	40	2	427236082
427236296	Triggered	2,37,38,39,40,41,	 File_beep5	40	2	427236296
427251055	Triggered	5,23,24,25,26,27,28,29,30,31,	 NoSound	40	2	427251055
427251258	Triggered	5,23,24,25,26,27,28,29,30,31,	 PureTone-7kHz	40	2	427251258
427254196	Triggered	2,37,38,39,40,41,	 NoSound	40	2	427254196
427254399	Triggered	2,37,38,39,40,41,	 File_beep5	40	2	427254399
427266762	Triggered	5,23,24,25,26,27,28,29,30,31,	 NoSound	40	2	427266762
427266965	Triggered	5,23,24,25,26,27,28,29,30,31,	 PureTone-5kHz	40	2	427266965
427269904	Triggered	2,37,38,39,40,41,	 NoSound	40	2	427269904
427270108	Triggered	2,37,38,39,40,41,	 File_beep5	40	2	427270108
427282536	Triggered	5,23,24,25,26,27,28,29,30,31,	 NoSound	40	2	427282536
427282738	Triggered	5,23,24,25,26,27,28,29,30,31,	 PureTone-3kHz	40	2	427282738
427285545	Triggered	2,37,38,39,40,41,	 NoSound	40	2	427285545
427285747	Triggered	2,37,38,39,40,41,	 File_beep5	40	2	427285747
427298912	Triggered	5,23,24,25,26,27,28,29,30,31,	 NoSound	40	2	427298912
427299126	Triggered	5,23,24,25,26,27,28,29,30,31,	 PureTone-2kHz	40	2	427299126
427301653	Triggered	2,37,38,39,40,41,	 NoSound	40	2	427301653
427301855	Triggered	2,37,38,39,40,41,	 File_beep5	40	2	427301855
427315622	Triggered	5,23,24,25,26,27,28,29,30,31,	 NoSound	40	2	427315622
427315823	Triggered	5,23,24,25,26,27,28,29,30,31,	 PureTone-1kHz	40	2	427315823
427318965	Triggered	2,37,38,39,40,41,	 NoSound	40	2	427318965
427319168	Triggered	2,37,38,39,40,41,	 File_beep5	40	2	427319168
427332600	Triggered	5,23,24,25,26,27,28,29,30,31,	 NoSound	40	2	427332600
427332801	Triggered	5,23,24,25,26,27,28,29,30,31,	 StopSoundShort	40	2	427332801
427347906	Triggered	1,14,15,16,17,18,19,20,21,22,	 NoSound	40	2	427347906
427351049	Triggered	6,47,48,49,50,51,	 NoSound	40	2	427351049
427351251	Triggered	6,47,48,49,50,51,	 File_beep5	40	2	427351251
427363548	Triggered	1,14,15,16,17,18,19,20,21,22,	 NoSound	40	2	427363548
427366488	Triggered	6,47,48,49,50,51,	 NoSound	40	2	427366488
427366691	Triggered	6,47,48,49,50,51,	 File_beep5	40	2	427366691
427378854	Triggered	1,14,15,16,17,18,19,20,21,22,	 NoSound	40	2	427378854
427381728	Triggered	6,47,48,49,50,51,	 NoSound	40	2	427381728
427381929	Triggered	6,47,48,49,50,51,	 File_beep5	40	2	427381929
427395900	Triggered	1,14,15,16,17,18,19,20,21,22,	 NoSound	40	2	427395900
427396101	Triggered	1,14,15,16,17,18,19,20,21,22,	 PureTone-1kHz	40	2	427396101
427399374	Triggered	6,47,48,49,50,51,	 NoSound	40	2	427399374
427399577	Triggered	6,47,48,49,50,51,	 File_beep5	40	2	427399577
427413344	Triggered	1,14,15,16,17,18,19,20,21,22,	 NoSound	40	2	427413344
427413546	Triggered	1,14,15,16,17,18,19,20,21,22,	 StopSoundLong	40	2	427413546
427425509	Triggered	5,23,24,25,26,27,28,29,30,31,	 NoSound	40	2	427425509
427428851	Triggered	8,52,53,54,55,56,	 NoSound	40	2	427428851
427429053	Triggered	8,52,53,54,55,56,	 File_beep4	40	2	427429053
427438810	Triggered	5,23,24,25,26,27,28,29,30,31,	 NoSound	40	2	427438810
427442087	Triggered	8,52,53,54,55,56,	 NoSound	40	2	427442087
427442289	Triggered	8,52,53,54,55,56,	 File_beep4	40	2	427442289
427453918	Triggered	5,23,24,25,26,27,28,29,30,31,	 NoSound	40	2	427453918
427457125	Triggered	8,52,53,54,55,56,	 NoSound	40	2	427457125
427457327	Triggered	8,52,53,54,55,56,	 File_beep4	40	2	427457327
427468623	Triggered	5,23,24,25,26,27,28,29,30,31,	 NoSound	40	2	427468623
427468825	Triggered	5,23,24,25,26,27,28,29,30,31,	 PureTone-9kHz	40	2	427468825
427471964	Triggered	8,52,53,54,55,56,	 NoSound	40	2	427471964
427472166	Triggered	8,52,53,54,55,56,	 File_beep4	40	2	427472166
427481926	Triggered	5,23,24,25,26,27,28,29,30,31,	 NoSound	40	2	427481926
427482130	Triggered	5,23,24,25,26,27,28,29,30,31,	 PureTone-7kHz	40	2	427482130
427485265	Triggered	8,52,53,54,55,56,	 NoSound	40	2	427485265
427485467	Triggered	8,52,53,54,55,56,	 File_beep4	40	2	427485467
427494432	Triggered	5,23,24,25,26,27,28,29,30,31,	 NoSound	40	2	427494432
427494635	Triggered	5,23,24,25,26,27,28,29,30,31,	 PureTone-5kHz	40	2	427494635
427497765	Triggered	8,52,53,54,55,56,	 NoSound	40	2	427497765
427497967	Triggered	8,52,53,54,55,56,	 File_beep4	40	2	427497967
427507121	Triggered	5,23,24,25,26,27,28,29,30,31,	 NoSound	40	2	427507121
427507324	Triggered	5,23,24,25,26,27,28,29,30,31,	 PureTone-3kHz	40	2	427507324
427510463	Triggered	8,52,53,54,55,56,	 NoSound	40	2	427510463
427510667	Triggered	8,52,53,54,55,56,	 File_beep4	40	2	427510667
427519955	Triggered	5,23,24,25,26,27,28,29,30,31,	 NoSound	40	2	427519955
427520157	Triggered	5,23,24,25,26,27,28,29,30,31,	 PureTone-2kHz	40	2	427520157
427523299	Triggered	8,52,53,54,55,56,	 NoSound	40	2	427523299
427523501	Triggered	8,52,53,54,55,56,	 File_beep4	40	2	427523501
427535195	Triggered	5,23,24,25,26,27,28,29,30,31,	 NoSound	40	2	427535195
427535398	Triggered	5,23,24,25,26,27,28,29,30,31,	 PureTone-1kHz	40	2	427535398
427538805	Triggered	8,52,53,54,55,56,	 NoSound	40	2	427538805
427539007	Triggered	8,52,53,54,55,56,	 File_beep4	40	2	427539007
427549637	Triggered	5,23,24,25,26,27,28,29,30,31,	 NoSound	40	2	427549637
427549838	Triggered	5,23,24,25,26,27,28,29,30,31,	 StopSoundShort	40	2	427549838
