Ver1.3	2043856374	StartFile	3/5/2021	10:18:34 AM	E:\BehavioralExperiments\Twenty\Horizon\RawData\030521\SoundData.txt	2043856374
2044238909	Triggered	5,23,24,25,26,27,28,29,30,31,	 NoSound	40	2	2044238909
2044239111	Triggered	5,23,24,25,26,27,28,29,30,31,	 StopSoundShort	40	2	2044239111
2044254884	Triggered	6,47,48,49,50,51,	 NoSound	40	2	2044254884
2044255087	Triggered	6,47,48,49,50,51,	 File_beep2	40	2	2044255087
2044265780	Triggered	1,14,15,16,17,18,19,20,21,22,	 NoSound	40	2	2044265780
2044270797	Triggered	6,47,48,49,50,51,	 NoSound	40	2	2044270797
2044270999	Triggered	6,47,48,49,50,51,	 File_beep2	40	2	2044270999
2044284701	Triggered	1,14,15,16,17,18,19,20,21,22,	 NoSound	40	2	2044284701
2044287770	Triggered	6,47,48,49,50,51,	 NoSound	40	2	2044287770
2044287972	Triggered	6,47,48,49,50,51,	 File_beep2	40	2	2044287972
2044296794	Triggered	1,14,15,16,17,18,19,20,21,22,	 NoSound	40	2	2044296794
2044296998	Triggered	1,14,15,16,17,18,19,20,21,22,	 PureTone-11kHz	40	2	2044296998
2044301941	Triggered	6,47,48,49,50,51,	 NoSound	40	2	2044301941
2044302143	Triggered	6,47,48,49,50,51,	 File_beep2	40	2	2044302143
2044311432	Triggered	1,14,15,16,17,18,19,20,21,22,	 NoSound	40	2	2044311432
2044311637	Triggered	1,14,15,16,17,18,19,20,21,22,	 PureTone-11kHz	40	2	2044311637
2044314974	Triggered	6,47,48,49,50,51,	 NoSound	40	2	2044314974
2044315176	Triggered	6,47,48,49,50,51,	 File_beep2	40	2	2044315176
2044325737	Triggered	1,14,15,16,17,18,19,20,21,22,	 NoSound	40	2	2044325737
2044325941	Triggered	1,14,15,16,17,18,19,20,21,22,	 PureTone-11kHz	40	2	2044325941
2044329077	Triggered	6,47,48,49,50,51,	 NoSound	40	2	2044329077
2044329279	Triggered	6,47,48,49,50,51,	 File_beep2	40	2	2044329279
2044339238	Triggered	1,14,15,16,17,18,19,20,21,22,	 NoSound	40	2	2044339238
2044339453	Triggered	1,14,15,16,17,18,19,20,21,22,	 PureTone-11kHz	40	2	2044339453
2044342514	Triggered	6,47,48,49,50,51,	 NoSound	40	2	2044342514
2044342715	Triggered	6,47,48,49,50,51,	 File_beep2	40	2	2044342715
2044351202	Triggered	1,14,15,16,17,18,19,20,21,22,	 NoSound	40	2	2044351202
2044351406	Triggered	1,14,15,16,17,18,19,20,21,22,	 PureTone-11kHz	40	2	2044351406
2044354544	Triggered	6,47,48,49,50,51,	 NoSound	40	2	2044354544
2044354746	Triggered	6,47,48,49,50,51,	 File_beep2	40	2	2044354746
2044364770	Triggered	1,14,15,16,17,18,19,20,21,22,	 NoSound	40	2	2044364770
2044364972	Triggered	1,14,15,16,17,18,19,20,21,22,	 PureTone-11kHz	40	2	2044364972
2044368180	Triggered	6,47,48,49,50,51,	 NoSound	40	2	2044368180
2044368381	Triggered	6,47,48,49,50,51,	 File_beep2	40	2	2044368381
2044392644	Triggered	1,14,15,16,17,18,19,20,21,22,	 NoSound	40	2	2044392644
2044392850	Triggered	1,14,15,16,17,18,19,20,21,22,	 PureTone-11kHz	40	2	2044392850
2044396189	Triggered	6,47,48,49,50,51,	 NoSound	40	2	2044396189
2044396391	Triggered	6,47,48,49,50,51,	 File_beep2	40	2	2044396391
2044404142	Triggered	1,14,15,16,17,18,19,20,21,22,	 NoSound	40	2	2044404142
2044404345	Triggered	1,14,15,16,17,18,19,20,21,22,	 PureTone-11kHz	40	2	2044404345
2044407293	Triggered	6,47,48,49,50,51,	 NoSound	40	2	2044407293
2044407495	Triggered	6,47,48,49,50,51,	 File_beep2	40	2	2044407495
2044415235	Triggered	1,14,15,16,17,18,19,20,21,22,	 NoSound	40	2	2044415235
2044415437	Triggered	1,14,15,16,17,18,19,20,21,22,	 PureTone-11kHz	40	2	2044415437
2044419447	Triggered	4,42,43,44,45,46,	 NoSound	40	2	2044419447
2044419648	Triggered	4,42,43,44,45,46,	 File_beep3	40	2	2044419648
2044429340	Triggered	1,14,15,16,17,18,19,20,21,22,	 NoSound	40	2	2044429340
2044429543	Triggered	1,14,15,16,17,18,19,20,21,22,	 PureTone-9kHz	40	2	2044429543
2044432548	Triggered	6,47,48,49,50,51,	 NoSound	40	2	2044432548
2044432750	Triggered	6,47,48,49,50,51,	 File_beep2	40	2	2044432750
2044439766	Triggered	1,14,15,16,17,18,19,20,21,22,	 NoSound	40	2	2044439766
2044439970	Triggered	1,14,15,16,17,18,19,20,21,22,	 PureTone-7kHz	40	2	2044439970
2044443308	Triggered	6,47,48,49,50,51,	 NoSound	40	2	2044443308
2044443509	Triggered	6,47,48,49,50,51,	 File_beep2	40	2	2044443509
2044453201	Triggered	1,14,15,16,17,18,19,20,21,22,	 NoSound	40	2	2044453201
2044453405	Triggered	1,14,15,16,17,18,19,20,21,22,	 PureTone-5kHz	40	2	2044453405
2044457347	Triggered	6,47,48,49,50,51,	 NoSound	40	2	2044457347
2044457548	Triggered	6,47,48,49,50,51,	 File_beep2	40	2	2044457548
2044467037	Triggered	1,14,15,16,17,18,19,20,21,22,	 NoSound	40	2	2044467037
2044467240	Triggered	1,14,15,16,17,18,19,20,21,22,	 PureTone-3kHz	40	2	2044467240
2044471717	Triggered	6,47,48,49,50,51,	 NoSound	40	2	2044471717
2044471919	Triggered	6,47,48,49,50,51,	 File_beep2	40	2	2044471919
2044480339	Triggered	1,14,15,16,17,18,19,20,21,22,	 NoSound	40	2	2044480339
2044480551	Triggered	1,14,15,16,17,18,19,20,21,22,	 PureTone-2kHz	40	2	2044480551
2044485028	Triggered	6,47,48,49,50,51,	 NoSound	40	2	2044485028
2044485229	Triggered	6,47,48,49,50,51,	 File_beep2	40	2	2044485229
2044494844	Triggered	1,14,15,16,17,18,19,20,21,22,	 NoSound	40	2	2044494844
2044495047	Triggered	1,14,15,16,17,18,19,20,21,22,	 PureTone-1kHz	40	2	2044495047
2044498853	Triggered	6,47,48,49,50,51,	 NoSound	40	2	2044498853
2044499055	Triggered	6,47,48,49,50,51,	 File_beep2	40	2	2044499055
2044512890	Triggered	1,14,15,16,17,18,19,20,21,22,	 NoSound	40	2	2044512890
2044513091	Triggered	1,14,15,16,17,18,19,20,21,22,	 StopSoundShort	40	2	2044513091
2044525857	Triggered	5,23,24,25,26,27,28,29,30,31,	 NoSound	40	2	2044525857
2044529267	Triggered	2,37,38,39,40,41,	 NoSound	40	2	2044529267
2044529469	Triggered	2,37,38,39,40,41,	 File_beep3	40	2	2044529469
2044537622	Triggered	5,23,24,25,26,27,28,29,30,31,	 NoSound	40	2	2044537622
2044540697	Triggered	2,37,38,39,40,41,	 NoSound	40	2	2044540697
2044540898	Triggered	2,37,38,39,40,41,	 File_beep3	40	2	2044540898
2044549319	Triggered	5,23,24,25,26,27,28,29,30,31,	 NoSound	40	2	2044549319
2044552527	Triggered	2,37,38,39,40,41,	 NoSound	40	2	2044552527
2044552729	Triggered	2,37,38,39,40,41,	 File_beep3	40	2	2044552729
2044560482	Triggered	5,23,24,25,26,27,28,29,30,31,	 NoSound	40	2	2044560482
2044560686	Triggered	5,23,24,25,26,27,28,29,30,31,	 PureTone-11kHz	40	2	2044560686
2044563822	Triggered	2,37,38,39,40,41,	 NoSound	40	2	2044563822
2044564034	Triggered	2,37,38,39,40,41,	 File_beep3	40	2	2044564034
2044572244	Triggered	5,23,24,25,26,27,28,29,30,31,	 NoSound	40	2	2044572244
2044572449	Triggered	5,23,24,25,26,27,28,29,30,31,	 PureTone-11kHz	40	2	2044572449
2044577925	Triggered	2,37,38,39,40,41,	 NoSound	40	2	2044577925
2044578128	Triggered	2,37,38,39,40,41,	 File_beep3	40	2	2044578128
2044586081	Triggered	5,23,24,25,26,27,28,29,30,31,	 NoSound	40	2	2044586081
2044586285	Triggered	5,23,24,25,26,27,28,29,30,31,	 PureTone-11kHz	40	2	2044586285
2044589958	Triggered	2,37,38,39,40,41,	 NoSound	40	2	2044589958
2044590160	Triggered	2,37,38,39,40,41,	 File_beep3	40	2	2044590160
2044596922	Triggered	5,23,24,25,26,27,28,29,30,31,	 NoSound	40	2	2044596922
2044597126	Triggered	5,23,24,25,26,27,28,29,30,31,	 PureTone-11kHz	40	2	2044597126
2044616227	Triggered	2,37,38,39,40,41,	 NoSound	40	2	2044616227
2044616428	Triggered	2,37,38,39,40,41,	 File_beep3	40	2	2044616428
2044624716	Triggered	5,23,24,25,26,27,28,29,30,31,	 NoSound	40	2	2044624716
2044624922	Triggered	5,23,24,25,26,27,28,29,30,31,	 PureTone-11kHz	40	2	2044624922
2044627467	Triggered	2,37,38,39,40,41,	 NoSound	40	2	2044627467
2044627669	Triggered	2,37,38,39,40,41,	 File_beep3	40	2	2044627669
2044635612	Triggered	5,23,24,25,26,27,28,29,30,31,	 NoSound	40	2	2044635612
2044635817	Triggered	5,23,24,25,26,27,28,29,30,31,	 PureTone-11kHz	40	2	2044635817
2044638551	Triggered	2,37,38,39,40,41,	 NoSound	40	2	2044638551
2044638753	Triggered	2,37,38,39,40,41,	 File_beep3	40	2	2044638753
2044646706	Triggered	5,23,24,25,26,27,28,29,30,31,	 NoSound	40	2	2044646706
2044646910	Triggered	5,23,24,25,26,27,28,29,30,31,	 PureTone-11kHz	40	2	2044646910
2044649855	Triggered	2,37,38,39,40,41,	 NoSound	40	2	2044649855
2044650057	Triggered	2,37,38,39,40,41,	 File_beep3	40	2	2044650057
2044658202	Triggered	5,23,24,25,26,27,28,29,30,31,	 NoSound	40	2	2044658202
2044658404	Triggered	5,23,24,25,26,27,28,29,30,31,	 PureTone-11kHz	40	2	2044658404
2044661276	Triggered	2,37,38,39,40,41,	 NoSound	40	2	2044661276
2044661478	Triggered	2,37,38,39,40,41,	 File_beep3	40	2	2044661478
2044669766	Triggered	5,23,24,25,26,27,28,29,30,31,	 NoSound	40	2	2044669766
2044669968	Triggered	5,23,24,25,26,27,28,29,30,31,	 PureTone-11kHz	40	2	2044669968
2044673041	Triggered	2,37,38,39,40,41,	 NoSound	40	2	2044673041
2044673243	Triggered	2,37,38,39,40,41,	 File_beep3	40	2	2044673243
2044682599	Triggered	5,23,24,25,26,27,28,29,30,31,	 NoSound	40	2	2044682599
2044682813	Triggered	5,23,24,25,26,27,28,29,30,31,	 PureTone-9kHz	40	2	2044682813
2044686141	Triggered	2,37,38,39,40,41,	 NoSound	40	2	2044686141
2044686344	Triggered	2,37,38,39,40,41,	 File_beep3	40	2	2044686344
2044694698	Triggered	5,23,24,25,26,27,28,29,30,31,	 NoSound	40	2	2044694698
2044694902	Triggered	5,23,24,25,26,27,28,29,30,31,	 PureTone-7kHz	40	2	2044694902
2044698374	Triggered	2,37,38,39,40,41,	 NoSound	40	2	2044698374
2044698575	Triggered	2,37,38,39,40,41,	 File_beep3	40	2	2044698575
2044706597	Triggered	5,23,24,25,26,27,28,29,30,31,	 NoSound	40	2	2044706597
2044706801	Triggered	5,23,24,25,26,27,28,29,30,31,	 PureTone-5kHz	40	2	2044706801
2044709804	Triggered	2,37,38,39,40,41,	 NoSound	40	2	2044709804
2044710019	Triggered	2,37,38,39,40,41,	 File_beep3	40	2	2044710019
2044717691	Triggered	5,23,24,25,26,27,28,29,30,31,	 NoSound	40	2	2044717691
2044717904	Triggered	5,23,24,25,26,27,28,29,30,31,	 PureTone-3kHz	40	2	2044717904
2044721032	Triggered	2,37,38,39,40,41,	 NoSound	40	2	2044721032
2044721245	Triggered	2,37,38,39,40,41,	 File_beep3	40	2	2044721245
2044730190	Triggered	5,23,24,25,26,27,28,29,30,31,	 NoSound	40	2	2044730190
2044730392	Triggered	5,23,24,25,26,27,28,29,30,31,	 PureTone-2kHz	40	2	2044730392
2044733666	Triggered	2,37,38,39,40,41,	 NoSound	40	2	2044733666
2044733868	Triggered	2,37,38,39,40,41,	 File_beep3	40	2	2044733868
2044742355	Triggered	5,23,24,25,26,27,28,29,30,31,	 NoSound	40	2	2044742355
2044742558	Triggered	5,23,24,25,26,27,28,29,30,31,	 PureTone-1kHz	40	2	2044742558
2044746232	Triggered	2,37,38,39,40,41,	 NoSound	40	2	2044746232
2044746434	Triggered	2,37,38,39,40,41,	 File_beep3	40	2	2044746434
2044754254	Triggered	5,23,24,25,26,27,28,29,30,31,	 NoSound	40	2	2044754254
2044754456	Triggered	5,23,24,25,26,27,28,29,30,31,	 StopSoundShort	40	2	2044754456
2044765415	Triggered	1,14,15,16,17,18,19,20,21,22,	 NoSound	40	2	2044765415
2044768623	Triggered	4,42,43,44,45,46,	 NoSound	40	2	2044768623
2044768823	Triggered	4,42,43,44,45,46,	 File_beep2	40	2	2044768823
2044777245	Triggered	1,14,15,16,17,18,19,20,21,22,	 NoSound	40	2	2044777245
2044780528	Triggered	4,42,43,44,45,46,	 NoSound	40	2	2044780528
2044780730	Triggered	4,42,43,44,45,46,	 File_beep2	40	2	2044780730
2044788676	Triggered	1,14,15,16,17,18,19,20,21,22,	 NoSound	40	2	2044788676
2044791818	Triggered	4,42,43,44,45,46,	 NoSound	40	2	2044791818
2044792019	Triggered	4,42,43,44,45,46,	 File_beep2	40	2	2044792019
2044805519	Triggered	1,14,15,16,17,18,19,20,21,22,	 NoSound	40	2	2044805519
2044805724	Triggered	1,14,15,16,17,18,19,20,21,22,	 PureTone-11kHz	40	2	2044805724
2044808861	Triggered	6,47,48,49,50,51,	 NoSound	40	2	2044808861
2044809063	Triggered	6,47,48,49,50,51,	 File_beep2	40	2	2044809063
2044817351	Triggered	1,14,15,16,17,18,19,20,21,22,	 NoSound	40	2	2044817351
2044817555	Triggered	1,14,15,16,17,18,19,20,21,22,	 PureTone-11kHz	40	2	2044817555
2044820558	Triggered	6,47,48,49,50,51,	 NoSound	40	2	2044820558
2044820760	Triggered	6,47,48,49,50,51,	 File_beep2	40	2	2044820760
2044827376	Triggered	1,14,15,16,17,18,19,20,21,22,	 NoSound	40	2	2044827376
2044827581	Triggered	1,14,15,16,17,18,19,20,21,22,	 PureTone-11kHz	40	2	2044827581
2044830919	Triggered	6,47,48,49,50,51,	 NoSound	40	2	2044830919
2044831121	Triggered	6,47,48,49,50,51,	 File_beep2	40	2	2044831121
2044838608	Triggered	1,14,15,16,17,18,19,20,21,22,	 NoSound	40	2	2044838608
2044838812	Triggered	1,14,15,16,17,18,19,20,21,22,	 PureTone-11kHz	40	2	2044838812
2044842215	Triggered	6,47,48,49,50,51,	 NoSound	40	2	2044842215
2044842427	Triggered	6,47,48,49,50,51,	 File_beep2	40	2	2044842427
2044851373	Triggered	1,14,15,16,17,18,19,20,21,22,	 NoSound	40	2	2044851373
2044851575	Triggered	1,14,15,16,17,18,19,20,21,22,	 PureTone-11kHz	40	2	2044851575
2044854582	Triggered	6,47,48,49,50,51,	 NoSound	40	2	2044854582
2044854782	Triggered	6,47,48,49,50,51,	 File_beep2	40	2	2044854782
2044870822	Triggered	1,14,15,16,17,18,19,20,21,22,	 NoSound	40	2	2044870822
2044871026	Triggered	1,14,15,16,17,18,19,20,21,22,	 PureTone-11kHz	40	2	2044871026
2044874567	Triggered	6,47,48,49,50,51,	 NoSound	40	2	2044874567
2044874769	Triggered	6,47,48,49,50,51,	 File_beep2	40	2	2044874769
2044882657	Triggered	1,14,15,16,17,18,19,20,21,22,	 NoSound	40	2	2044882657
2044882860	Triggered	1,14,15,16,17,18,19,20,21,22,	 PureTone-11kHz	40	2	2044882860
2044886070	Triggered	6,47,48,49,50,51,	 NoSound	40	2	2044886070
2044886271	Triggered	6,47,48,49,50,51,	 File_beep2	40	2	2044886271
2044894217	Triggered	1,14,15,16,17,18,19,20,21,22,	 NoSound	40	2	2044894217
2044894422	Triggered	1,14,15,16,17,18,19,20,21,22,	 PureTone-11kHz	40	2	2044894422
2044897827	Triggered	6,47,48,49,50,51,	 NoSound	40	2	2044897827
2044898029	Triggered	6,47,48,49,50,51,	 File_beep2	40	2	2044898029
2044906115	Triggered	1,14,15,16,17,18,19,20,21,22,	 NoSound	40	2	2044906115
2044906318	Triggered	1,14,15,16,17,18,19,20,21,22,	 PureTone-11kHz	40	2	2044906318
2044910459	Triggered	6,47,48,49,50,51,	 NoSound	40	2	2044910459
2044910660	Triggered	6,47,48,49,50,51,	 File_beep2	40	2	2044910660
2044918280	Triggered	1,14,15,16,17,18,19,20,21,22,	 NoSound	40	2	2044918280
2044918495	Triggered	1,14,15,16,17,18,19,20,21,22,	 PureTone-9kHz	40	2	2044918495
2044921755	Triggered	4,42,43,44,45,46,	 NoSound	40	2	2044921755
2044921957	Triggered	4,42,43,44,45,46,	 File_beep2	40	2	2044921957
2044930512	Triggered	1,14,15,16,17,18,19,20,21,22,	 NoSound	40	2	2044930512
2044930718	Triggered	1,14,15,16,17,18,19,20,21,22,	 PureTone-7kHz	40	2	2044930718
2044934001	Triggered	4,42,43,44,45,46,	 NoSound	40	2	2044934001
2044934207	Triggered	4,42,43,44,45,46,	 File_beep2	40	2	2044934207
2044943612	Triggered	1,14,15,16,17,18,19,20,21,22,	 NoSound	40	2	2044943612
2044943816	Triggered	1,14,15,16,17,18,19,20,21,22,	 PureTone-5kHz	40	2	2044943816
2044946754	Triggered	4,42,43,44,45,46,	 NoSound	40	2	2044946754
2044946955	Triggered	4,42,43,44,45,46,	 File_beep2	40	2	2044946955
2044955577	Triggered	1,14,15,16,17,18,19,20,21,22,	 NoSound	40	2	2044955577
2044955779	Triggered	1,14,15,16,17,18,19,20,21,22,	 PureTone-3kHz	40	2	2044955779
2044959119	Triggered	6,47,48,49,50,51,	 NoSound	40	2	2044959119
2044959320	Triggered	6,47,48,49,50,51,	 File_beep2	40	2	2044959320
2044966807	Triggered	1,14,15,16,17,18,19,20,21,22,	 NoSound	40	2	2044966807
2044967009	Triggered	1,14,15,16,17,18,19,20,21,22,	 PureTone-2kHz	40	2	2044967009
2044970616	Triggered	6,47,48,49,50,51,	 NoSound	40	2	2044970616
2044970818	Triggered	6,47,48,49,50,51,	 File_beep2	40	2	2044970818
2044979385	Triggered	1,14,15,16,17,18,19,20,21,22,	 NoSound	40	2	2044979385
2044979586	Triggered	1,14,15,16,17,18,19,20,21,22,	 PureTone-1kHz	40	2	2044979586
2044983048	Triggered	6,47,48,49,50,51,	 NoSound	40	2	2044983048
2044983249	Triggered	6,47,48,49,50,51,	 File_beep2	40	2	2044983249
2044991202	Triggered	1,14,15,16,17,18,19,20,21,22,	 NoSound	40	2	2044991202
2044991403	Triggered	1,14,15,16,17,18,19,20,21,22,	 StopSoundShort	40	2	2044991403
2045004974	Triggered	2,37,38,39,40,41,	 NoSound	40	2	2045004974
2045011789	Triggered	5,23,24,25,26,27,28,29,30,31,	 NoSound	40	2	2045011789
2045021482	Triggered	2,37,38,39,40,41,	 NoSound	40	2	2045021482
2045030773	Triggered	5,23,24,25,26,27,28,29,30,31,	 NoSound	40	2	2045030773
2045065530	Triggered	2,37,38,39,40,41,	 NoSound	40	2	2045065530
2045078096	Triggered	5,23,24,25,26,27,28,29,30,31,	 NoSound	40	2	2045078096
2045078302	Triggered	5,23,24,25,26,27,28,29,30,31,	 PureTone-11kHz	40	2	2045078302
2045082308	Triggered	8,52,53,54,55,56,	 NoSound	40	2	2045082308
2045082509	Triggered	8,52,53,54,55,56,	 File_beep4	40	2	2045082509
2045094004	Triggered	5,23,24,25,26,27,28,29,30,31,	 NoSound	40	2	2045094004
2045094207	Triggered	5,23,24,25,26,27,28,29,30,31,	 PureTone-11kHz	40	2	2045094207
2045097348	Triggered	8,52,53,54,55,56,	 NoSound	40	2	2045097348
2045097552	Triggered	8,52,53,54,55,56,	 File_beep4	40	2	2045097552
2045107506	Triggered	5,23,24,25,26,27,28,29,30,31,	 NoSound	40	2	2045107506
2045107711	Triggered	5,23,24,25,26,27,28,29,30,31,	 PureTone-11kHz	40	2	2045107711
2045110648	Triggered	8,52,53,54,55,56,	 NoSound	40	2	2045110648
2045110849	Triggered	8,52,53,54,55,56,	 File_beep4	40	2	2045110849
2045121677	Triggered	5,23,24,25,26,27,28,29,30,31,	 NoSound	40	2	2045121677
2045121881	Triggered	5,23,24,25,26,27,28,29,30,31,	 PureTone-11kHz	40	2	2045121881
2045125086	Triggered	8,52,53,54,55,56,	 NoSound	40	2	2045125086
2045125289	Triggered	8,52,53,54,55,56,	 File_beep4	40	2	2045125289
2045137395	Triggered	5,23,24,25,26,27,28,29,30,31,	 NoSound	40	2	2045137395
2045137599	Triggered	5,23,24,25,26,27,28,29,30,31,	 PureTone-11kHz	40	2	2045137599
2045140859	Triggered	8,52,53,54,55,56,	 NoSound	40	2	2045140859
2045141062	Triggered	8,52,53,54,55,56,	 File_beep4	40	2	2045141062
2045152490	Triggered	5,23,24,25,26,27,28,29,30,31,	 NoSound	40	2	2045152490
2045152692	Triggered	5,23,24,25,26,27,28,29,30,31,	 PureTone-11kHz	40	2	2045152692
2045156634	Triggered	8,52,53,54,55,56,	 NoSound	40	2	2045156634
2045156837	Triggered	8,52,53,54,55,56,	 File_beep4	40	2	2045156837
2045168934	Triggered	5,23,24,25,26,27,28,29,30,31,	 NoSound	40	2	2045168934
2045169139	Triggered	5,23,24,25,26,27,28,29,30,31,	 PureTone-11kHz	40	2	2045169139
2045172477	Triggered	8,52,53,54,55,56,	 NoSound	40	2	2045172477
2045172679	Triggered	8,52,53,54,55,56,	 File_beep4	40	2	2045172679
2045182635	Triggered	5,23,24,25,26,27,28,29,30,31,	 NoSound	40	2	2045182635
2045182838	Triggered	5,23,24,25,26,27,28,29,30,31,	 PureTone-11kHz	40	2	2045182838
2045186045	Triggered	8,52,53,54,55,56,	 NoSound	40	2	2045186045
2045186247	Triggered	8,52,53,54,55,56,	 File_beep4	40	2	2045186247
2045197407	Triggered	5,23,24,25,26,27,28,29,30,31,	 NoSound	40	2	2045197407
2045197621	Triggered	5,23,24,25,26,27,28,29,30,31,	 PureTone-11kHz	40	2	2045197621
2045201152	Triggered	8,52,53,54,55,56,	 NoSound	40	2	2045201152
2045201354	Triggered	8,52,53,54,55,56,	 File_beep4	40	2	2045201354
2045213523	Triggered	5,23,24,25,26,27,28,29,30,31,	 NoSound	40	2	2045213523
2045213727	Triggered	5,23,24,25,26,27,28,29,30,31,	 PureTone-9kHz	40	2	2045213727
2045216858	Triggered	8,52,53,54,55,56,	 NoSound	40	2	2045216858
2045217061	Triggered	8,52,53,54,55,56,	 File_beep4	40	2	2045217061
2045228755	Triggered	5,23,24,25,26,27,28,29,30,31,	 NoSound	40	2	2045228755
2045228959	Triggered	5,23,24,25,26,27,28,29,30,31,	 PureTone-7kHz	40	2	2045228959
2045232165	Triggered	8,52,53,54,55,56,	 NoSound	40	2	2045232165
2045232366	Triggered	8,52,53,54,55,56,	 File_beep4	40	2	2045232366
2045244197	Triggered	5,23,24,25,26,27,28,29,30,31,	 NoSound	40	2	2045244197
2045244398	Triggered	5,23,24,25,26,27,28,29,30,31,	 PureTone-5kHz	40	2	2045244398
2045247471	Triggered	8,52,53,54,55,56,	 NoSound	40	2	2045247471
2045247672	Triggered	8,52,53,54,55,56,	 File_beep4	40	2	2045247672
2045258433	Triggered	5,23,24,25,26,27,28,29,30,31,	 NoSound	40	2	2045258433
2045258635	Triggered	5,23,24,25,26,27,28,29,30,31,	 PureTone-3kHz	40	2	2045258635
2045261641	Triggered	8,52,53,54,55,56,	 NoSound	40	2	2045261641
2045261842	Triggered	8,52,53,54,55,56,	 File_beep4	40	2	2045261842
2045282029	Triggered	5,23,24,25,26,27,28,29,30,31,	 NoSound	40	2	2045282029
2045282231	Triggered	5,23,24,25,26,27,28,29,30,31,	 PureTone-2kHz	40	2	2045282231
2045285371	Triggered	2,37,38,39,40,41,	 NoSound	40	2	2045285371
2045290985	Triggered	5,23,24,25,26,27,28,29,30,31,	 NoSound	40	2	2045290985
2045291188	Triggered	5,23,24,25,26,27,28,29,30,31,	 PureTone-1kHz	40	2	2045291188
2045295196	Triggered	8,52,53,54,55,56,	 NoSound	40	2	2045295196
2045295397	Triggered	8,52,53,54,55,56,	 File_beep4	40	2	2045295397
2045307962	Triggered	5,23,24,25,26,27,28,29,30,31,	 NoSound	40	2	2045307962
2045308163	Triggered	5,23,24,25,26,27,28,29,30,31,	 StopSoundShort	40	2	2045308163
2045321865	Triggered	6,47,48,49,50,51,	 NoSound	40	2	2045321865
2045322070	Triggered	6,47,48,49,50,51,	 File_beep5	40	2	2045322070
2045332359	Triggered	1,14,15,16,17,18,19,20,21,22,	 NoSound	40	2	2045332359
2045334632	Triggered	6,47,48,49,50,51,	 NoSound	40	2	2045334632
2045334835	Triggered	6,47,48,49,50,51,	 File_beep5	40	2	2045334835
2045346069	Triggered	1,14,15,16,17,18,19,20,21,22,	 NoSound	40	2	2045346069
2045348937	Triggered	6,47,48,49,50,51,	 NoSound	40	2	2045348937
2045349141	Triggered	6,47,48,49,50,51,	 File_beep5	40	2	2045349141
2045360032	Triggered	1,14,15,16,17,18,19,20,21,22,	 NoSound	40	2	2045360032
2045360237	Triggered	1,14,15,16,17,18,19,20,21,22,	 PureTone-11kHz	40	2	2045360237
2045363039	Triggered	6,47,48,49,50,51,	 NoSound	40	2	2045363039
2045363242	Triggered	6,47,48,49,50,51,	 File_beep5	40	2	2045363242
2045374602	Triggered	1,14,15,16,17,18,19,20,21,22,	 NoSound	40	2	2045374602
2045374806	Triggered	1,14,15,16,17,18,19,20,21,22,	 PureTone-11kHz	40	2	2045374806
2045377544	Triggered	6,47,48,49,50,51,	 NoSound	40	2	2045377544
2045377745	Triggered	6,47,48,49,50,51,	 File_beep5	40	2	2045377745
2045389245	Triggered	1,14,15,16,17,18,19,20,21,22,	 NoSound	40	2	2045389245
2045389450	Triggered	1,14,15,16,17,18,19,20,21,22,	 PureTone-11kHz	40	2	2045389450
2045393453	Triggered	6,47,48,49,50,51,	 NoSound	40	2	2045393453
2045393655	Triggered	6,47,48,49,50,51,	 File_beep5	40	2	2045393655
2045406284	Triggered	1,14,15,16,17,18,19,20,21,22,	 NoSound	40	2	2045406285
2045406490	Triggered	1,14,15,16,17,18,19,20,21,22,	 PureTone-11kHz	40	2	2045406490
2045409225	Triggered	6,47,48,49,50,51,	 NoSound	40	2	2045409225
2045409429	Triggered	6,47,48,49,50,51,	 File_beep5	40	2	2045409429
2045420990	Triggered	1,14,15,16,17,18,19,20,21,22,	 NoSound	40	2	2045420990
2045421193	Triggered	1,14,15,16,17,18,19,20,21,22,	 PureTone-11kHz	40	2	2045421193
2045424866	Triggered	6,47,48,49,50,51,	 NoSound	40	2	2045424866
2045425069	Triggered	6,47,48,49,50,51,	 File_beep5	40	2	2045425069
2045437967	Triggered	1,14,15,16,17,18,19,20,21,22,	 NoSound	40	2	2045437967
2045438170	Triggered	1,14,15,16,17,18,19,20,21,22,	 PureTone-11kHz	40	2	2045438170
2045441310	Triggered	6,47,48,49,50,51,	 NoSound	40	2	2045441310
2045441513	Triggered	6,47,48,49,50,51,	 File_beep5	40	2	2045441513
2045453342	Triggered	1,14,15,16,17,18,19,20,21,22,	 NoSound	40	2	2045453342
2045453546	Triggered	1,14,15,16,17,18,19,20,21,22,	 PureTone-11kHz	40	2	2045453546
2045456483	Triggered	6,47,48,49,50,51,	 NoSound	40	2	2045456483
2045456697	Triggered	6,47,48,49,50,51,	 File_beep5	40	2	2045456697
2045469717	Triggered	1,14,15,16,17,18,19,20,21,22,	 NoSound	40	2	2045469717
2045469919	Triggered	1,14,15,16,17,18,19,20,21,22,	 PureTone-11kHz	40	2	2045469919
2045473193	Triggered	6,47,48,49,50,51,	 NoSound	40	2	2045473193
2045473395	Triggered	6,47,48,49,50,51,	 File_beep5	40	2	2045473395
2045486160	Triggered	1,14,15,16,17,18,19,20,21,22,	 NoSound	40	2	2045486160
2045486375	Triggered	1,14,15,16,17,18,19,20,21,22,	 PureTone-11kHz	40	2	2045486375
2045489568	Triggered	6,47,48,49,50,51,	 NoSound	40	2	2045489568
2045489770	Triggered	6,47,48,49,50,51,	 File_beep5	40	2	2045489770
2045503739	Triggered	1,14,15,16,17,18,19,20,21,22,	 NoSound	40	2	2045503739
2045503942	Triggered	1,14,15,16,17,18,19,20,21,22,	 PureTone-9kHz	40	2	2045503942
2045507215	Triggered	6,47,48,49,50,51,	 NoSound	40	2	2045507215
2045507418	Triggered	6,47,48,49,50,51,	 File_beep5	40	2	2045507418
2045520317	Triggered	1,14,15,16,17,18,19,20,21,22,	 NoSound	40	2	2045520317
2045520520	Triggered	1,14,15,16,17,18,19,20,21,22,	 PureTone-7kHz	40	2	2045520520
2045523857	Triggered	6,47,48,49,50,51,	 NoSound	40	2	2045523857
2045524059	Triggered	6,47,48,49,50,51,	 File_beep5	40	2	2045524059
2045536559	Triggered	1,14,15,16,17,18,19,20,21,22,	 NoSound	40	2	2045536559
2045536762	Triggered	1,14,15,16,17,18,19,20,21,22,	 PureTone-5kHz	40	2	2045536762
2045540368	Triggered	6,47,48,49,50,51,	 NoSound	40	2	2045540368
2045540570	Triggered	6,47,48,49,50,51,	 File_beep5	40	2	2045540570
2045553737	Triggered	1,14,15,16,17,18,19,20,21,22,	 NoSound	40	2	2045553737
2045553939	Triggered	1,14,15,16,17,18,19,20,21,22,	 PureTone-3kHz	40	2	2045553939
2045557346	Triggered	6,47,48,49,50,51,	 NoSound	40	2	2045557346
2045557548	Triggered	6,47,48,49,50,51,	 File_beep5	40	2	2045557548
2045572117	Triggered	1,14,15,16,17,18,19,20,21,22,	 NoSound	40	2	2045572117
2045572318	Triggered	1,14,15,16,17,18,19,20,21,22,	 PureTone-2kHz	40	2	2045572318
2045575593	Triggered	6,47,48,49,50,51,	 NoSound	40	2	2045575593
2045575795	Triggered	6,47,48,49,50,51,	 File_beep5	40	2	2045575795
2045589496	Triggered	1,14,15,16,17,18,19,20,21,22,	 NoSound	40	2	2045589496
2045589697	Triggered	1,14,15,16,17,18,19,20,21,22,	 PureTone-1kHz	40	2	2045589697
2045593506	Triggered	6,47,48,49,50,51,	 NoSound	40	2	2045593506
2045593708	Triggered	6,47,48,49,50,51,	 File_beep5	40	2	2045593708
2045611687	Triggered	1,14,15,16,17,18,19,20,21,22,	 NoSound	40	2	2045611687
2045611887	Triggered	1,14,15,16,17,18,19,20,21,22,	 StopSoundShort	40	2	2045611887
2045629875	Triggered	5,23,24,25,26,27,28,29,30,31,	 NoSound	40	2	2045629875
2045633077	Triggered	8,52,53,54,55,56,	 NoSound	40	2	2045633077
2045641233	Triggered	5,23,24,25,26,27,28,29,30,31,	 NoSound	40	2	2045641233
2045653797	Triggered	8,52,53,54,55,56,	 NoSound	40	2	2045653797
2045658810	Triggered	5,23,24,25,26,27,28,29,30,31,	 NoSound	40	2	2045658810
2045721107	Triggered	8,52,53,54,55,56,	 NoSound	40	2	2045721107
2045756666	Triggered	5,23,24,25,26,27,28,29,30,31,	 NoSound	40	2	2045756666
2045756870	Triggered	5,23,24,25,26,27,28,29,30,31,	 PureTone-11kHz	40	2	2045756870
2045763891	Triggered	2,37,38,39,40,41,	 NoSound	40	2	2045763891
2045764093	Triggered	2,37,38,39,40,41,	 File_beep1	40	2	2045764093
2045773042	Triggered	5,23,24,25,26,27,28,29,30,31,	 NoSound	40	2	2045773042
2045773258	Triggered	5,23,24,25,26,27,28,29,30,31,	 PureTone-11kHz	40	2	2045773258
2045776382	Triggered	2,37,38,39,40,41,	 NoSound	40	2	2045776382
2045776583	Triggered	2,37,38,39,40,41,	 File_beep1	40	2	2045776583
2045783802	Triggered	5,23,24,25,26,27,28,29,30,31,	 NoSound	40	2	2045783802
2045784006	Triggered	5,23,24,25,26,27,28,29,30,31,	 PureTone-11kHz	40	2	2045784006
2045788548	Triggered	2,37,38,39,40,41,	 NoSound	40	2	2045788548
2045788748	Triggered	2,37,38,39,40,41,	 File_beep1	40	2	2045788748
2045796770	Triggered	5,23,24,25,26,27,28,29,30,31,	 NoSound	40	2	2045796770
2045796974	Triggered	5,23,24,25,26,27,28,29,30,31,	 PureTone-11kHz	40	2	2045796974
2045801984	Triggered	2,37,38,39,40,41,	 NoSound	40	2	2045801984
2045802185	Triggered	2,37,38,39,40,41,	 File_beep1	40	2	2045802185
2045812009	Triggered	5,23,24,25,26,27,28,29,30,31,	 NoSound	40	2	2045812009
2045812213	Triggered	5,23,24,25,26,27,28,29,30,31,	 PureTone-11kHz	40	2	2045812213
2045822181	Triggered	2,37,38,39,40,41,	 NoSound	40	2	2045822181
2045822382	Triggered	2,37,38,39,40,41,	 File_beep1	40	2	2045822382
2045831659	Triggered	5,23,24,25,26,27,28,29,30,31,	 NoSound	40	2	2045831659
2045831863	Triggered	5,23,24,25,26,27,28,29,30,31,	 PureTone-11kHz	40	2	2045831863
2045879986	Triggered	8,52,53,54,55,56,	 NoSound	40	2	2045879986
2045884664	Triggered	5,23,24,25,26,27,28,29,30,31,	 NoSound	40	2	2045884664
2045884868	Triggered	5,23,24,25,26,27,28,29,30,31,	 PureTone-11kHz	40	2	2045884868
2045890352	Triggered	2,37,38,39,40,41,	 NoSound	40	2	2045890352
2045890553	Triggered	2,37,38,39,40,41,	 File_beep1	40	2	2045890553
2045899639	Triggered	5,23,24,25,26,27,28,29,30,31,	 NoSound	40	2	2045899639
2045899844	Triggered	5,23,24,25,26,27,28,29,30,31,	 PureTone-11kHz	40	2	2045899844
2045905853	Triggered	2,37,38,39,40,41,	 NoSound	40	2	2045905853
2045906065	Triggered	2,37,38,39,40,41,	 File_beep1	40	2	2045906065
2045914348	Triggered	5,23,24,25,26,27,28,29,30,31,	 NoSound	40	2	2045914348
2045914553	Triggered	5,23,24,25,26,27,28,29,30,31,	 PureTone-11kHz	40	2	2045914553
2045920224	Triggered	8,52,53,54,55,56,	 NoSound	40	2	2045920224
2045940075	Triggered	5,23,24,25,26,27,28,29,30,31,	 NoSound	40	2	2045940075
2045940279	Triggered	5,23,24,25,26,27,28,29,30,31,	 PureTone-9kHz	40	2	2045940279
2045946360	Triggered	2,37,38,39,40,41,	 NoSound	40	2	2045946360
2045946572	Triggered	2,37,38,39,40,41,	 File_beep1	40	2	2045946572
2045954381	Triggered	5,23,24,25,26,27,28,29,30,31,	 NoSound	40	2	2045954381
2045954583	Triggered	5,23,24,25,26,27,28,29,30,31,	 PureTone-7kHz	40	2	2045954583
2045962334	Triggered	2,37,38,39,40,41,	 NoSound	40	2	2045962334
2045962536	Triggered	2,37,38,39,40,41,	 File_beep1	40	2	2045962536
2045972829	Triggered	5,23,24,25,26,27,28,29,30,31,	 NoSound	40	2	2045972829
2045973032	Triggered	5,23,24,25,26,27,28,29,30,31,	 PureTone-5kHz	40	2	2045973032
2045978577	Triggered	2,37,38,39,40,41,	 NoSound	40	2	2045978577
2045978789	Triggered	2,37,38,39,40,41,	 File_beep1	40	2	2045978789
2045987466	Triggered	5,23,24,25,26,27,28,29,30,31,	 NoSound	40	2	2045987466
2045987668	Triggered	5,23,24,25,26,27,28,29,30,31,	 PureTone-3kHz	40	2	2045987668
2045994157	Triggered	2,37,38,39,40,41,	 NoSound	40	2	2045994157
2045994358	Triggered	2,37,38,39,40,41,	 File_beep1	40	2	2045994358
2046003641	Triggered	5,23,24,25,26,27,28,29,30,31,	 NoSound	40	2	2046003641
2046003843	Triggered	5,23,24,25,26,27,28,29,30,31,	 PureTone-2kHz	40	2	2046003843
2046008253	Triggered	2,37,38,39,40,41,	 NoSound	40	2	2046008253
2046008454	Triggered	2,37,38,39,40,41,	 File_beep1	40	2	2046008454
2046024503	Triggered	5,23,24,25,26,27,28,29,30,31,	 NoSound	40	2	2046024503
2046024706	Triggered	5,23,24,25,26,27,28,29,30,31,	 PureTone-1kHz	40	2	2046024706
2046031046	Triggered	2,37,38,39,40,41,	 NoSound	40	2	2046031046
2046031247	Triggered	2,37,38,39,40,41,	 File_beep1	40	2	2046031247
2046042410	Triggered	5,23,24,25,26,27,28,29,30,31,	 NoSound	40	2	2046042410
2046042611	Triggered	5,23,24,25,26,27,28,29,30,31,	 StopSoundShort	40	2	2046042611
2046054315	Triggered	1,14,15,16,17,18,19,20,21,22,	 NoSound	40	2	2046054315
2046057716	Triggered	6,47,48,49,50,51,	 NoSound	40	2	2046057716
2046057918	Triggered	6,47,48,49,50,51,	 File_beep1	40	2	2046057918
2046067341	Triggered	1,14,15,16,17,18,19,20,21,22,	 NoSound	40	2	2046067341
2046071485	Triggered	6,47,48,49,50,51,	 NoSound	40	2	2046071485
2046071687	Triggered	6,47,48,49,50,51,	 File_beep1	40	2	2046071687
2046086658	Triggered	1,14,15,16,17,18,19,20,21,22,	 NoSound	40	2	2046086658
2046090806	Triggered	6,47,48,49,50,51,	 NoSound	40	2	2046090806
2046091006	Triggered	6,47,48,49,50,51,	 File_beep1	40	2	2046091006
2046125158	Triggered	1,14,15,16,17,18,19,20,21,22,	 NoSound	40	2	2046125158
2046125363	Triggered	1,14,15,16,17,18,19,20,21,22,	 PureTone-11kHz	40	2	2046125363
2046130172	Triggered	6,47,48,49,50,51,	 NoSound	40	2	2046130172
2046130372	Triggered	6,47,48,49,50,51,	 File_beep1	40	2	2046130372
2046147350	Triggered	1,14,15,16,17,18,19,20,21,22,	 NoSound	40	2	2046147350
2046147564	Triggered	1,14,15,16,17,18,19,20,21,22,	 PureTone-11kHz	40	2	2046147564
2046152363	Triggered	4,42,43,44,45,46,	 NoSound	40	2	2046152363
2046152563	Triggered	4,42,43,44,45,46,	 File_beep1	40	2	2046152563
2046165798	Triggered	1,14,15,16,17,18,19,20,21,22,	 NoSound	40	2	2046165798
2046166002	Triggered	1,14,15,16,17,18,19,20,21,22,	 PureTone-11kHz	40	2	2046166002
2046170612	Triggered	6,47,48,49,50,51,	 NoSound	40	2	2046170612
2046170812	Triggered	6,47,48,49,50,51,	 File_beep1	40	2	2046170812
2046181105	Triggered	1,14,15,16,17,18,19,20,21,22,	 NoSound	40	2	2046181105
2046181310	Triggered	1,14,15,16,17,18,19,20,21,22,	 PureTone-11kHz	40	2	2046181310
2046185783	Triggered	6,47,48,49,50,51,	 NoSound	40	2	2046185783
2046185984	Triggered	6,47,48,49,50,51,	 File_beep1	40	2	2046185984
2046208248	Triggered	1,14,15,16,17,18,19,20,21,22,	 NoSound	40	2	2046208248
2046208453	Triggered	1,14,15,16,17,18,19,20,21,22,	 PureTone-11kHz	40	2	2046208453
2046213054	Triggered	6,47,48,49,50,51,	 NoSound	40	2	2046213054
2046213255	Triggered	6,47,48,49,50,51,	 File_beep1	40	2	2046213255
2046225621	Triggered	1,14,15,16,17,18,19,20,21,22,	 NoSound	40	2	2046225621
2046225825	Triggered	1,14,15,16,17,18,19,20,21,22,	 PureTone-11kHz	40	2	2046225825
2046230167	Triggered	6,47,48,49,50,51,	 NoSound	40	2	2046230167
2046230368	Triggered	6,47,48,49,50,51,	 File_beep1	40	2	2046230368
2046241134	Triggered	1,14,15,16,17,18,19,20,21,22,	 NoSound	40	2	2046241134
2046241339	Triggered	1,14,15,16,17,18,19,20,21,22,	 PureTone-11kHz	40	2	2046241339
2046245876	Triggered	6,47,48,49,50,51,	 NoSound	40	2	2046245876
2046246076	Triggered	6,47,48,49,50,51,	 File_beep1	40	2	2046246076
2046258706	Triggered	1,14,15,16,17,18,19,20,21,22,	 NoSound	40	2	2046258706
2046258910	Triggered	1,14,15,16,17,18,19,20,21,22,	 PureTone-11kHz	40	2	2046258910
2046262717	Triggered	6,47,48,49,50,51,	 NoSound	40	2	2046262717
2046262918	Triggered	6,47,48,49,50,51,	 File_beep1	40	2	2046262918
2046293931	Triggered	1,14,15,16,17,18,19,20,21,22,	 NoSound	40	2	2046293931
2046294136	Triggered	1,14,15,16,17,18,19,20,21,22,	 PureTone-11kHz	40	2	2046294136
2046298812	Triggered	6,47,48,49,50,51,	 NoSound	40	2	2046298812
2046299012	Triggered	6,47,48,49,50,51,	 File_beep1	40	2	2046299012
2046313516	Triggered	1,14,15,16,17,18,19,20,21,22,	 NoSound	40	2	2046313516
2046313719	Triggered	1,14,15,16,17,18,19,20,21,22,	 PureTone-9kHz	40	2	2046313719
2046317793	Triggered	6,47,48,49,50,51,	 NoSound	40	2	2046317793
2046317994	Triggered	6,47,48,49,50,51,	 File_beep1	40	2	2046317994
2046330227	Triggered	1,14,15,16,17,18,19,20,21,22,	 NoSound	40	2	2046330227
2046330432	Triggered	1,14,15,16,17,18,19,20,21,22,	 PureTone-7kHz	40	2	2046330432
2046334906	Triggered	6,47,48,49,50,51,	 NoSound	40	2	2046334906
2046335107	Triggered	6,47,48,49,50,51,	 File_beep1	40	2	2046335107
2046350279	Triggered	1,14,15,16,17,18,19,20,21,22,	 NoSound	40	2	2046350279
2046350493	Triggered	1,14,15,16,17,18,19,20,21,22,	 PureTone-5kHz	40	2	2046350493
2046354690	Triggered	6,47,48,49,50,51,	 NoSound	40	2	2046354690
2046354891	Triggered	6,47,48,49,50,51,	 File_beep1	40	2	2046354891
2046366590	Triggered	1,14,15,16,17,18,19,20,21,22,	 NoSound	40	2	2046366590
2046366804	Triggered	1,14,15,16,17,18,19,20,21,22,	 PureTone-3kHz	40	2	2046366804
2046371267	Triggered	6,47,48,49,50,51,	 NoSound	40	2	2046371267
2046371467	Triggered	6,47,48,49,50,51,	 File_beep1	40	2	2046371467
2046384570	Triggered	1,14,15,16,17,18,19,20,21,22,	 NoSound	40	2	2046384570
2046384773	Triggered	1,14,15,16,17,18,19,20,21,22,	 PureTone-2kHz	40	2	2046384773
2046388916	Triggered	6,47,48,49,50,51,	 NoSound	40	2	2046388916
2046389116	Triggered	6,47,48,49,50,51,	 File_beep1	40	2	2046389116
2046430755	Triggered	1,14,15,16,17,18,19,20,21,22,	 NoSound	40	2	2046430755
2046430958	Triggered	1,14,15,16,17,18,19,20,21,22,	 PureTone-1kHz	40	2	2046430958
2046436102	Triggered	6,47,48,49,50,51,	 NoSound	40	2	2046436102
2046436303	Triggered	6,47,48,49,50,51,	 File_beep1	40	2	2046436303
2046450540	Triggered	1,14,15,16,17,18,19,20,21,22,	 NoSound	40	2	2046450540
2046450741	Triggered	1,14,15,16,17,18,19,20,21,22,	 StopSoundShort	40	2	2046450741
