Ver1.3	1343699523	StartFile	3/26/2021	10:44:32 AM	E:\BehavioralExperiments\Gerald\Horizon\RawData\032621\SoundData.txt	1343699523
1343959669	Triggered	5,23,24,25,26,27,28,29,30,31,	 NoSound	40	2	1343959669
1343959872	Triggered	5,23,24,25,26,27,28,29,30,31,	 StopSoundLong	40	2	1343959872
1343980257	Triggered	1,14,15,16,17,18,19,20,21,22,	 NoSound	40	2	1343980257
1343985202	Triggered	6,47,48,49,50,51,	 NoSound	40	2	1343985202
1343985404	Triggered	6,47,48,49,50,51,	 File_beep1	40	2	1343985404
1343999840	Triggered	1,14,15,16,17,18,19,20,21,22,	 NoSound	40	2	1343999840
1344000045	Triggered	1,14,15,16,17,18,19,20,21,22,	 PureTone-11kHz	40	2	1344000045
1344004653	Triggered	4,42,43,44,45,46,	 NoSound	40	2	1344004653
1344004856	Triggered	4,42,43,44,45,46,	 File_beep3	40	2	1344004856
1344015216	Triggered	1,14,15,16,17,18,19,20,21,22,	 NoSound	40	2	1344015216
1344015419	Triggered	1,14,15,16,17,18,19,20,21,22,	 PureTone-9kHz	40	2	1344015419
1344018367	Triggered	6,47,48,49,50,51,	 NoSound	40	2	1344018367
1344018568	Triggered	6,47,48,49,50,51,	 File_beep1	40	2	1344018568
1344024439	Triggered	1,14,15,16,17,18,19,20,21,22,	 NoSound	40	2	1344024439
1344024653	Triggered	1,14,15,16,17,18,19,20,21,22,	 PureTone-7kHz	40	2	1344024653
1344028048	Triggered	4,42,43,44,45,46,	 NoSound	40	2	1344028048
1344028250	Triggered	4,42,43,44,45,46,	 File_beep3	40	2	1344028250
1344037940	Triggered	1,14,15,16,17,18,19,20,21,22,	 NoSound	40	2	1344037940
1344038143	Triggered	1,14,15,16,17,18,19,20,21,22,	 PureTone-5kHz	40	2	1344038143
1344040682	Triggered	4,42,43,44,45,46,	 NoSound	40	2	1344040682
1344040883	Triggered	4,42,43,44,45,46,	 File_beep3	40	2	1344040883
1344050440	Triggered	1,14,15,16,17,18,19,20,21,22,	 NoSound	40	2	1344050440
1344050643	Triggered	1,14,15,16,17,18,19,20,21,22,	 PureTone-3kHz	40	2	1344050643
1344053381	Triggered	4,42,43,44,45,46,	 NoSound	40	2	1344053381
1344053583	Triggered	4,42,43,44,45,46,	 File_beep3	40	2	1344053583
1344063073	Triggered	1,14,15,16,17,18,19,20,21,22,	 NoSound	40	2	1344063073
1344063274	Triggered	1,14,15,16,17,18,19,20,21,22,	 PureTone-2kHz	40	2	1344063275
1344065879	Triggered	4,42,43,44,45,46,	 NoSound	40	2	1344065879
1344066081	Triggered	4,42,43,44,45,46,	 File_beep3	40	2	1344066081
1344075237	Triggered	1,14,15,16,17,18,19,20,21,22,	 NoSound	40	2	1344075237
1344075439	Triggered	1,14,15,16,17,18,19,20,21,22,	 PureTone-1kHz	40	2	1344075439
1344078380	Triggered	4,42,43,44,45,46,	 NoSound	40	2	1344078380
1344078582	Triggered	4,42,43,44,45,46,	 File_beep3	40	2	1344078582
1344087134	Triggered	1,14,15,16,17,18,19,20,21,22,	 NoSound	40	2	1344087134
1344087336	Triggered	1,14,15,16,17,18,19,20,21,22,	 StopSoundShort	40	2	1344087336
1344103579	Triggered	8,52,53,54,55,56,	 NoSound	40	2	1344103579
1344103782	Triggered	8,52,53,54,55,56,	 File_beep2	40	2	1344103782
1344115143	Triggered	5,23,24,25,26,27,28,29,30,31,	 NoSound	40	2	1344115143
1344115345	Triggered	5,23,24,25,26,27,28,29,30,31,	 PureTone-2kHz	40	2	1344115345
1344118283	Triggered	2,37,38,39,40,41,	 NoSound	40	2	1344118283
1344118485	Triggered	2,37,38,39,40,41,	 File_beep3	40	2	1344118485
1344125703	Triggered	5,23,24,25,26,27,28,29,30,31,	 NoSound	40	2	1344125703
1344125918	Triggered	5,23,24,25,26,27,28,29,30,31,	 PureTone-1kHz	40	2	1344125918
1344128509	Triggered	2,37,38,39,40,41,	 NoSound	40	2	1344128509
1344128711	Triggered	2,37,38,39,40,41,	 File_beep3	40	2	1344128711
1344135929	Triggered	5,23,24,25,26,27,28,29,30,31,	 NoSound	40	2	1344135929
1344136130	Triggered	5,23,24,25,26,27,28,29,30,31,	 StopSoundLong	40	2	1344136130
1344152104	Triggered	1,14,15,16,17,18,19,20,21,22,	 NoSound	40	2	1344152104
1344155847	Triggered	6,47,48,49,50,51,	 NoSound	40	2	1344155847
1344156051	Triggered	6,47,48,49,50,51,	 File_beep4	40	2	1344156051
1344165606	Triggered	1,14,15,16,17,18,19,20,21,22,	 NoSound	40	2	1344165606
1344165809	Triggered	1,14,15,16,17,18,19,20,21,22,	 PureTone-11kHz	40	2	1344165809
1344168814	Triggered	6,47,48,49,50,51,	 NoSound	40	2	1344168814
1344169016	Triggered	6,47,48,49,50,51,	 File_beep4	40	2	1344169016
1344176970	Triggered	1,14,15,16,17,18,19,20,21,22,	 NoSound	40	2	1344176970
1344177172	Triggered	1,14,15,16,17,18,19,20,21,22,	 PureTone-9kHz	40	2	1344177172
1344179576	Triggered	4,42,43,44,45,46,	 NoSound	40	2	1344179576
1344183186	Triggered	1,14,15,16,17,18,19,20,21,22,	 NoSound	40	2	1344183186
1344183390	Triggered	1,14,15,16,17,18,19,20,21,22,	 PureTone-7kHz	40	2	1344183390
1344186594	Triggered	6,47,48,49,50,51,	 NoSound	40	2	1344186594
1344186796	Triggered	6,47,48,49,50,51,	 File_beep4	40	2	1344186796
1344196487	Triggered	1,14,15,16,17,18,19,20,21,22,	 NoSound	40	2	1344196487
1344196690	Triggered	1,14,15,16,17,18,19,20,21,22,	 PureTone-5kHz	40	2	1344196690
1344199361	Triggered	4,42,43,44,45,46,	 NoSound	40	2	1344199361
1344203170	Triggered	1,14,15,16,17,18,19,20,21,22,	 NoSound	40	2	1344203170
1344203372	Triggered	1,14,15,16,17,18,19,20,21,22,	 PureTone-3kHz	40	2	1344203372
1344206646	Triggered	6,47,48,49,50,51,	 NoSound	40	2	1344206646
1344206848	Triggered	6,47,48,49,50,51,	 File_beep4	40	2	1344206848
1344217073	Triggered	1,14,15,16,17,18,19,20,21,22,	 NoSound	40	2	1344217073
1344217275	Triggered	1,14,15,16,17,18,19,20,21,22,	 PureTone-2kHz	40	2	1344217275
1344222893	Triggered	4,42,43,44,45,46,	 NoSound	40	2	1344222893
1344227234	Triggered	1,14,15,16,17,18,19,20,21,22,	 NoSound	40	2	1344227234
1344227436	Triggered	1,14,15,16,17,18,19,20,21,22,	 PureTone-1kHz	40	2	1344227436
1344231311	Triggered	6,47,48,49,50,51,	 NoSound	40	2	1344231311
1344231513	Triggered	6,47,48,49,50,51,	 File_beep4	40	2	1344231513
1344246752	Triggered	1,14,15,16,17,18,19,20,21,22,	 NoSound	40	2	1344246752
1344246953	Triggered	1,14,15,16,17,18,19,20,21,22,	 StopSoundShort	40	2	1344246953
1344260922	Triggered	5,23,24,25,26,27,28,29,30,31,	 NoSound	40	2	1344260922
1344261126	Triggered	5,23,24,25,26,27,28,29,30,31,	 PureTone-3kHz	40	2	1344261126
1344264465	Triggered	2,37,38,39,40,41,	 NoSound	40	2	1344264465
1344264666	Triggered	2,37,38,39,40,41,	 File_beep1	40	2	1344264666
1344274023	Triggered	5,23,24,25,26,27,28,29,30,31,	 NoSound	40	2	1344274023
1344274226	Triggered	5,23,24,25,26,27,28,29,30,31,	 PureTone-2kHz	40	2	1344274226
1344278099	Triggered	2,37,38,39,40,41,	 NoSound	40	2	1344278099
1344278301	Triggered	2,37,38,39,40,41,	 File_beep1	40	2	1344278301
1344283313	Triggered	5,23,24,25,26,27,28,29,30,31,	 NoSound	40	2	1344283313
1344283515	Triggered	5,23,24,25,26,27,28,29,30,31,	 PureTone-1kHz	40	2	1344283516
1344286120	Triggered	8,52,53,54,55,56,	 NoSound	40	2	1344286120
1344286323	Triggered	8,52,53,54,55,56,	 File_beep4	40	2	1344286323
1344300893	Triggered	5,23,24,25,26,27,28,29,30,31,	 NoSound	40	2	1344300893
1344301106	Triggered	5,23,24,25,26,27,28,29,30,31,	 StopSoundLong	40	2	1344301106
1344314663	Triggered	1,14,15,16,17,18,19,20,21,22,	 NoSound	40	2	1344314663
1344318405	Triggered	6,47,48,49,50,51,	 NoSound	40	2	1344318405
1344318607	Triggered	6,47,48,49,50,51,	 File_beep3	40	2	1344318607
1344327428	Triggered	1,14,15,16,17,18,19,20,21,22,	 NoSound	40	2	1344327428
1344327633	Triggered	1,14,15,16,17,18,19,20,21,22,	 PureTone-11kHz	40	2	1344327633
1344330303	Triggered	4,42,43,44,45,46,	 NoSound	40	2	1344330303
1344330503	Triggered	4,42,43,44,45,46,	 File_beep1	40	2	1344330503
1344335650	Triggered	1,14,15,16,17,18,19,20,21,22,	 NoSound	40	2	1344335650
1344335852	Triggered	1,14,15,16,17,18,19,20,21,22,	 PureTone-9kHz	40	2	1344335852
1344338925	Triggered	6,47,48,49,50,51,	 NoSound	40	2	1344338925
1344339126	Triggered	6,47,48,49,50,51,	 File_beep3	40	2	1344339126
1344346819	Triggered	1,14,15,16,17,18,19,20,21,22,	 NoSound	40	2	1344346819
1344347022	Triggered	1,14,15,16,17,18,19,20,21,22,	 PureTone-7kHz	40	2	1344347022
1344349687	Triggered	4,42,43,44,45,46,	 NoSound	40	2	1344349687
1344349888	Triggered	4,42,43,44,45,46,	 File_beep1	40	2	1344349888
1344354633	Triggered	1,14,15,16,17,18,19,20,21,22,	 NoSound	40	2	1344354633
1344354834	Triggered	1,14,15,16,17,18,19,20,21,22,	 PureTone-5kHz	40	2	1344354834
1344357640	Triggered	6,47,48,49,50,51,	 NoSound	40	2	1344357640
1344357852	Triggered	6,47,48,49,50,51,	 File_beep3	40	2	1344357852
1344365260	Triggered	1,14,15,16,17,18,19,20,21,22,	 NoSound	40	2	1344365260
1344365463	Triggered	1,14,15,16,17,18,19,20,21,22,	 PureTone-3kHz	40	2	1344365463
1344372211	Triggered	4,42,43,44,45,46,	 NoSound	40	2	1344372211
1344372412	Triggered	4,42,43,44,45,46,	 File_beep1	40	2	1344372412
1344378093	Triggered	1,14,15,16,17,18,19,20,21,22,	 NoSound	40	2	1344378093
1344378296	Triggered	1,14,15,16,17,18,19,20,21,22,	 PureTone-2kHz	40	2	1344378296
1344381168	Triggered	6,47,48,49,50,51,	 NoSound	40	2	1344381168
1344381370	Triggered	6,47,48,49,50,51,	 File_beep3	40	2	1344381370
1344390727	Triggered	1,14,15,16,17,18,19,20,21,22,	 NoSound	40	2	1344390727
1344390928	Triggered	1,14,15,16,17,18,19,20,21,22,	 PureTone-1kHz	40	2	1344390928
1344394003	Triggered	6,47,48,49,50,51,	 NoSound	40	2	1344394003
1344394205	Triggered	6,47,48,49,50,51,	 File_beep3	40	2	1344394205
1344401622	Triggered	1,14,15,16,17,18,19,20,21,22,	 NoSound	40	2	1344401622
1344401833	Triggered	1,14,15,16,17,18,19,20,21,22,	 StopSoundShort	40	2	1344401833
1344413587	Triggered	5,23,24,25,26,27,28,29,30,31,	 NoSound	40	2	1344413587
1344413789	Triggered	5,23,24,25,26,27,28,29,30,31,	 PureTone-3kHz	40	2	1344413789
1344417530	Triggered	8,52,53,54,55,56,	 NoSound	40	2	1344417530
1344417731	Triggered	8,52,53,54,55,56,	 File_beep1	40	2	1344417731
1344424147	Triggered	5,23,24,25,26,27,28,29,30,31,	 NoSound	40	2	1344424147
1344424349	Triggered	5,23,24,25,26,27,28,29,30,31,	 PureTone-2kHz	40	2	1344424349
1344427489	Triggered	2,37,38,39,40,41,	 NoSound	40	2	1344427489
1344427691	Triggered	2,37,38,39,40,41,	 File_beep3	40	2	1344427691
1344435710	Triggered	5,23,24,25,26,27,28,29,30,31,	 NoSound	40	2	1344435710
1344435911	Triggered	5,23,24,25,26,27,28,29,30,31,	 PureTone-1kHz	40	2	1344435911
1344439454	Triggered	8,52,53,54,55,56,	 NoSound	40	2	1344439454
1344439654	Triggered	8,52,53,54,55,56,	 File_beep1	40	2	1344439654
1344446872	Triggered	5,23,24,25,26,27,28,29,30,31,	 NoSound	40	2	1344446872
1344447074	Triggered	5,23,24,25,26,27,28,29,30,31,	 StopSoundLong	40	2	1344447074
1344461852	Triggered	4,42,43,44,45,46,	 NoSound	40	2	1344461852
1344462055	Triggered	4,42,43,44,45,46,	 File_beep2	40	2	1344462055
1344469334	Triggered	1,14,15,16,17,18,19,20,21,22,	 NoSound	40	2	1344469334
1344469538	Triggered	1,14,15,16,17,18,19,20,21,22,	 PureTone-11kHz	40	2	1344469538
1344472340	Triggered	6,47,48,49,50,51,	 NoSound	40	2	1344472340
1344472542	Triggered	6,47,48,49,50,51,	 File_beep5	40	2	1344472542
1344483034	Triggered	1,14,15,16,17,18,19,20,21,22,	 NoSound	40	2	1344483034
1344483238	Triggered	1,14,15,16,17,18,19,20,21,22,	 PureTone-9kHz	40	2	1344483238
1344485774	Triggered	4,42,43,44,45,46,	 NoSound	40	2	1344485774
1344485987	Triggered	4,42,43,44,45,46,	 File_beep2	40	2	1344485987
1344492526	Triggered	1,14,15,16,17,18,19,20,21,22,	 NoSound	40	2	1344492526
1344492729	Triggered	1,14,15,16,17,18,19,20,21,22,	 PureTone-7kHz	40	2	1344492729
1344495333	Triggered	6,47,48,49,50,51,	 NoSound	40	2	1344495333
1344495535	Triggered	6,47,48,49,50,51,	 File_beep5	40	2	1344495535
1344506428	Triggered	1,14,15,16,17,18,19,20,21,22,	 NoSound	40	2	1344506428
1344506631	Triggered	1,14,15,16,17,18,19,20,21,22,	 PureTone-5kHz	40	2	1344506631
1344509169	Triggered	4,42,43,44,45,46,	 NoSound	40	2	1344509169
1344509370	Triggered	4,42,43,44,45,46,	 File_beep2	40	2	1344509370
1344515519	Triggered	1,14,15,16,17,18,19,20,21,22,	 NoSound	40	2	1344515519
1344515722	Triggered	1,14,15,16,17,18,19,20,21,22,	 PureTone-3kHz	40	2	1344515722
1344518527	Triggered	6,47,48,49,50,51,	 NoSound	40	2	1344518527
1344518729	Triggered	6,47,48,49,50,51,	 File_beep5	40	2	1344518729
1344529087	Triggered	1,14,15,16,17,18,19,20,21,22,	 NoSound	40	2	1344529087
1344529290	Triggered	1,14,15,16,17,18,19,20,21,22,	 PureTone-2kHz	40	2	1344529290
1344532162	Triggered	6,47,48,49,50,51,	 NoSound	40	2	1344532162
1344532364	Triggered	6,47,48,49,50,51,	 File_beep5	40	2	1344532364
1344543124	Triggered	1,14,15,16,17,18,19,20,21,22,	 NoSound	40	2	1344543124
1344543326	Triggered	1,14,15,16,17,18,19,20,21,22,	 PureTone-1kHz	40	2	1344543326
1344546132	Triggered	6,47,48,49,50,51,	 NoSound	40	2	1344546132
1344546346	Triggered	6,47,48,49,50,51,	 File_beep5	40	2	1344546346
1344556695	Triggered	1,14,15,16,17,18,19,20,21,22,	 NoSound	40	2	1344556695
1344556895	Triggered	1,14,15,16,17,18,19,20,21,22,	 StopSoundShort	40	2	1344556895
1344571398	Triggered	5,23,24,25,26,27,28,29,30,31,	 NoSound	40	2	1344571398
1344571604	Triggered	5,23,24,25,26,27,28,29,30,31,	 PureTone-3kHz	40	2	1344571604
1344575074	Triggered	2,37,38,39,40,41,	 NoSound	40	2	1344575074
1344575274	Triggered	2,37,38,39,40,41,	 File_beep1	40	2	1344575274
1344580559	Triggered	5,23,24,25,26,27,28,29,30,31,	 NoSound	40	2	1344580559
1344580761	Triggered	5,23,24,25,26,27,28,29,30,31,	 PureTone-2kHz	40	2	1344580761
1344584097	Triggered	8,52,53,54,55,56,	 NoSound	40	2	1344584097
1344584300	Triggered	8,52,53,54,55,56,	 File_beep5	40	2	1344584300
1344599672	Triggered	5,23,24,25,26,27,28,29,30,31,	 NoSound	40	2	1344599672
1344599873	Triggered	5,23,24,25,26,27,28,29,30,31,	 PureTone-1kHz	40	2	1344599873
1344602946	Triggered	2,37,38,39,40,41,	 NoSound	40	2	1344602946
1344603147	Triggered	2,37,38,39,40,41,	 File_beep1	40	2	1344603147
1344608562	Triggered	5,23,24,25,26,27,28,29,30,31,	 NoSound	40	2	1344608562
1344608764	Triggered	5,23,24,25,26,27,28,29,30,31,	 StopSoundLong	40	2	1344608764
1344631220	Triggered	1,14,15,16,17,18,19,20,21,22,	 NoSound	40	2	1344631220
1344634429	Triggered	6,47,48,49,50,51,	 NoSound	40	2	1344634429
1344634630	Triggered	6,47,48,49,50,51,	 File_beep2	40	2	1344634630
1344642048	Triggered	1,14,15,16,17,18,19,20,21,22,	 NoSound	40	2	1344642048
1344642263	Triggered	1,14,15,16,17,18,19,20,21,22,	 PureTone-11kHz	40	2	1344642263
1344644989	Triggered	6,47,48,49,50,51,	 NoSound	40	2	1344644989
1344645191	Triggered	6,47,48,49,50,51,	 File_beep2	40	2	1344645191
1344651205	Triggered	1,14,15,16,17,18,19,20,21,22,	 NoSound	40	2	1344651205
1344651410	Triggered	1,14,15,16,17,18,19,20,21,22,	 PureTone-9kHz	40	2	1344651410
1344654414	Triggered	6,47,48,49,50,51,	 NoSound	40	2	1344654414
1344654616	Triggered	6,47,48,49,50,51,	 File_beep2	40	2	1344654616
1344662701	Triggered	1,14,15,16,17,18,19,20,21,22,	 NoSound	40	2	1344662702
1344662903	Triggered	1,14,15,16,17,18,19,20,21,22,	 PureTone-7kHz	40	2	1344662903
1344666511	Triggered	6,47,48,49,50,51,	 NoSound	40	2	1344666511
1344666714	Triggered	6,47,48,49,50,51,	 File_beep2	40	2	1344666714
1344676671	Triggered	1,14,15,16,17,18,19,20,21,22,	 NoSound	40	2	1344676671
1344676873	Triggered	1,14,15,16,17,18,19,20,21,22,	 PureTone-5kHz	40	2	1344676873
1344680082	Triggered	4,42,43,44,45,46,	 NoSound	40	2	1344680082
1344680283	Triggered	4,42,43,44,45,46,	 File_beep1	40	2	1344680283
1344685429	Triggered	1,14,15,16,17,18,19,20,21,22,	 NoSound	40	2	1344685429
1344685632	Triggered	1,14,15,16,17,18,19,20,21,22,	 PureTone-3kHz	40	2	1344685632
1344688904	Triggered	6,47,48,49,50,51,	 NoSound	40	2	1344688904
1344689106	Triggered	6,47,48,49,50,51,	 File_beep2	40	2	1344689106
1344699263	Triggered	1,14,15,16,17,18,19,20,21,22,	 NoSound	40	2	1344699263
1344699466	Triggered	1,14,15,16,17,18,19,20,21,22,	 PureTone-2kHz	40	2	1344699466
1344702606	Triggered	6,47,48,49,50,51,	 NoSound	40	2	1344702606
1344702808	Triggered	6,47,48,49,50,51,	 File_beep2	40	2	1344702808
1344709894	Triggered	1,14,15,16,17,18,19,20,21,22,	 NoSound	40	2	1344709894
1344710096	Triggered	1,14,15,16,17,18,19,20,21,22,	 PureTone-1kHz	40	2	1344710096
1344713970	Triggered	4,42,43,44,45,46,	 NoSound	40	2	1344713970
1344714170	Triggered	4,42,43,44,45,46,	 File_beep1	40	2	1344714170
1344719984	Triggered	1,14,15,16,17,18,19,20,21,22,	 NoSound	40	2	1344719984
1344720186	Triggered	1,14,15,16,17,18,19,20,21,22,	 StopSoundShort	40	2	1344720186
1344731615	Triggered	5,23,24,25,26,27,28,29,30,31,	 NoSound	40	2	1344731615
1344731820	Triggered	5,23,24,25,26,27,28,29,30,31,	 PureTone-3kHz	40	2	1344731820
1344734763	Triggered	2,37,38,39,40,41,	 NoSound	40	2	1344734763
1344734963	Triggered	2,37,38,39,40,41,	 File_beep2	40	2	1344734963
1344742577	Triggered	5,23,24,25,26,27,28,29,30,31,	 NoSound	40	2	1344742577
1344742779	Triggered	5,23,24,25,26,27,28,29,30,31,	 PureTone-2kHz	40	2	1344742779
1344745653	Triggered	8,52,53,54,55,56,	 NoSound	40	2	1344745653
1344745854	Triggered	8,52,53,54,55,56,	 File_beep3	40	2	1344745854
1344758820	Triggered	5,23,24,25,26,27,28,29,30,31,	 NoSound	40	2	1344758820
1344759022	Triggered	5,23,24,25,26,27,28,29,30,31,	 PureTone-1kHz	40	2	1344759022
1344761627	Triggered	8,52,53,54,55,56,	 NoSound	40	2	1344761627
1344761829	Triggered	8,52,53,54,55,56,	 File_beep3	40	2	1344761829
1344774662	Triggered	5,23,24,25,26,27,28,29,30,31,	 NoSound	40	2	1344774662
1344774863	Triggered	5,23,24,25,26,27,28,29,30,31,	 StopSoundLong	40	2	1344774863
1344789699	Triggered	4,42,43,44,45,46,	 NoSound	40	2	1344789699
1344793643	Triggered	1,14,15,16,17,18,19,20,21,22,	 NoSound	40	2	1344793643
1344793847	Triggered	1,14,15,16,17,18,19,20,21,22,	 PureTone-11kHz	40	2	1344793847
1344797387	Triggered	6,47,48,49,50,51,	 NoSound	40	2	1344797387
1344797601	Triggered	6,47,48,49,50,51,	 File_beep4	40	2	1344797601
1344809418	Triggered	1,14,15,16,17,18,19,20,21,22,	 NoSound	40	2	1344809418
1344809622	Triggered	1,14,15,16,17,18,19,20,21,22,	 PureTone-9kHz	40	2	1344809622
1344813095	Triggered	6,47,48,49,50,51,	 NoSound	40	2	1344813095
1344813298	Triggered	6,47,48,49,50,51,	 File_beep4	40	2	1344813298
1344823122	Triggered	1,14,15,16,17,18,19,20,21,22,	 NoSound	40	2	1344823122
1344823325	Triggered	1,14,15,16,17,18,19,20,21,22,	 PureTone-7kHz	40	2	1344823325
1344826262	Triggered	4,42,43,44,45,46,	 NoSound	40	2	1344826262
1344829472	Triggered	1,14,15,16,17,18,19,20,21,22,	 NoSound	40	2	1344829472
1344829675	Triggered	1,14,15,16,17,18,19,20,21,22,	 PureTone-5kHz	40	2	1344829675
1344832747	Triggered	6,47,48,49,50,51,	 NoSound	40	2	1344832747
1344832949	Triggered	6,47,48,49,50,51,	 File_beep4	40	2	1344832949
1344842575	Triggered	1,14,15,16,17,18,19,20,21,22,	 NoSound	40	2	1344842575
1344842778	Triggered	1,14,15,16,17,18,19,20,21,22,	 PureTone-3kHz	40	2	1344842778
1344846315	Triggered	4,42,43,44,45,46,	 NoSound	40	2	1344846315
1344850659	Triggered	1,14,15,16,17,18,19,20,21,22,	 NoSound	40	2	1344850659
1344850862	Triggered	1,14,15,16,17,18,19,20,21,22,	 PureTone-2kHz	40	2	1344850862
1344854477	Triggered	6,47,48,49,50,51,	 NoSound	40	2	1344854477
1344854679	Triggered	6,47,48,49,50,51,	 File_beep4	40	2	1344854679
1344865497	Triggered	1,14,15,16,17,18,19,20,21,22,	 NoSound	40	2	1344865497
1344865699	Triggered	1,14,15,16,17,18,19,20,21,22,	 PureTone-1kHz	40	2	1344865699
1344869175	Triggered	6,47,48,49,50,51,	 NoSound	40	2	1344869175
1344869377	Triggered	6,47,48,49,50,51,	 File_beep4	40	2	1344869377
1344878598	Triggered	1,14,15,16,17,18,19,20,21,22,	 NoSound	40	2	1344878598
1344878799	Triggered	1,14,15,16,17,18,19,20,21,22,	 StopSoundShort	40	2	1344878799
1344890897	Triggered	5,23,24,25,26,27,28,29,30,31,	 NoSound	40	2	1344890897
1344891102	Triggered	5,23,24,25,26,27,28,29,30,31,	 PureTone-3kHz	40	2	1344891102
1344894376	Triggered	2,37,38,39,40,41,	 NoSound	40	2	1344894376
1344899123	Triggered	5,23,24,25,26,27,28,29,30,31,	 NoSound	40	2	1344899123
1344899326	Triggered	5,23,24,25,26,27,28,29,30,31,	 PureTone-2kHz	40	2	1344899326
1344902661	Triggered	8,52,53,54,55,56,	 NoSound	40	2	1344902661
1344902864	Triggered	8,52,53,54,55,56,	 File_beep5	40	2	1344902864
1344918703	Triggered	5,23,24,25,26,27,28,29,30,31,	 NoSound	40	2	1344918703
1344918904	Triggered	5,23,24,25,26,27,28,29,30,31,	 PureTone-1kHz	40	2	1344918904
1344921444	Triggered	8,52,53,54,55,56,	 NoSound	40	2	1344921444
1344921647	Triggered	8,52,53,54,55,56,	 File_beep5	40	2	1344921647
1344937754	Triggered	5,23,24,25,26,27,28,29,30,31,	 NoSound	40	2	1344937754
1344937956	Triggered	5,23,24,25,26,27,28,29,30,31,	 StopSoundLong	40	2	1344937956
1344952791	Triggered	6,47,48,49,50,51,	 NoSound	40	2	1344952791
1344952994	Triggered	6,47,48,49,50,51,	 File_beep1	40	2	1344952994
1344958608	Triggered	1,14,15,16,17,18,19,20,21,22,	 NoSound	40	2	1344958608
1344958812	Triggered	1,14,15,16,17,18,19,20,21,22,	 PureTone-11kHz	40	2	1344958812
1344961883	Triggered	4,42,43,44,45,46,	 NoSound	40	2	1344961883
1344962084	Triggered	4,42,43,44,45,46,	 File_beep5	40	2	1344962084
1344972644	Triggered	1,14,15,16,17,18,19,20,21,22,	 NoSound	40	2	1344972644
1344972848	Triggered	1,14,15,16,17,18,19,20,21,22,	 PureTone-9kHz	40	2	1344972848
1344975651	Triggered	4,42,43,44,45,46,	 NoSound	40	2	1344975651
1344975854	Triggered	4,42,43,44,45,46,	 File_beep5	40	2	1344975854
1344987283	Triggered	1,14,15,16,17,18,19,20,21,22,	 NoSound	40	2	1344987283
1344987486	Triggered	1,14,15,16,17,18,19,20,21,22,	 PureTone-7kHz	40	2	1344987486
1344990289	Triggered	4,42,43,44,45,46,	 NoSound	40	2	1344990289
1344990492	Triggered	4,42,43,44,45,46,	 File_beep5	40	2	1344990492
1345001786	Triggered	1,14,15,16,17,18,19,20,21,22,	 NoSound	40	2	1345001786
1345001988	Triggered	1,14,15,16,17,18,19,20,21,22,	 PureTone-5kHz	40	2	1345001988
1345004995	Triggered	4,42,43,44,45,46,	 NoSound	40	2	1345004995
1345005197	Triggered	4,42,43,44,45,46,	 File_beep5	40	2	1345005197
1345017027	Triggered	1,14,15,16,17,18,19,20,21,22,	 NoSound	40	2	1345017027
1345017230	Triggered	1,14,15,16,17,18,19,20,21,22,	 PureTone-3kHz	40	2	1345017230
1345020368	Triggered	4,42,43,44,45,46,	 NoSound	40	2	1345020368
1345020571	Triggered	4,42,43,44,45,46,	 File_beep5	40	2	1345020571
1345033201	Triggered	1,14,15,16,17,18,19,20,21,22,	 NoSound	40	2	1345033201
1345033404	Triggered	1,14,15,16,17,18,19,20,21,22,	 PureTone-2kHz	40	2	1345033404
1345036611	Triggered	4,42,43,44,45,46,	 NoSound	40	2	1345036611
1345036813	Triggered	4,42,43,44,45,46,	 File_beep5	40	2	1345036813
1345049111	Triggered	1,14,15,16,17,18,19,20,21,22,	 NoSound	40	2	1345049111
1345049313	Triggered	1,14,15,16,17,18,19,20,21,22,	 PureTone-1kHz	40	2	1345049313
1345052318	Triggered	4,42,43,44,45,46,	 NoSound	40	2	1345052318
1345052520	Triggered	4,42,43,44,45,46,	 File_beep5	40	2	1345052520
1345065688	Triggered	1,14,15,16,17,18,19,20,21,22,	 NoSound	40	2	1345065688
1345065890	Triggered	1,14,15,16,17,18,19,20,21,22,	 StopSoundShort	40	2	1345065890
1345089682	Triggered	5,23,24,25,26,27,28,29,30,31,	 NoSound	40	2	1345089682
1345089887	Triggered	5,23,24,25,26,27,28,29,30,31,	 PureTone-3kHz	40	2	1345089887
1345093893	Triggered	8,52,53,54,55,56,	 NoSound	40	2	1345093893
1345099511	Triggered	5,23,24,25,26,27,28,29,30,31,	 NoSound	40	2	1345099511
1345099715	Triggered	5,23,24,25,26,27,28,29,30,31,	 PureTone-2kHz	40	2	1345099715
1345103989	Triggered	2,37,38,39,40,41,	 NoSound	40	2	1345103989
1345104192	Triggered	2,37,38,39,40,41,	 File_beep4	40	2	1345104192
1345114294	Triggered	5,23,24,25,26,27,28,29,30,31,	 NoSound	40	2	1345114294
1345114496	Triggered	5,23,24,25,26,27,28,29,30,31,	 PureTone-1kHz	40	2	1345114496
1345117555	Triggered	8,52,53,54,55,56,	 NoSound	40	2	1345117555
1345121632	Triggered	5,23,24,25,26,27,28,29,30,31,	 NoSound	40	2	1345121632
1345121844	Triggered	5,23,24,25,26,27,28,29,30,31,	 StopSoundLong	40	2	1345121844
1345140688	Triggered	1,14,15,16,17,18,19,20,21,22,	 NoSound	40	2	1345140688
1345144493	Triggered	6,47,48,49,50,51,	 NoSound	40	2	1345144493
1345144694	Triggered	6,47,48,49,50,51,	 File_beep5	40	2	1345144694
1345157326	Triggered	1,14,15,16,17,18,19,20,21,22,	 NoSound	40	2	1345157326
1345157529	Triggered	1,14,15,16,17,18,19,20,21,22,	 PureTone-11kHz	40	2	1345157529
1345160267	Triggered	4,42,43,44,45,46,	 NoSound	40	2	1345160267
1345160468	Triggered	4,42,43,44,45,46,	 File_beep3	40	2	1345160468
1345169625	Triggered	1,14,15,16,17,18,19,20,21,22,	 NoSound	40	2	1345169625
1345169829	Triggered	1,14,15,16,17,18,19,20,21,22,	 PureTone-9kHz	40	2	1345169829
1345175172	Triggered	6,47,48,49,50,51,	 NoSound	40	2	1345175172
1345175374	Triggered	6,47,48,49,50,51,	 File_beep5	40	2	1345175374
1345187538	Triggered	1,14,15,16,17,18,19,20,21,22,	 NoSound	40	2	1345187538
1345187741	Triggered	1,14,15,16,17,18,19,20,21,22,	 PureTone-7kHz	40	2	1345187741
1345190880	Triggered	4,42,43,44,45,46,	 NoSound	40	2	1345190880
1345191082	Triggered	4,42,43,44,45,46,	 File_beep3	40	2	1345191082
1345200705	Triggered	1,14,15,16,17,18,19,20,21,22,	 NoSound	40	2	1345200705
1345200907	Triggered	1,14,15,16,17,18,19,20,21,22,	 PureTone-5kHz	40	2	1345200907
1345204248	Triggered	4,42,43,44,45,46,	 NoSound	40	2	1345204248
1345204450	Triggered	4,42,43,44,45,46,	 File_beep3	40	2	1345204450
1345215009	Triggered	1,14,15,16,17,18,19,20,21,22,	 NoSound	40	2	1345215009
1345215212	Triggered	1,14,15,16,17,18,19,20,21,22,	 PureTone-3kHz	40	2	1345215212
1345218553	Triggered	4,42,43,44,45,46,	 NoSound	40	2	1345218553
1345218754	Triggered	4,42,43,44,45,46,	 File_beep3	40	2	1345218754
1345229580	Triggered	1,14,15,16,17,18,19,20,21,22,	 NoSound	40	2	1345229580
1345229781	Triggered	1,14,15,16,17,18,19,20,21,22,	 PureTone-2kHz	40	2	1345229781
1345233196	Triggered	6,47,48,49,50,51,	 NoSound	40	2	1345233196
1345233399	Triggered	6,47,48,49,50,51,	 File_beep5	40	2	1345233399
1345246157	Triggered	1,14,15,16,17,18,19,20,21,22,	 NoSound	40	2	1345246157
1345246359	Triggered	1,14,15,16,17,18,19,20,21,22,	 PureTone-1kHz	40	2	1345246359
1345249699	Triggered	4,42,43,44,45,46,	 NoSound	40	2	1345249699
1345249901	Triggered	4,42,43,44,45,46,	 File_beep3	40	2	1345249901
1345260796	Triggered	1,14,15,16,17,18,19,20,21,22,	 NoSound	40	2	1345260796
1345260998	Triggered	1,14,15,16,17,18,19,20,21,22,	 StopSoundShort	40	2	1345260998
1345281593	Triggered	5,23,24,25,26,27,28,29,30,31,	 NoSound	40	2	1345281593
1345281798	Triggered	5,23,24,25,26,27,28,29,30,31,	 PureTone-3kHz	40	2	1345281798
1345286261	Triggered	8,52,53,54,55,56,	 NoSound	40	2	1345286261
1345286464	Triggered	8,52,53,54,55,56,	 File_beep4	40	2	1345286464
1345302705	Triggered	5,23,24,25,26,27,28,29,30,31,	 NoSound	40	2	1345302705
1345302907	Triggered	5,23,24,25,26,27,28,29,30,31,	 PureTone-2kHz	40	2	1345302907
1345305924	Triggered	8,52,53,54,55,56,	 NoSound	40	2	1345305924
1345306127	Triggered	8,52,53,54,55,56,	 File_beep4	40	2	1345306127
1345322087	Triggered	5,23,24,25,26,27,28,29,30,31,	 NoSound	40	2	1345322087
1345322290	Triggered	5,23,24,25,26,27,28,29,30,31,	 PureTone-1kHz	40	2	1345322290
1345325363	Triggered	8,52,53,54,55,56,	 NoSound	40	2	1345325363
1345325566	Triggered	8,52,53,54,55,56,	 File_beep4	40	2	1345325566
1345343349	Triggered	5,23,24,25,26,27,28,29,30,31,	 NoSound	40	2	1345343349
1345343551	Triggered	5,23,24,25,26,27,28,29,30,31,	 StopSoundLong	40	2	1345343551
1345353971	Triggered	1,14,15,16,17,18,19,20,21,22,	 NoSound	40	2	1345353971
1345358383	Triggered	4,42,43,44,45,46,	 NoSound	40	2	1345358383
1345358583	Triggered	4,42,43,44,45,46,	 File_beep1	40	2	1345358583
1345367607	Triggered	1,14,15,16,17,18,19,20,21,22,	 NoSound	40	2	1345367607
1345367810	Triggered	1,14,15,16,17,18,19,20,21,22,	 PureTone-11kHz	40	2	1345367810
1345371554	Triggered	6,47,48,49,50,51,	 NoSound	40	2	1345371554
1345371757	Triggered	6,47,48,49,50,51,	 File_beep5	40	2	1345371757
1345384528	Triggered	1,14,15,16,17,18,19,20,21,22,	 NoSound	40	2	1345384528
1345384733	Triggered	1,14,15,16,17,18,19,20,21,22,	 PureTone-9kHz	40	2	1345384733
1345388532	Triggered	6,47,48,49,50,51,	 NoSound	40	2	1345388532
1345388735	Triggered	6,47,48,49,50,51,	 File_beep5	40	2	1345388735
1345401169	Triggered	1,14,15,16,17,18,19,20,21,22,	 NoSound	40	2	1345401169
1345401373	Triggered	1,14,15,16,17,18,19,20,21,22,	 PureTone-7kHz	40	2	1345401373
1345404437	Triggered	4,42,43,44,45,46,	 NoSound	40	2	1345404437
1345404637	Triggered	4,42,43,44,45,46,	 File_beep1	40	2	1345404637
1345411855	Triggered	1,14,15,16,17,18,19,20,21,22,	 NoSound	40	2	1345411855
1345412059	Triggered	1,14,15,16,17,18,19,20,21,22,	 PureTone-5kHz	40	2	1345412059
1345416134	Triggered	4,42,43,44,45,46,	 NoSound	40	2	1345416134
1345416336	Triggered	4,42,43,44,45,46,	 File_beep1	40	2	1345416337
1345424154	Triggered	1,14,15,16,17,18,19,20,21,22,	 NoSound	40	2	1345424154
1345424357	Triggered	1,14,15,16,17,18,19,20,21,22,	 PureTone-3kHz	40	2	1345424357
1345428232	Triggered	6,47,48,49,50,51,	 NoSound	40	2	1345428232
1345428435	Triggered	6,47,48,49,50,51,	 File_beep5	40	2	1345428435
1345455102	Triggered	1,14,15,16,17,18,19,20,21,22,	 NoSound	40	2	1345455102
1345455303	Triggered	1,14,15,16,17,18,19,20,21,22,	 PureTone-2kHz	40	2	1345455303
1345459324	Triggered	4,42,43,44,45,46,	 NoSound	40	2	1345459324
1345459524	Triggered	4,42,43,44,45,46,	 File_beep1	40	2	1345459524
1345467000	Triggered	1,14,15,16,17,18,19,20,21,22,	 NoSound	40	2	1345467000
1345467201	Triggered	1,14,15,16,17,18,19,20,21,22,	 PureTone-1kHz	40	2	1345467201
1345471613	Triggered	6,47,48,49,50,51,	 NoSound	40	2	1345471613
1345471814	Triggered	6,47,48,49,50,51,	 File_beep5	40	2	1345471814
1345486854	Triggered	1,14,15,16,17,18,19,20,21,22,	 NoSound	40	2	1345486854
1345487055	Triggered	1,14,15,16,17,18,19,20,21,22,	 StopSoundShort	40	2	1345487055
1345525017	Triggered	8,52,53,54,55,56,	 NoSound	40	2	1345525017
1345530771	Triggered	5,23,24,25,26,27,28,29,30,31,	 NoSound	40	2	1345530771
1345530974	Triggered	5,23,24,25,26,27,28,29,30,31,	 PureTone-2kHz	40	2	1345530974
1345536514	Triggered	8,52,53,54,55,56,	 NoSound	40	2	1345536514
1345541930	Triggered	5,23,24,25,26,27,28,29,30,31,	 NoSound	40	2	1345541930
1345542131	Triggered	5,23,24,25,26,27,28,29,30,31,	 PureTone-1kHz	40	2	1345542131
1345546473	Triggered	2,37,38,39,40,41,	 NoSound	40	2	1345546473
1345546675	Triggered	2,37,38,39,40,41,	 File_beep3	40	2	1345546675
1345558772	Triggered	5,23,24,25,26,27,28,29,30,31,	 NoSound	40	2	1345558772
1345558973	Triggered	5,23,24,25,26,27,28,29,30,31,	 StopSoundLong	40	2	1345558973
1345586845	Triggered	1,14,15,16,17,18,19,20,21,22,	 NoSound	40	2	1345586845
1345590989	Triggered	4,42,43,44,45,46,	 NoSound	40	2	1345590989
1345595600	Triggered	1,14,15,16,17,18,19,20,21,22,	 NoSound	40	2	1345595600
1345595803	Triggered	1,14,15,16,17,18,19,20,21,22,	 PureTone-11kHz	40	2	1345595803
1345600280	Triggered	6,47,48,49,50,51,	 NoSound	40	2	1345600280
1345600481	Triggered	6,47,48,49,50,51,	 File_beep3	40	2	1345600481
1345611383	Triggered	1,14,15,16,17,18,19,20,21,22,	 NoSound	40	2	1345611383
1345611586	Triggered	1,14,15,16,17,18,19,20,21,22,	 PureTone-9kHz	40	2	1345611586
1345615393	Triggered	4,42,43,44,45,46,	 NoSound	40	2	1345615393
1345620065	Triggered	1,14,15,16,17,18,19,20,21,22,	 NoSound	40	2	1345620065
1345620268	Triggered	1,14,15,16,17,18,19,20,21,22,	 PureTone-7kHz	40	2	1345620268
1345625413	Triggered	6,47,48,49,50,51,	 NoSound	40	2	1345625413
1345625614	Triggered	6,47,48,49,50,51,	 File_beep3	40	2	1345625614
1345644529	Triggered	1,14,15,16,17,18,19,20,21,22,	 NoSound	40	2	1345644529
1345644732	Triggered	1,14,15,16,17,18,19,20,21,22,	 PureTone-5kHz	40	2	1345644732
1345649341	Triggered	4,42,43,44,45,46,	 NoSound	40	2	1345649341
1345654755	Triggered	1,14,15,16,17,18,19,20,21,22,	 NoSound	40	2	1345654755
1345654959	Triggered	1,14,15,16,17,18,19,20,21,22,	 PureTone-3kHz	40	2	1345654959
1345659902	Triggered	6,47,48,49,50,51,	 NoSound	40	2	1345659902
1345660104	Triggered	6,47,48,49,50,51,	 File_beep3	40	2	1345660104
1345674606	Triggered	1,14,15,16,17,18,19,20,21,22,	 NoSound	40	2	1345674606
1345674808	Triggered	1,14,15,16,17,18,19,20,21,22,	 PureTone-2kHz	40	2	1345674808
1345680028	Triggered	6,47,48,49,50,51,	 NoSound	40	2	1345680028
1345680230	Triggered	6,47,48,49,50,51,	 File_beep3	40	2	1345680230
1345692991	Triggered	1,14,15,16,17,18,19,20,21,22,	 NoSound	40	2	1345692991
1345693192	Triggered	1,14,15,16,17,18,19,20,21,22,	 PureTone-1kHz	40	2	1345693192
1345697802	Triggered	4,42,43,44,45,46,	 NoSound	40	2	1345697802
1345703816	Triggered	1,14,15,16,17,18,19,20,21,22,	 NoSound	40	2	1345703816
1345704017	Triggered	1,14,15,16,17,18,19,20,21,22,	 StopSoundShort	40	2	1345704017
1345754549	Triggered	5,23,24,25,26,27,28,29,30,31,	 NoSound	40	2	1345754549
1345754753	Triggered	5,23,24,25,26,27,28,29,30,31,	 PureTone-3kHz	40	2	1345754753
1345758760	Triggered	2,37,38,39,40,41,	 NoSound	40	2	1345758760
1345765845	Triggered	5,23,24,25,26,27,28,29,30,31,	 NoSound	40	2	1345765845
1345766048	Triggered	5,23,24,25,26,27,28,29,30,31,	 PureTone-2kHz	40	2	1345766048
1345770457	Triggered	8,52,53,54,55,56,	 NoSound	40	2	1345770457
1345770660	Triggered	8,52,53,54,55,56,	 File_beep4	40	2	1345770660
1345789514	Triggered	5,23,24,25,26,27,28,29,30,31,	 NoSound	40	2	1345789514
1345789716	Triggered	5,23,24,25,26,27,28,29,30,31,	 PureTone-1kHz	40	2	1345789716
1345793117	Triggered	8,52,53,54,55,56,	 NoSound	40	2	1345793117
1345793320	Triggered	8,52,53,54,55,56,	 File_beep4	40	2	1345793320
1345811163	Triggered	5,23,24,25,26,27,28,29,30,31,	 NoSound	40	2	1345811163
1345811365	Triggered	5,23,24,25,26,27,28,29,30,31,	 StopSoundLong	40	2	1345811365
1345823128	Triggered	1,14,15,16,17,18,19,20,21,22,	 NoSound	40	2	1345823128
1345827739	Triggered	6,47,48,49,50,51,	 NoSound	40	2	1345827739
1345827942	Triggered	6,47,48,49,50,51,	 File_beep5	40	2	1345827942
1345844183	Triggered	1,14,15,16,17,18,19,20,21,22,	 NoSound	40	2	1345844183
1345844387	Triggered	1,14,15,16,17,18,19,20,21,22,	 PureTone-11kHz	40	2	1345844387
1345848261	Triggered	4,42,43,44,45,46,	 NoSound	40	2	1345848261
1345853273	Triggered	1,14,15,16,17,18,19,20,21,22,	 NoSound	40	2	1345853273
1345853476	Triggered	1,14,15,16,17,18,19,20,21,22,	 PureTone-9kHz	40	2	1345853476
1345857551	Triggered	6,47,48,49,50,51,	 NoSound	40	2	1345857551
1345857753	Triggered	6,47,48,49,50,51,	 File_beep5	40	2	1345857753
1345878739	Triggered	1,14,15,16,17,18,19,20,21,22,	 NoSound	40	2	1345878739
1345878943	Triggered	1,14,15,16,17,18,19,20,21,22,	 PureTone-7kHz	40	2	1345878943
1345884019	Triggered	4,42,43,44,45,46,	 NoSound	40	2	1345884019
1345893243	Triggered	1,14,15,16,17,18,19,20,21,22,	 NoSound	40	2	1345893243
1345893447	Triggered	1,14,15,16,17,18,19,20,21,22,	 PureTone-5kHz	40	2	1345893447
1345898465	Triggered	6,47,48,49,50,51,	 NoSound	40	2	1345898465
1345898667	Triggered	6,47,48,49,50,51,	 File_beep5	40	2	1345898667
1345915034	Triggered	1,14,15,16,17,18,19,20,21,22,	 NoSound	40	2	1345915034
1345915237	Triggered	1,14,15,16,17,18,19,20,21,22,	 PureTone-3kHz	40	2	1345915237
1345919780	Triggered	4,42,43,44,45,46,	 NoSound	40	2	1345919780
1345926331	Triggered	1,14,15,16,17,18,19,20,21,22,	 NoSound	40	2	1345926331
1345926534	Triggered	1,14,15,16,17,18,19,20,21,22,	 PureTone-2kHz	40	2	1345926534
1345931210	Triggered	6,47,48,49,50,51,	 NoSound	40	2	1345931210
1345931412	Triggered	6,47,48,49,50,51,	 File_beep5	40	2	1345931412
1345947920	Triggered	1,14,15,16,17,18,19,20,21,22,	 NoSound	40	2	1345947920
1345948123	Triggered	1,14,15,16,17,18,19,20,21,22,	 PureTone-1kHz	40	2	1345948123
1345954604	Triggered	6,47,48,49,50,51,	 NoSound	40	2	1345954604
1345954806	Triggered	6,47,48,49,50,51,	 File_beep5	40	2	1345954806
1346023852	Triggered	1,14,15,16,17,18,19,20,21,22,	 NoSound	40	2	1346023852
1346024053	Triggered	1,14,15,16,17,18,19,20,21,22,	 StopSoundShort	40	2	1346024053
1346035415	Triggered	5,23,24,25,26,27,28,29,30,31,	 NoSound	40	2	1346035415
1346035618	Triggered	5,23,24,25,26,27,28,29,30,31,	 PureTone-3kHz	40	2	1346035618
1346039961	Triggered	8,52,53,54,55,56,	 NoSound	40	2	1346039961
1346040163	Triggered	8,52,53,54,55,56,	 File_beep5	40	2	1346040163
1346092030	Triggered	5,23,24,25,26,27,28,29,30,31,	 NoSound	40	2	1346092030
1346092231	Triggered	5,23,24,25,26,27,28,29,30,31,	 PureTone-2kHz	40	2	1346092231
1346096240	Triggered	2,37,38,39,40,41,	 NoSound	40	2	1346096240
1346096442	Triggered	2,37,38,39,40,41,	 File_beep4	40	2	1346096442
1346108740	Triggered	5,23,24,25,26,27,28,29,30,31,	 NoSound	40	2	1346108740
1346108942	Triggered	5,23,24,25,26,27,28,29,30,31,	 PureTone-1kHz	40	2	1346108942
1346113418	Triggered	8,52,53,54,55,56,	 NoSound	40	2	1346113418
1346113620	Triggered	8,52,53,54,55,56,	 File_beep5	40	2	1346113620
1346136410	Triggered	5,23,24,25,26,27,28,29,30,31,	 NoSound	40	2	1346136410
1346136612	Triggered	5,23,24,25,26,27,28,29,30,31,	 StopSoundLong	40	2	1346136612
1346148041	Triggered	1,14,15,16,17,18,19,20,21,22,	 NoSound	40	2	1346148041
1346153656	Triggered	6,47,48,49,50,51,	 NoSound	40	2	1346153656
1346153858	Triggered	6,47,48,49,50,51,	 File_beep2	40	2	1346153858
1346164084	Triggered	1,14,15,16,17,18,19,20,21,22,	 NoSound	40	2	1346164084
1346164287	Triggered	1,14,15,16,17,18,19,20,21,22,	 PureTone-11kHz	40	2	1346164287
1346168495	Triggered	4,42,43,44,45,46,	 NoSound	40	2	1346168495
1346173910	Triggered	1,14,15,16,17,18,19,20,21,22,	 NoSound	40	2	1346173910
1346174114	Triggered	1,14,15,16,17,18,19,20,21,22,	 PureTone-9kHz	40	2	1346174114
1346178789	Triggered	6,47,48,49,50,51,	 NoSound	40	2	1346178789
1346178991	Triggered	6,47,48,49,50,51,	 File_beep2	40	2	1346178991
1346198373	Triggered	1,14,15,16,17,18,19,20,21,22,	 NoSound	40	2	1346198373
1346198575	Triggered	1,14,15,16,17,18,19,20,21,22,	 PureTone-7kHz	40	2	1346198575
1346203386	Triggered	4,42,43,44,45,46,	 NoSound	40	2	1346203386
1346235469	Triggered	1,14,15,16,17,18,19,20,21,22,	 NoSound	40	2	1346235469
1346235674	Triggered	1,14,15,16,17,18,19,20,21,22,	 PureTone-5kHz	40	2	1346235674
1346241016	Triggered	6,47,48,49,50,51,	 NoSound	40	2	1346241016
1346241218	Triggered	6,47,48,49,50,51,	 File_beep2	40	2	1346241218
1346251646	Triggered	1,14,15,16,17,18,19,20,21,22,	 NoSound	40	2	1346251646
1346251848	Triggered	1,14,15,16,17,18,19,20,21,22,	 PureTone-3kHz	40	2	1346251848
1346256397	Triggered	4,42,43,44,45,46,	 NoSound	40	2	1346256397
1346265882	Triggered	1,14,15,16,17,18,19,20,21,22,	 NoSound	40	2	1346265882
1346266085	Triggered	1,14,15,16,17,18,19,20,21,22,	 PureTone-2kHz	40	2	1346266085
1346272165	Triggered	6,47,48,49,50,51,	 NoSound	40	2	1346272165
1346272367	Triggered	6,47,48,49,50,51,	 File_beep2	40	2	1346272367
1346284196	Triggered	1,14,15,16,17,18,19,20,21,22,	 NoSound	40	2	1346284196
1346284398	Triggered	1,14,15,16,17,18,19,20,21,22,	 PureTone-1kHz	40	2	1346284398
1346289345	Triggered	4,42,43,44,45,46,	 NoSound	40	2	1346289345
1346314408	Triggered	1,14,15,16,17,18,19,20,21,22,	 NoSound	40	2	1346314408
1346314608	Triggered	1,14,15,16,17,18,19,20,21,22,	 StopSoundShort	40	2	1346314608
1346346825	Triggered	5,23,24,25,26,27,28,29,30,31,	 NoSound	40	2	1346346825
1346347029	Triggered	5,23,24,25,26,27,28,29,30,31,	 PureTone-3kHz	40	2	1346347029
1346351512	Triggered	2,37,38,39,40,41,	 NoSound	40	2	1346351512
1346351714	Triggered	2,37,38,39,40,41,	 File_beep2	40	2	1346351714
1346359191	Triggered	5,23,24,25,26,27,28,29,30,31,	 NoSound	40	2	1346359191
1346359394	Triggered	5,23,24,25,26,27,28,29,30,31,	 PureTone-2kHz	40	2	1346359394
1346363937	Triggered	8,52,53,54,55,56,	 NoSound	40	2	1346363937
1346364139	Triggered	8,52,53,54,55,56,	 File_beep2	40	2	1346364139
1346376771	Triggered	5,23,24,25,26,27,28,29,30,31,	 NoSound	40	2	1346376771
1346376973	Triggered	5,23,24,25,26,27,28,29,30,31,	 PureTone-1kHz	40	2	1346376973
1346381717	Triggered	2,37,38,39,40,41,	 NoSound	40	2	1346381717
1346381919	Triggered	2,37,38,39,40,41,	 File_beep2	40	2	1346381919
1346392813	Triggered	5,23,24,25,26,27,28,29,30,31,	 NoSound	40	2	1346392813
1346393014	Triggered	5,23,24,25,26,27,28,29,30,31,	 StopSoundLong	40	2	1346393014
1346410726	Triggered	1,14,15,16,17,18,19,20,21,22,	 NoSound	40	2	1346410726
1346416007	Triggered	4,42,43,44,45,46,	 NoSound	40	2	1346416007
1346416209	Triggered	4,42,43,44,45,46,	 File_beep4	40	2	1346416209
1346431046	Triggered	1,14,15,16,17,18,19,20,21,22,	 NoSound	40	2	1346431046
1346431250	Triggered	1,14,15,16,17,18,19,20,21,22,	 PureTone-11kHz	40	2	1346431250
1346435257	Triggered	4,42,43,44,45,46,	 NoSound	40	2	1346435257
1346435460	Triggered	4,42,43,44,45,46,	 File_beep4	40	2	1346435460
1346449560	Triggered	1,14,15,16,17,18,19,20,21,22,	 NoSound	40	2	1346449560
1346449764	Triggered	1,14,15,16,17,18,19,20,21,22,	 PureTone-9kHz	40	2	1346449764
1346454173	Triggered	4,42,43,44,45,46,	 NoSound	40	2	1346454173
1346454376	Triggered	4,42,43,44,45,46,	 File_beep4	40	2	1346454376
1346468944	Triggered	1,14,15,16,17,18,19,20,21,22,	 NoSound	40	2	1346468944
1346469148	Triggered	1,14,15,16,17,18,19,20,21,22,	 PureTone-7kHz	40	2	1346469148
1346473490	Triggered	4,42,43,44,45,46,	 NoSound	40	2	1346473490
1346473704	Triggered	4,42,43,44,45,46,	 File_beep4	40	2	1346473704
1346488395	Triggered	1,14,15,16,17,18,19,20,21,22,	 NoSound	40	2	1346488395
1346488598	Triggered	1,14,15,16,17,18,19,20,21,22,	 PureTone-5kHz	40	2	1346488598
1346492740	Triggered	4,42,43,44,45,46,	 NoSound	40	2	1346492740
1346492943	Triggered	4,42,43,44,45,46,	 File_beep4	40	2	1346492943
1346507645	Triggered	1,14,15,16,17,18,19,20,21,22,	 NoSound	40	2	1346507645
1346507848	Triggered	1,14,15,16,17,18,19,20,21,22,	 PureTone-3kHz	40	2	1346507848
1346512190	Triggered	4,42,43,44,45,46,	 NoSound	40	2	1346512190
1346512392	Triggered	4,42,43,44,45,46,	 File_beep4	40	2	1346512392
1346528701	Triggered	1,14,15,16,17,18,19,20,21,22,	 NoSound	40	2	1346528701
1346528903	Triggered	1,14,15,16,17,18,19,20,21,22,	 PureTone-2kHz	40	2	1346528903
1346533848	Triggered	4,42,43,44,45,46,	 NoSound	40	2	1346533848
1346534050	Triggered	4,42,43,44,45,46,	 File_beep4	40	2	1346534050
1346549956	Triggered	1,14,15,16,17,18,19,20,21,22,	 NoSound	40	2	1346549956
1346550157	Triggered	1,14,15,16,17,18,19,20,21,22,	 PureTone-1kHz	40	2	1346550157
1346555237	Triggered	4,42,43,44,45,46,	 NoSound	40	2	1346555237
1346555439	Triggered	4,42,43,44,45,46,	 File_beep4	40	2	1346555439
1346572281	Triggered	1,14,15,16,17,18,19,20,21,22,	 NoSound	40	2	1346572281
1346572481	Triggered	1,14,15,16,17,18,19,20,21,22,	 StopSoundShort	40	2	1346572481
1346587855	Triggered	5,23,24,25,26,27,28,29,30,31,	 NoSound	40	2	1346587855
1346588059	Triggered	5,23,24,25,26,27,28,29,30,31,	 PureTone-3kHz	40	2	1346588059
1346592868	Triggered	8,52,53,54,55,56,	 NoSound	40	2	1346592868
1346593080	Triggered	8,52,53,54,55,56,	 File_beep1	40	2	1346593080
1346603562	Triggered	5,23,24,25,26,27,28,29,30,31,	 NoSound	40	2	1346603562
1346603765	Triggered	5,23,24,25,26,27,28,29,30,31,	 PureTone-2kHz	40	2	1346603765
1346608508	Triggered	8,52,53,54,55,56,	 NoSound	40	2	1346608508
1346608709	Triggered	8,52,53,54,55,56,	 File_beep1	40	2	1346608709
1346619338	Triggered	5,23,24,25,26,27,28,29,30,31,	 NoSound	40	2	1346619338
1346619539	Triggered	5,23,24,25,26,27,28,29,30,31,	 PureTone-1kHz	40	2	1346619539
1346624485	Triggered	2,37,38,39,40,41,	 NoSound	40	2	1346624485
1346624687	Triggered	2,37,38,39,40,41,	 File_beep5	40	2	1346624687
1346642664	Triggered	5,23,24,25,26,27,28,29,30,31,	 NoSound	40	2	1346642664
1346642866	Triggered	5,23,24,25,26,27,28,29,30,31,	 StopSoundLong	40	2	1346642866
1346656233	Triggered	1,14,15,16,17,18,19,20,21,22,	 NoSound	40	2	1346656233
1346661045	Triggered	4,42,43,44,45,46,	 NoSound	40	2	1346661045
1346661247	Triggered	4,42,43,44,45,46,	 File_beep2	40	2	1346661247
1346674680	Triggered	1,14,15,16,17,18,19,20,21,22,	 NoSound	40	2	1346674680
1346674883	Triggered	1,14,15,16,17,18,19,20,21,22,	 PureTone-11kHz	40	2	1346674883
1346679694	Triggered	4,42,43,44,45,46,	 NoSound	40	2	1346679694
1346679894	Triggered	4,42,43,44,45,46,	 File_beep2	40	2	1346679894
1346693396	Triggered	1,14,15,16,17,18,19,20,21,22,	 NoSound	40	2	1346693396
1346693611	Triggered	1,14,15,16,17,18,19,20,21,22,	 PureTone-9kHz	40	2	1346693611
1346698343	Triggered	4,42,43,44,45,46,	 NoSound	40	2	1346698343
1346698543	Triggered	4,42,43,44,45,46,	 File_beep2	40	2	1346698543
1346710975	Triggered	1,14,15,16,17,18,19,20,21,22,	 NoSound	40	2	1346710975
1346711179	Triggered	1,14,15,16,17,18,19,20,21,22,	 PureTone-7kHz	40	2	1346711179
1346717126	Triggered	4,42,43,44,45,46,	 NoSound	40	2	1346717126
1346717328	Triggered	4,42,43,44,45,46,	 File_beep2	40	2	1346717328
1346731297	Triggered	1,14,15,16,17,18,19,20,21,22,	 NoSound	40	2	1346731297
1346731500	Triggered	1,14,15,16,17,18,19,20,21,22,	 PureTone-5kHz	40	2	1346731500
1346737914	Triggered	6,47,48,49,50,51,	 NoSound	40	2	1346737914
1346738115	Triggered	6,47,48,49,50,51,	 File_beep4	40	2	1346738115
1346766185	Triggered	1,14,15,16,17,18,19,20,21,22,	 NoSound	40	2	1346766185
1346766389	Triggered	1,14,15,16,17,18,19,20,21,22,	 PureTone-3kHz	40	2	1346766389
1346771533	Triggered	4,42,43,44,45,46,	 NoSound	40	2	1346771533
1346771734	Triggered	4,42,43,44,45,46,	 File_beep2	40	2	1346771734
1346786639	Triggered	1,14,15,16,17,18,19,20,21,22,	 NoSound	40	2	1346786639
1346786841	Triggered	1,14,15,16,17,18,19,20,21,22,	 PureTone-2kHz	40	2	1346786841
1346791855	Triggered	4,42,43,44,45,46,	 NoSound	40	2	1346791855
1346792056	Triggered	4,42,43,44,45,46,	 File_beep2	40	2	1346792056
1346805098	Triggered	1,14,15,16,17,18,19,20,21,22,	 NoSound	40	2	1346805098
1346805300	Triggered	1,14,15,16,17,18,19,20,21,22,	 PureTone-1kHz	40	2	1346805300
1346810569	Triggered	4,42,43,44,45,46,	 NoSound	40	2	1346810569
1346810771	Triggered	4,42,43,44,45,46,	 File_beep2	40	2	1346810771
1346823870	Triggered	1,14,15,16,17,18,19,20,21,22,	 NoSound	40	2	1346823870
1346824071	Triggered	1,14,15,16,17,18,19,20,21,22,	 StopSoundShort	40	2	1346824071
1346895990	Triggered	5,23,24,25,26,27,28,29,30,31,	 NoSound	40	2	1346895990
1346896207	Triggered	5,23,24,25,26,27,28,29,30,31,	 PureTone-3kHz	40	2	1346896207
1346902475	Triggered	2,37,38,39,40,41,	 NoSound	40	2	1346902475
1346902677	Triggered	2,37,38,39,40,41,	 File_beep2	40	2	1346902677
1346915710	Triggered	5,23,24,25,26,27,28,29,30,31,	 NoSound	40	2	1346915710
1346915913	Triggered	5,23,24,25,26,27,28,29,30,31,	 PureTone-2kHz	40	2	1346915913
1346921925	Triggered	2,37,38,39,40,41,	 NoSound	40	2	1346921925
1346922127	Triggered	2,37,38,39,40,41,	 File_beep2	40	2	1346922127
1346935895	Triggered	5,23,24,25,26,27,28,29,30,31,	 NoSound	40	2	1346935895
1346936107	Triggered	5,23,24,25,26,27,28,29,30,31,	 PureTone-1kHz	40	2	1346936107
1346942646	Triggered	8,52,53,54,55,56,	 NoSound	40	2	1346942646
1346951268	Triggered	5,23,24,25,26,27,28,29,30,31,	 NoSound	40	2	1346951268
1346951470	Triggered	5,23,24,25,26,27,28,29,30,31,	 StopSoundLong	40	2	1346951470
1346968447	Triggered	1,14,15,16,17,18,19,20,21,22,	 NoSound	40	2	1346968447
1346973593	Triggered	4,42,43,44,45,46,	 NoSound	40	2	1346973593
1346973796	Triggered	4,42,43,44,45,46,	 File_beep5	40	2	1346973796
1346992710	Triggered	1,14,15,16,17,18,19,20,21,22,	 NoSound	40	2	1346992710
1346992914	Triggered	1,14,15,16,17,18,19,20,21,22,	 PureTone-11kHz	40	2	1346992914
1346998391	Triggered	4,42,43,44,45,46,	 NoSound	40	2	1346998391
1346998594	Triggered	4,42,43,44,45,46,	 File_beep5	40	2	1346998594
1347017040	Triggered	1,14,15,16,17,18,19,20,21,22,	 NoSound	40	2	1347017040
1347017244	Triggered	1,14,15,16,17,18,19,20,21,22,	 PureTone-9kHz	40	2	1347017244
1347021519	Triggered	4,42,43,44,45,46,	 NoSound	40	2	1347021519
1347021721	Triggered	4,42,43,44,45,46,	 File_beep5	40	2	1347021721
1347040300	Triggered	1,14,15,16,17,18,19,20,21,22,	 NoSound	40	2	1347040300
1347040503	Triggered	1,14,15,16,17,18,19,20,21,22,	 PureTone-7kHz	40	2	1347040503
1347045714	Triggered	6,47,48,49,50,51,	 NoSound	40	2	1347045714
1347045917	Triggered	6,47,48,49,50,51,	 File_beep3	40	2	1347045917
1347057814	Triggered	1,14,15,16,17,18,19,20,21,22,	 NoSound	40	2	1347057814
1347058015	Triggered	1,14,15,16,17,18,19,20,21,22,	 PureTone-5kHz	40	2	1347058015
1347063361	Triggered	4,42,43,44,45,46,	 NoSound	40	2	1347063361
1347063563	Triggered	4,42,43,44,45,46,	 File_beep5	40	2	1347063563
1347088961	Triggered	1,14,15,16,17,18,19,20,21,22,	 NoSound	40	2	1347088961
1347089164	Triggered	1,14,15,16,17,18,19,20,21,22,	 PureTone-3kHz	40	2	1347089164
1347093773	Triggered	4,42,43,44,45,46,	 NoSound	40	2	1347093773
1347093976	Triggered	4,42,43,44,45,46,	 File_beep5	40	2	1347093976
1347112757	Triggered	1,14,15,16,17,18,19,20,21,22,	 NoSound	40	2	1347112757
1347112959	Triggered	1,14,15,16,17,18,19,20,21,22,	 PureTone-2kHz	40	2	1347112959
1347117436	Triggered	4,42,43,44,45,46,	 NoSound	40	2	1347117436
1347117640	Triggered	4,42,43,44,45,46,	 File_beep5	40	2	1347117640
1347137821	Triggered	1,14,15,16,17,18,19,20,21,22,	 NoSound	40	2	1347137821
1347138023	Triggered	1,14,15,16,17,18,19,20,21,22,	 PureTone-1kHz	40	2	1347138023
1347142501	Triggered	4,42,43,44,45,46,	 NoSound	40	2	1347142501
1347142703	Triggered	4,42,43,44,45,46,	 File_beep5	40	2	1347142703
1347165093	Triggered	1,14,15,16,17,18,19,20,21,22,	 NoSound	40	2	1347165093
1347165294	Triggered	1,14,15,16,17,18,19,20,21,22,	 StopSoundShort	40	2	1347165294
1347190090	Triggered	5,23,24,25,26,27,28,29,30,31,	 NoSound	40	2	1347190090
1347190294	Triggered	5,23,24,25,26,27,28,29,30,31,	 PureTone-3kHz	40	2	1347190294
1347195039	Triggered	2,37,38,39,40,41,	 NoSound	40	2	1347195039
1347195240	Triggered	2,37,38,39,40,41,	 File_beep1	40	2	1347195240
1347203394	Triggered	5,23,24,25,26,27,28,29,30,31,	 NoSound	40	2	1347203394
1347203597	Triggered	5,23,24,25,26,27,28,29,30,31,	 PureTone-2kHz	40	2	1347203597
1347208807	Triggered	8,52,53,54,55,56,	 NoSound	40	2	1347208807
1347209010	Triggered	8,52,53,54,55,56,	 File_beep5	40	2	1347209010
1347230931	Triggered	5,23,24,25,26,27,28,29,30,31,	 NoSound	40	2	1347230931
1347231132	Triggered	5,23,24,25,26,27,28,29,30,31,	 PureTone-1kHz	40	2	1347231132
1347235679	Triggered	8,52,53,54,55,56,	 NoSound	40	2	1347235679
1347235882	Triggered	8,52,53,54,55,56,	 File_beep5	40	2	1347235882
1347255997	Triggered	5,23,24,25,26,27,28,29,30,31,	 NoSound	40	2	1347255997
1347256199	Triggered	5,23,24,25,26,27,28,29,30,31,	 StopSoundLong	40	2	1347256199
1347276784	Triggered	1,14,15,16,17,18,19,20,21,22,	 NoSound	40	2	1347276784
1347281998	Triggered	4,42,43,44,45,46,	 NoSound	40	2	1347281998
1347282200	Triggered	4,42,43,44,45,46,	 File_beep4	40	2	1347282200
1347298574	Triggered	1,14,15,16,17,18,19,20,21,22,	 NoSound	40	2	1347298574
1347298779	Triggered	1,14,15,16,17,18,19,20,21,22,	 PureTone-11kHz	40	2	1347298779
1347302518	Triggered	4,42,43,44,45,46,	 NoSound	40	2	1347302518
1347302719	Triggered	4,42,43,44,45,46,	 File_beep4	40	2	1347302719
1347318492	Triggered	1,14,15,16,17,18,19,20,21,22,	 NoSound	40	2	1347318492
1347318707	Triggered	1,14,15,16,17,18,19,20,21,22,	 PureTone-9kHz	40	2	1347318707
1347322570	Triggered	4,42,43,44,45,46,	 NoSound	40	2	1347322570
1347322773	Triggered	4,42,43,44,45,46,	 File_beep4	40	2	1347322773
1347340216	Triggered	1,14,15,16,17,18,19,20,21,22,	 NoSound	40	2	1347340216
1347340420	Triggered	1,14,15,16,17,18,19,20,21,22,	 PureTone-7kHz	40	2	1347340420
1347344762	Triggered	4,42,43,44,45,46,	 NoSound	40	2	1347344762
1347344964	Triggered	4,42,43,44,45,46,	 File_beep4	40	2	1347344964
1347368155	Triggered	1,14,15,16,17,18,19,20,21,22,	 NoSound	40	2	1347368155
1347368358	Triggered	1,14,15,16,17,18,19,20,21,22,	 PureTone-5kHz	40	2	1347368358
1347372901	Triggered	4,42,43,44,45,46,	 NoSound	40	2	1347372901
1347373104	Triggered	4,42,43,44,45,46,	 File_beep4	40	2	1347373104
1347391950	Triggered	1,14,15,16,17,18,19,20,21,22,	 NoSound	40	2	1347391950
1347392153	Triggered	1,14,15,16,17,18,19,20,21,22,	 PureTone-3kHz	40	2	1347392153
1347396898	Triggered	4,42,43,44,45,46,	 NoSound	40	2	1347396898
1347397101	Triggered	4,42,43,44,45,46,	 File_beep4	40	2	1347397101
1347414543	Triggered	1,14,15,16,17,18,19,20,21,22,	 NoSound	40	2	1347414543
1347414756	Triggered	1,14,15,16,17,18,19,20,21,22,	 PureTone-2kHz	40	2	1347414756
1347419489	Triggered	4,42,43,44,45,46,	 NoSound	40	2	1347419489
1347419691	Triggered	4,42,43,44,45,46,	 File_beep4	40	2	1347419691
1347443218	Triggered	1,14,15,16,17,18,19,20,21,22,	 NoSound	40	2	1347443218
1347443420	Triggered	1,14,15,16,17,18,19,20,21,22,	 PureTone-1kHz	40	2	1347443420
1347448968	Triggered	4,42,43,44,45,46,	 NoSound	40	2	1347448968
1347449169	Triggered	4,42,43,44,45,46,	 File_beep4	40	2	1347449169
1347484659	Triggered	1,14,15,16,17,18,19,20,21,22,	 NoSound	40	2	1347484659
1347484860	Triggered	1,14,15,16,17,18,19,20,21,22,	 StopSoundShort	40	2	1347484860
1347523027	Triggered	5,23,24,25,26,27,28,29,30,31,	 NoSound	40	2	1347523027
1347523231	Triggered	5,23,24,25,26,27,28,29,30,31,	 PureTone-3kHz	40	2	1347523231
1347530113	Triggered	8,52,53,54,55,56,	 NoSound	40	2	1347530113
1347530314	Triggered	8,52,53,54,55,56,	 File_beep3	40	2	1347530314
