Thursday, August 13, 2020	11:08:56 AM	Game1.txt	1638277622
Cued	Now	1638289111
9	BlinkStart	1638289139
9	BlinkEnd	1638551149
24,5	BlinkStart	1638551235
24,5	BlinkEnd	1638566344
5	0DropFeed	1638566424
24	NoFeedAbort	1638566504
1	BlinkStart	1638576520
1	BlinkEnd	1638579112
1	NoFeedLowProb	1638579192
6,47	BlinkStart	1638579205
6,47	BlinkEnd	1638584058
6	Feed	1638584138
47	Feed	1638584218
21,1	BlinkStart	1638584305
21,1	BlinkEnd	1638591812
1	0DropFeed	1638591892
21	Feed	1638591972
6,47,4	BlinkStart	1638592059
6,47,4	BlinkEnd	1638595687
6	Feed	1638595767
47	Feed	1638595848
20,1	BlinkStart	1638595934
20,1	BlinkEnd	1638602105
1	0DropFeed	1638602186
20	Feed	1638602267
6,47,4	BlinkStart	1638602357
6,47,4	BlinkEnd	1638606115
4	0DropFeed	1638606195
19,1	BlinkStart	1638606288
19,1	BlinkEnd	1638619549
1	0DropFeed	1638619629
19	Feed	1638619709
6,47,4	BlinkStart	1638619804
6,47,4	BlinkEnd	1638626166
6	Feed	1638626246
47	Feed	1638626326
18,1	BlinkStart	1638626427
18,1	BlinkEnd	1638632383
1	0DropFeed	1638632463
18	Feed	1638632543
6,47,4	BlinkStart	1638632634
6,47,4	BlinkEnd	1638636794
6	Feed	1638636875
47	Feed	1638636955
17,1	BlinkStart	1638637041
17,1	BlinkEnd	1638643212
1	0DropFeed	1638643292
17	Feed	1638643372
6,47,4	BlinkStart	1638643464
6,47,4	BlinkEnd	1638647824
4	0DropFeed	1638647904
16,1	BlinkStart	1638647993
16,1	BlinkEnd	1638652442
1	0DropFeed	1638652522
16	Feed	1638652602
6,47,4	BlinkStart	1638652688
6,47,4	BlinkEnd	1638656513
6	Feed	1638656593
47	Feed	1638656674
14,1	BlinkStart	1638656775
14,1	BlinkEnd	1638662796
1	0DropFeed	1638662876
14	NoFeedAbort	1638662957
5	BlinkStart	1638672971
5	BlinkEnd	1638674226
5	NoFeedLowProb	1638674306
8,52	BlinkStart	1638674313
8,52	BlinkEnd	1638678303
8	Feed	1638678383
52	Feed	1638678463
25,5	BlinkStart	1638678552
25,5	BlinkEnd	1638687194
5	0DropFeed	1638687274
25	Feed	1638687354
8,52,2	BlinkStart	1638687446
8,52,2	BlinkEnd	1638691337
8	Feed	1638691417
52	Feed	1638691498
24,5	BlinkStart	1638691599
24,5	BlinkEnd	1638700694
5	0DropFeed	1638700774
24	NoFeedAbort	1638700854
1	BlinkStart	1638710876
1	BlinkEnd	1638713997
1	NoFeedLowProb	1638714078
6,48	BlinkStart	1638714104
6,48	BlinkEnd	1638716937
6	Feed	1638717017
48	Feed	1638717097
21,1	BlinkStart	1638717198
21,1	BlinkEnd	1638726295
1	0DropFeed	1638726375
21	Feed	1638726455
6,48,4,44	BlinkStart	1638726563
6,48,4,44	BlinkEnd	1638728836
6	Feed	1638728916
48	Feed	1638728996
20,1	BlinkStart	1638729097
20,1	BlinkEnd	1638737122
1	0DropFeed	1638737202
20	Feed	1638737283
6,48,4,44	BlinkStart	1638737388
6,48,4,44	BlinkEnd	1638739462
6	Feed	1638739542
48	Feed	1638739623
19,1	BlinkStart	1638739709
19,1	BlinkEnd	1638748620
1	0DropFeed	1638748700
19	Feed	1638748781
6,48,4,44	BlinkStart	1638748947
6,48,4,44	BlinkEnd	1638750832
6	Feed	1638750912
48	Feed	1638750992
18,1	BlinkStart	1638751152
18,1	BlinkEnd	1638760652
1	0DropFeed	1638760732
18	Feed	1638760812
6,48,4,44	BlinkStart	1638760967
6,48,4,44	BlinkEnd	1638763057
6	Feed	1638763137
48	Feed	1638763217
17,1	BlinkStart	1638763405
17,1	BlinkEnd	1638771880
1	0DropFeed	1638771960
17	Feed	1638772040
6,48,4,44	BlinkStart	1638772198
6,48,4,44	BlinkEnd	1638775021
6	Feed	1638775101
48	Feed	1638775181
16,1	BlinkStart	1638775332
16,1	BlinkEnd	1638783978
1	0DropFeed	1638784058
16	Feed	1638784139
6,48,4,44	BlinkStart	1638784304
6,48,4,44	BlinkEnd	1638787521
4	Feed	1638787601
44	Feed	1638787681
14,1	BlinkStart	1638787827
14,1	BlinkEnd	1638801495
1	0DropFeed	1638801575
14	NoFeedAbort	1638801655
5	BlinkStart	1638811760
5	BlinkEnd	1638814392
5	NoFeedLowProb	1638814472
2,37	BlinkStart	1638814564
2,37	BlinkEnd	1638817600
2	Feed	1638817680
37	Feed	1638817760
25,5	BlinkStart	1638817926
25,5	BlinkEnd	1638824417
5	0DropFeed	1638824497
25	Feed	1638824577
2,37,8,53	BlinkStart	1638824749
2,37,8,53	BlinkEnd	1638827960
8	Feed	1638828040
53	Feed	1638828120
24,5	BlinkStart	1638828280
24,5	BlinkEnd	1638837651
5	0DropFeed	1638837731
24	NoFeedAbort	1638837811
1	BlinkStart	1638847890
1	BlinkEnd	1638849950
1	NoFeedLowProb	1638850030
6,48	BlinkStart	1638850129
6,48	BlinkEnd	1638853827
6	Feed	1638853907
48	Feed	1638853987
21,1	BlinkStart	1638854136
21,1	BlinkEnd	1638863586
1	0DropFeed	1638863666
21	Feed	1638863746
6,48,4,42	BlinkStart	1638863937
6,48,4,42	BlinkEnd	1638865666
6	Feed	1638865746
48	Feed	1638865826
20,1	BlinkStart	1638865973
20,1	BlinkEnd	1638874280
1	0DropFeed	1638874360
20	Feed	1638874440
6,48,4,42	BlinkStart	1638874598
6,48,4,42	BlinkEnd	1638876619
6	Feed	1638876699
48	Feed	1638876780
19,1	BlinkStart	1638876973
19,1	BlinkEnd	1638885577
1	0DropFeed	1638885657
19	Feed	1638885737
6,48,4,42	BlinkStart	1638885888
6,48,4,42	BlinkEnd	1638887783
6	Feed	1638887863
48	Feed	1638887943
18,1	BlinkStart	1638888089
18,1	BlinkEnd	1638901018
1	0DropFeed	1638901098
18	Feed	1638901178
6,48,4,42	BlinkStart	1638901345
6,48,4,42	BlinkEnd	1638904493
4	Feed	1638904573
42	Feed	1638904653
17,1	BlinkStart	1638904814
17,1	BlinkEnd	1638913316
1	0DropFeed	1638913396
17	Feed	1638913476
6,48,4,42	BlinkStart	1638913628
6,48,4,42	BlinkEnd	1638916928
4	Feed	1638917008
42	Feed	1638917088
16,1	BlinkStart	1638917288
16,1	BlinkEnd	1638925279
1	0DropFeed	1638925359
16	Feed	1638925439
6,48,4,42	BlinkStart	1638925631
6,48,4,42	BlinkEnd	1638928154
4	Feed	1638928235
42	Feed	1638928316
14,1	BlinkStart	1638928472
14,1	BlinkEnd	1638936644
1	0DropFeed	1638936724
14	NoFeedAbort	1638936805
5	BlinkStart	1638946886
5	BlinkEnd	1638947149
5	NoFeedLowProb	1638947229
8,52	BlinkStart	1638947298
8,52	BlinkEnd	1638953420
8	Feed	1638953500
52	Feed	1638953580
25,5	BlinkStart	1638953743
25,5	BlinkEnd	1638962510
5	0DropFeed	1638962590
25	Feed	1638962671
8,52,2,38	BlinkStart	1638962836
8,52,2,38	BlinkEnd	1638966052
8	Feed	1638966132
52	Feed	1638966212
24,5	BlinkStart	1638966370
24,5	BlinkEnd	1638972607
5	0DropFeed	1638972687
24	NoFeedAbort	1638972767
1	BlinkStart	1638982828
1	BlinkEnd	1638983633
1	NoFeedLowProb	1638983713
4,43	BlinkStart	1638983808
4,43	BlinkEnd	1638986239
4	Feed	1638986319
43	Feed	1638986399
21,1	BlinkStart	1638986556
21,1	BlinkEnd	1638998544
1	0DropFeed	1638998624
21	Feed	1638998704
4,43,6,49	BlinkStart	1638998863
4,43,6,49	BlinkEnd	1639001077
4	Feed	1639001157
43	Feed	1639001237
20,1	BlinkStart	1639001406
20,1	BlinkEnd	1639011572
1	0DropFeed	1639011652
20	Feed	1639011732
4,43,6,49	BlinkStart	1639011884
4,43,6,49	BlinkEnd	1639013912
4	Feed	1639013992
43	Feed	1639014072
19,1	BlinkStart	1639014247
19,1	BlinkEnd	1639024806
1	0DropFeed	1639024887
19	Feed	1639024968
4,43,6,49	BlinkStart	1639025128
4,43,6,49	BlinkEnd	1639026945
4	Feed	1639027025
43	Feed	1639027105
18,1	BlinkStart	1639027253
18,1	BlinkEnd	1639041522
1	0DropFeed	1639041602
18	Feed	1639041682
4,43,6,49	BlinkStart	1639041843
4,43,6,49	BlinkEnd	1639060165
6	Feed	1639060245
49	Feed	1639060325
17,1	BlinkStart	1639060487
17,1	BlinkEnd	1639072799
1	0DropFeed	1639072879
17	Feed	1639072959
4,43,6,49	BlinkStart	1639073135
4,43,6,49	BlinkEnd	1639075739
6	Feed	1639075819
49	Feed	1639075899
16,1	BlinkStart	1639076074
16,1	BlinkEnd	1639087639
1	0DropFeed	1639087719
16	Feed	1639087800
4,43,6,49	BlinkStart	1639087968
4,43,6,49	BlinkEnd	1639090711
6	Feed	1639090791
49	Feed	1639090872
14,1	BlinkStart	1639091029
14,1	BlinkEnd	1639101004
1	0DropFeed	1639101084
14	NoFeedAbort	1639101164
5	BlinkStart	1639111247
5	BlinkEnd	1639111515
5	NoFeedLowProb	1639111596
8,53	BlinkStart	1639111704
8,53	BlinkEnd	1639114975
8	Feed	1639115055
53	Feed	1639115135
25,5	BlinkStart	1639115277
25,5	BlinkEnd	1639127206
5	0DropFeed	1639127286
25	Feed	1639127367
8,53,2,37	BlinkStart	1639127552
8,53,2,37	BlinkEnd	1639130623
8	Feed	1639130703
53	Feed	1639130783
24,5	BlinkStart	1639130947
24,5	BlinkEnd	1639140708
5	0DropFeed	1639140788
24	NoFeedAbort	1639140868
1	BlinkStart	1639150942
1	BlinkEnd	1639155681
1	NoFeedLowProb	1639155761
6,47	BlinkStart	1639155861
6,47	BlinkEnd	1639159090
6	Feed	1639159170
47	Feed	1639159250
21,1	BlinkStart	1639159418
21,1	BlinkEnd	1639167845
1	0DropFeed	1639167925
21	Feed	1639168005
6,47,4	BlinkStart	1639168189
6,47,4	BlinkEnd	1639170518
6	Feed	1639170599
47	Feed	1639170679
20,1	BlinkStart	1639170817
20,1	BlinkEnd	1639178539
1	0DropFeed	1639178619
20	Feed	1639178700
6,47,4	BlinkStart	1639178863
6,47,4	BlinkEnd	1639181079
6	Feed	1639181159
47	Feed	1639181240
19,1	BlinkStart	1639181404
19,1	BlinkEnd	1639189101
1	0DropFeed	1639189181
19	Feed	1639189261
6,47,4	BlinkStart	1639189429
6,47,4	BlinkEnd	1639191842
6	Feed	1639191922
47	Feed	1639192002
18,1	BlinkStart	1639192156
18,1	BlinkEnd	1639200998
1	0DropFeed	1639201078
18	Feed	1639201158
6,47,4	BlinkStart	1639201319
6,47,4	BlinkEnd	1639203939
6	Feed	1639204019
47	Feed	1639204099
17,1	BlinkStart	1639204257
17,1	BlinkEnd	1639212227
1	0DropFeed	1639212307
17	Feed	1639212387
6,47,4	BlinkStart	1639212538
6,47,4	BlinkEnd	1639215637
6	Feed	1639215717
47	Feed	1639215797
16,1	BlinkStart	1639215935
16,1	BlinkEnd	1639222654
1	0DropFeed	1639222734
16	Feed	1639222814
6,47,4	BlinkStart	1639222975
6,47,4	BlinkEnd	1639225931
4	0DropFeed	1639226011
14,1	BlinkStart	1639226166
14,1	BlinkEnd	1639257679
1	0DropFeed	1639257760
14	NoFeedAbort	1639257840
5	BlinkStart	1639267908
5	BlinkEnd	1639272387
5	NoFeedLowProb	1639272467
2,38	BlinkStart	1639272544
2,38	BlinkEnd	1639275461
2	Feed	1639275541
38	Feed	1639275622
25,5	BlinkStart	1639275769
25,5	BlinkEnd	1639286757
5	0DropFeed	1639286837
25	Feed	1639286917
2,38,8,54	BlinkStart	1639287089
2,38,8,54	BlinkEnd	1639290232
8	Feed	1639290312
54	Feed	1639290392
24,5	BlinkStart	1639290539
24,5	BlinkEnd	1639309748
5	0DropFeed	1639309828
24	NoFeedAbort	1639309908
1	BlinkStart	1639319982
1	BlinkEnd	1639321579
1	NoFeedLowProb	1639321659
6,48	BlinkStart	1639321746
6,48	BlinkEnd	1639324321
6	Feed	1639324401
48	Feed	1639324481
21,1	BlinkStart	1639324634
21,1	BlinkEnd	1639333278
1	0DropFeed	1639333359
21	Feed	1639333440
6,48,4,42	BlinkStart	1639333609
6,48,4,42	BlinkEnd	1639335950
6	Feed	1639336030
48	Feed	1639336111
20,1	BlinkStart	1639336301
20,1	BlinkEnd	1639345174
1	0DropFeed	1639345254
20	Feed	1639345334
6,48,4,42	BlinkStart	1639345489
6,48,4,42	BlinkEnd	1639347782
6	Feed	1639347862
48	Feed	1639347942
19,1	BlinkStart	1639348115
19,1	BlinkEnd	1639357414
1	0DropFeed	1639357494
19	Feed	1639357574
6,48,4,42	BlinkStart	1639357767
6,48,4,42	BlinkEnd	1639360213
6	Feed	1639360293
48	Feed	1639360373
18,1	BlinkStart	1639360538
18,1	BlinkEnd	1639370307
1	0DropFeed	1639370387
18	Feed	1639370467
6,48,4,42	BlinkStart	1639370624
6,48,4,42	BlinkEnd	1639372780
6	Feed	1639372861
48	Feed	1639372941
17,1	BlinkStart	1639373106
17,1	BlinkEnd	1639382071
1	0DropFeed	1639382151
17	Feed	1639382231
6,48,4,42	BlinkStart	1639382384
6,48,4,42	BlinkEnd	1639385213
6	Feed	1639385293
48	Feed	1639385373
16,1	BlinkStart	1639385516
16,1	BlinkEnd	1639396314
1	0DropFeed	1639396395
16	Feed	1639396475
6,48,4,42	BlinkStart	1639396648
6,48,4,42	BlinkEnd	1639399857
4	Feed	1639399937
42	Feed	1639400017
14,1	BlinkStart	1639400158
14,1	BlinkEnd	1639408606
1	0DropFeed	1639408686
14	NoFeedAbort	1639408766
5	BlinkStart	1639418844
5	BlinkEnd	1639480196
5	NoFeedLowProb	1639480276
8,53	BlinkStart	1639480356
8,53	BlinkEnd	1639489618
8	Feed	1639489698
53	Feed	1639489778
25,5	BlinkStart	1639489937
25,5	BlinkEnd	1639504992
5	0DropFeed	1639505072
25	Feed	1639505152
8,53,2,39	BlinkStart	1639505322
8,53,2,39	BlinkEnd	1639508935
8	Feed	1639509015
53	Feed	1639509095
24,5	BlinkStart	1639509243
24,5	BlinkEnd	1639522643
5	0DropFeed	1639522723
24	NoFeedAbort	1639522804
1	BlinkStart	1639532871
1	BlinkEnd	1639535472
1	NoFeedLowProb	1639535552
4,43	BlinkStart	1639535630
4,43	BlinkEnd	1639537811
4	Feed	1639537891
43	Feed	1639537972
21,1	BlinkStart	1639538116
21,1	BlinkEnd	1639549443
1	0DropFeed	1639549523
21	Feed	1639549603
4,43,6,47	BlinkStart	1639549771
4,43,6,47	BlinkEnd	1639552718
4	Feed	1639552799
43	Feed	1639552879
20,1	BlinkStart	1639553026
20,1	BlinkEnd	1639566217
1	0DropFeed	1639566297
20	Feed	1639566377
4,43,6,47	BlinkStart	1639566539
4,43,6,47	BlinkEnd	1639568958
4	Feed	1639569038
43	Feed	1639569118
19,1	BlinkStart	1639569274
19,1	BlinkEnd	1639580724
1	0DropFeed	1639580804
19	Feed	1639580884
4,43,6,47	BlinkStart	1639581048
4,43,6,47	BlinkEnd	1639583605
4	Feed	1639583686
43	Feed	1639583766
18,1	BlinkStart	1639583910
18,1	BlinkEnd	1639597901
1	0DropFeed	1639597981
18	Feed	1639598061
4,43,6,47	BlinkStart	1639598235
4,43,6,47	BlinkEnd	1639601176
4	Feed	1639601258
43	Feed	1639601338
17,1	BlinkStart	1639601492
17,1	BlinkEnd	1639612272
1	0DropFeed	1639612352
17	Feed	1639612433
4,43,6,47	BlinkStart	1639612592
4,43,6,47	BlinkEnd	1639615287
4	Feed	1639615367
43	Feed	1639615447
16,1	BlinkStart	1639615589
16,1	BlinkEnd	1639631186
1	0DropFeed	1639631266
16	Feed	1639631346
4,43,6,47	BlinkStart	1639631508
4,43,6,47	BlinkEnd	1639634863
4	Feed	1639634943
43	Feed	1639635023
14,1	BlinkStart	1639635177
14,1	BlinkEnd	1639647441
1	0DropFeed	1639647521
14	NoFeedAbort	1639647601
5	BlinkStart	1639657667
5	BlinkEnd	1639657931
5	NoFeedLowProb	1639658011
2,37	BlinkStart	1639658096
2,37	BlinkEnd	1639661800
2	Feed	1639661880
37	Feed	1639661960
25,5	BlinkStart	1639662129
25,5	BlinkEnd	1639670890
5	0DropFeed	1639670970
25	Feed	1639671051
2,37,8,53	BlinkStart	1639671216
2,37,8,53	BlinkEnd	1639674232
8	Feed	1639674313
53	Feed	1639674393
24,5	BlinkStart	1639674534
24,5	BlinkEnd	1639694218
5	0DropFeed	1639694299
24	NoFeedAbort	1639694379
1	BlinkStart	1639704448
1	BlinkEnd	1639708255
1	NoFeedLowProb	1639708335
4,42	BlinkStart	1639708412
4,42	BlinkEnd	1639711798
4	Feed	1639711878
42	Feed	1639711958
21,1	BlinkStart	1639712111
21,1	BlinkEnd	1639722159
1	0DropFeed	1639722239
21	Feed	1639722319
4,42,6,48	BlinkStart	1639722496
4,42,6,48	BlinkEnd	1639725434
4	Feed	1639725514
42	Feed	1639725594
20,1	BlinkStart	1639725741
20,1	BlinkEnd	1639735866
1	0DropFeed	1639735946
20	Feed	1639736026
4,42,6,48	BlinkStart	1639736180
4,42,6,48	BlinkEnd	1639738667
4	Feed	1639738747
42	Feed	1639738827
19,1	BlinkStart	1639738972
19,1	BlinkEnd	1639748625
1	0DropFeed	1639748705
19	Feed	1639748785
4,42,6,48	BlinkStart	1639748946
4,42,6,48	BlinkEnd	1639751767
4	Feed	1639751847
42	Feed	1639751927
18,1	BlinkStart	1639752094
18,1	BlinkEnd	1639761392
1	0DropFeed	1639761473
18	Feed	1639761553
4,42,6,48	BlinkStart	1639761737
4,42,6,48	BlinkEnd	1639764601
4	Feed	1639764681
42	Feed	1639764761
17,1	BlinkStart	1639764934
17,1	BlinkEnd	1639773766
1	0DropFeed	1639773846
17	Feed	1639773927
4,42,6,48	BlinkStart	1639774080
4,42,6,48	BlinkEnd	1639777033
4	Feed	1639777113
42	Feed	1639777193
16,1	BlinkStart	1639777333
16,1	BlinkEnd	1639787728
1	0DropFeed	1639787808
16	Feed	1639787888
4,42,6,48	BlinkStart	1639788046
4,42,6,48	BlinkEnd	1639791270
4	Feed	1639791350
42	Feed	1639791430
14,1	BlinkStart	1639791576
14,1	BlinkEnd	1639801230
1	0DropFeed	1639801310
14	NoFeedAbort	1639801390
5	BlinkStart	1639811456
5	BlinkEnd	1639815939
5	NoFeedLowProb	1639816019
8,52	BlinkStart	1639816118
8,52	BlinkEnd	1639819744
8	Feed	1639819824
52	Feed	1639819904
25,5	BlinkStart	1639820064
25,5	BlinkEnd	1639828166
5	0DropFeed	1639828246
25	Feed	1639828326
8,52,2	BlinkStart	1639828493
8,52,2	BlinkEnd	1639831849
8	Feed	1639831930
52	Feed	1639832010
24,5	BlinkStart	1639832198
24,5	BlinkEnd	1639841601
5	0DropFeed	1639841681
24	NoFeedAbort	1639841761
1	BlinkStart	1639851841
1	BlinkEnd	1639853767
1	NoFeedLowProb	1639853847
6,48	BlinkStart	1639853921
6,48	BlinkEnd	1639857376
6	Feed	1639857456
48	Feed	1639857536
21,1	BlinkStart	1639857708
21,1	BlinkEnd	1639867609
1	0DropFeed	1639867689
21	Feed	1639867770
6,48,4,42	BlinkStart	1639867931
6,48,4,42	BlinkEnd	1639870677
6	Feed	1639870757
48	Feed	1639870837
20,1	BlinkStart	1639870998
20,1	BlinkEnd	1639882374
1	0DropFeed	1639882455
20	Feed	1639882535
6,48,4,42	BlinkStart	1639882714
6,48,4,42	BlinkEnd	1639885717
6	Feed	1639885797
48	Feed	1639885877
19,1	BlinkStart	1639886021
19,1	BlinkEnd	1639895481
1	0DropFeed	1639895561
19	Feed	1639895641
6,48,4,42	BlinkStart	1639895813
6,48,4,42	BlinkEnd	1639898416
6	Feed	1639898496
48	Feed	1639898576
18,1	BlinkStart	1639898737
18,1	BlinkEnd	1639908241
1	0DropFeed	1639908321
18	Feed	1639908401
6,48,4,42	BlinkStart	1639908559
6,48,4,42	BlinkEnd	1639911183
6	Feed	1639911263
48	Feed	1639911344
17,1	BlinkStart	1639911494
17,1	BlinkEnd	1639928896
1	0DropFeed	1639928976
17	Feed	1639929056
6,48,4,42	BlinkStart	1639929227
6,48,4,42	BlinkEnd	1639932438
4	Feed	1639932518
42	Feed	1639932598
16,1	BlinkStart	1639932749
16,1	BlinkEnd	1639940526
1	0DropFeed	1639940606
16	Feed	1639940686
6,48,4,42	BlinkStart	1639940846
6,48,4,42	BlinkEnd	1639944269
4	Feed	1639944349
42	Feed	1639944429
14,1	BlinkStart	1639944601
14,1	BlinkEnd	1639953226
1	0DropFeed	1639953306
14	NoFeedAbort	1639953386
5	BlinkStart	1639963455
5	BlinkEnd	1639966929
5	NoFeedLowProb	1639967009
2,37	BlinkStart	1639967089
2,37	BlinkEnd	1639970878
2	Feed	1639970959
37	Feed	1639971039
25,5	BlinkStart	1639971212
25,5	BlinkEnd	1639980698
5	0DropFeed	1639980778
25	Feed	1639980858
2,37,8	BlinkStart	1639981010
2,37,8	BlinkEnd	1639984239
8	0DropFeed	1639984319
24,5	BlinkStart	1639984507
24,5	BlinkEnd	1639992262
5	0DropFeed	1639992342
24	NoFeedAbort	1639992423
1	BlinkStart	1640002498
1	BlinkEnd	1640013116
1	NoFeedLowProb	1640013196
4,42	BlinkStart	1640013274
4,42	BlinkEnd	1640017125
4	Feed	1640017205
42	Feed	1640017285
21,1	BlinkStart	1640017424
21,1	BlinkEnd	1640026750
1	0DropFeed	1640026830
21	Feed	1640026910
4,42,6	BlinkStart	1640027071
4,42,6	BlinkEnd	1640030493
4	Feed	1640030573
42	Feed	1640030654
20,1	BlinkStart	1640030805
20,1	BlinkEnd	1640043995
1	0DropFeed	1640044075
20	Feed	1640044155
4,42,6	BlinkStart	1640044323
4,42,6	BlinkEnd	1640048206
4	Feed	1640048286
42	Feed	1640048366
19,1	BlinkStart	1640048517
19,1	BlinkEnd	1640086707
1	0DropFeed	1640086788
19	Feed	1640086869
4,42,6	BlinkStart	1640087020
4,42,6	BlinkEnd	1640090593
4	Feed	1640090674
42	Feed	1640090754
18,1	BlinkStart	1640090914
18,1	BlinkEnd	1640129949
4,42,6	BlinkStart	1640130099
4,42,6	BlinkEnd	1640156756
6	0DropFeed	1640156836
17,1	BlinkStart	1640157004
17,1	BlinkEnd	1640202408
1	0DropFeed	1640202488
17	Feed	1640202568
4,42,6	BlinkStart	1640202722
4,42,6	BlinkEnd	1640206687
4	Feed	1640206767
42	Feed	1640206847
16,1	BlinkStart	1640206993
16,1	BlinkEnd	1640218249
1	0DropFeed	1640218329
16	Feed	1640218409
4,42,6	BlinkStart	1640218568
4,42,6	BlinkEnd	1640222001
4	Feed	1640222081
42	Feed	1640222161
14,1	BlinkStart	1640222316
14,1	BlinkEnd	1640233023
1	0DropFeed	1640233103
14	NoFeedAbort	1640233183
5	BlinkStart	1640243254
5	BlinkEnd	1640244319
5	NoFeedLowProb	1640244399
2,37	BlinkStart	1640244473
2,37	BlinkEnd	1640247064
2	Feed	1640247144
37	Feed	1640247224
25,5	BlinkStart	1640247382
25,5	BlinkEnd	1640258489
5	0DropFeed	1640258570
25	Feed	1640258650
2,37,8,53	BlinkStart	1640258817
2,37,8,53	BlinkEnd	1640262901
8	Feed	1640262981
53	Feed	1640263061
24,5	BlinkStart	1640263216
24,5	BlinkEnd	1640266376
5	0DropFeed	1640266456
24	NoFeedAbort	1640266537
1	BlinkStart	1640276619
1	BlinkEnd	1640281148
1	NoFeedLowProb	1640281228
4,42	BlinkStart	1640281302
4,42	BlinkEnd	1640284155
4	Feed	1640284236
42	Feed	1640284316
21,1	BlinkStart	1640284460
21,1	BlinkEnd	1640294917
1	0DropFeed	1640294998
21	Feed	1640295078
4,42,6,48	BlinkStart	1640295246
4,42,6,48	BlinkEnd	1640297991
4	Feed	1640298071
42	Feed	1640298151
20,1	BlinkStart	1640298313
20,1	BlinkEnd	1640306882
1	0DropFeed	1640306962
20	Feed	1640307042
4,42,6,48	BlinkStart	1640307201
4,42,6,48	BlinkEnd	1640310157
4	Feed	1640310237
42	Feed	1640310317
19,1	BlinkStart	1640310468
19,1	BlinkEnd	1640320918
1	0DropFeed	1640320998
19	Feed	1640321078
4,42,6,48	BlinkStart	1640321249
4,42,6,48	BlinkEnd	1640324461
4	Feed	1640324541
42	Feed	1640324621
18,1	BlinkStart	1640324773
18,1	BlinkEnd	1640335155
1	0DropFeed	1640335235
18	Feed	1640335315
4,42,6,48	BlinkStart	1640335471
4,42,6,48	BlinkEnd	1640337828
4	Feed	1640337909
42	Feed	1640337989
17,1	BlinkStart	1640338135
17,1	BlinkEnd	1640351532
1	0DropFeed	1640351612
17	Feed	1640351692
4,42,6,48	BlinkStart	1640351858
4,42,6,48	BlinkEnd	1640354539
4	Feed	1640354619
42	Feed	1640354699
16,1	BlinkStart	1640354843
16,1	BlinkEnd	1640363429
1	0DropFeed	1640363510
16	Feed	1640363590
4,42,6,48	BlinkStart	1640363747
4,42,6,48	BlinkEnd	1640367037
4	Feed	1640367117
42	Feed	1640367197
14,1	BlinkStart	1640367343
14,1	BlinkEnd	1640378333
1	0DropFeed	1640378413
14	NoFeedAbort	1640378493
5	BlinkStart	1640388573
5	BlinkEnd	1640390431
5	NoFeedLowProb	1640390511
8,53	BlinkStart	1640390602
8,53	BlinkEnd	1640394040
8	Feed	1640394120
53	Feed	1640394200
25,5	BlinkStart	1640394356
25,5	BlinkEnd	1640408745
5	0DropFeed	1640408825
25	Feed	1640408905
8,53,2,39	BlinkStart	1640409082
8,53,2,39	BlinkEnd	1640412622
8	Feed	1640412702
53	Feed	1640412782
24,5	BlinkStart	1640412952
24,5	BlinkEnd	1640427460
5	0DropFeed	1640427540
24	NoFeedAbort	1640427620
1	BlinkStart	1640437697
1	BlinkEnd	1640444640
1	NoFeedLowProb	1640444720
4,43	BlinkStart	1640444810
4,43	BlinkEnd	1640447113
4	Feed	1640447193
43	Feed	1640447273
21,1	BlinkStart	1640447454
21,1	BlinkEnd	1640463897
1	0DropFeed	1640463977
21	Feed	1640464058
4,43,6,47	BlinkStart	1640464228
4,43,6,47	BlinkEnd	1640466831
4	Feed	1640466912
43	Feed	1640466992
20,1	BlinkStart	1640467133
20,1	BlinkEnd	1640482480
1	0DropFeed	1640482560
20	Feed	1640482640
4,43,6,47	BlinkStart	1640482839
4,43,6,47	BlinkEnd	1640485679
4	Feed	1640485759
43	Feed	1640485839
19,1	BlinkStart	1640486013
19,1	BlinkEnd	1640501734
1	0DropFeed	1640501814
19	Feed	1640501894
4,43,6,47	BlinkStart	1640502060
4,43,6,47	BlinkEnd	1640505331
4	Feed	1640505411
43	Feed	1640505491
18,1	BlinkStart	1640505654
18,1	BlinkEnd	1640520770
1	0DropFeed	1640520850
18	Feed	1640520930
4,43,6,47	BlinkStart	1640521092
4,43,6,47	BlinkEnd	1640524180
4	Feed	1640524260
43	Feed	1640524340
17,1	BlinkStart	1640524486
17,1	BlinkEnd	1640542561
1	0DropFeed	1640542641
17	Feed	1640542721
4,43,6,47	BlinkStart	1640542880
4,43,6,47	BlinkEnd	1640546304
4	Feed	1640546384
43	Feed	1640546464
16,1	BlinkStart	1640546630
16,1	BlinkEnd	1640562746
1	0DropFeed	1640562827
16	Feed	1640562907
4,43,6,47	BlinkStart	1640563065
4,43,6,47	BlinkEnd	1640566294
4	Feed	1640566374
43	Feed	1640566454
14,1	BlinkStart	1640566608
14,1	BlinkEnd	1640580861
1	0DropFeed	1640580941
14	NoFeedAbort	1640581021
5	BlinkStart	1640591087
5	BlinkEnd	1640591556
5	NoFeedLowProb	1640591636
2,38	BlinkStart	1640591737
2,38	BlinkEnd	1640595433
2	Feed	1640595513
38	Feed	1640595594
25,5	BlinkStart	1640595756
25,5	BlinkEnd	1640609335
5	0DropFeed	1640609415
25	Feed	1640609495
2,38,8,54	BlinkStart	1640609663
2,38,8,54	BlinkEnd	1640612878
2	Feed	1640612958
38	Feed	1640613038
24,5	BlinkStart	1640613176
24,5	BlinkEnd	1640630189
5	0DropFeed	1640630269
24	NoFeedAbort	1640630349
1	BlinkStart	1640640422
1	BlinkEnd	1640654051
1	NoFeedLowProb	1640654131
4,43	BlinkStart	1640654224
4,43	BlinkEnd	1640661003
4	Feed	1640661083
43	Feed	1640661163
21,1	BlinkStart	1640661303
21,1	BlinkEnd	1640679901
4,43,6,49	BlinkStart	1640680059
4,43,6,49	BlinkEnd	1640686135
6	Feed	1640686215
49	Feed	1640686295
20,1	BlinkStart	1640686449
20,1	BlinkEnd	1640703850
1	0DropFeed	1640703930
20	Feed	1640704010
4,43,6,49	BlinkStart	1640704176
4,43,6,49	BlinkEnd	1640713809
6	Feed	1640713889
49	Feed	1640713969
19,1	BlinkStart	1640714118
19,1	BlinkEnd	1640736199
1	0DropFeed	1640736279
19	Feed	1640736359
4,43,6,49	BlinkStart	1640736511
4,43,6,49	BlinkEnd	1640741080
4	Feed	1640741160
43	Feed	1640741240
18,1	BlinkStart	1640741394
18,1	BlinkEnd	1640765611
1	0DropFeed	1640765691
18	Feed	1640765772
4,43,6,49	BlinkStart	1640765931
4,43,6,49	BlinkEnd	1640766198
4	Feed	1640766279
43	Feed	1640766359
17,1	BlinkStart	1640766506
17,1	BlinkEnd	1640775235
1	0DropFeed	1640775315
17	Feed	1640775395
4,43,6,49	BlinkStart	1640775558
4,43,6,49	BlinkEnd	1640780114
6	Feed	1640780194
49	Feed	1640780274
16,1	BlinkStart	1640780418
16,1	BlinkEnd	1640795553
1	0DropFeed	1640795633
16	Feed	1640795713
4,43,6,49	BlinkStart	1640795871
4,43,6,49	BlinkEnd	1640799564
6	Feed	1640799644
49	Feed	1640799724
14,1	BlinkStart	1640799871
14,1	BlinkEnd	1640815941
1	0DropFeed	1640816021
14	NoFeedAbort	1640816101
5	BlinkStart	1640826166
5	BlinkEnd	1640826835
5	NoFeedLowProb	1640826915
2,38	BlinkStart	1640827012
2,38	BlinkEnd	1640831113
2	Feed	1640831193
38	Feed	1640831273
25,5	BlinkStart	1640831434
25,5	BlinkEnd	1640846420
5	0DropFeed	1640846500
25	Feed	1640846580
2,38,8,52	BlinkStart	1640846762
2,38,8,52	BlinkEnd	1640850631
8	Feed	1640850711
52	Feed	1640850792
24,5	BlinkStart	1640850948
24,5	BlinkEnd	1640862194
5	0DropFeed	1640862274
24	NoFeedAbort	1640862354
1	BlinkStart	1640872416
1	BlinkEnd	1640876966
1	NoFeedLowProb	1640877046
4,43	BlinkStart	1640877109
4,43	BlinkEnd	1640880910
4	Feed	1640880991
43	Feed	1640881071
21,1	BlinkStart	1640881223
21,1	BlinkEnd	1640896818
1	0DropFeed	1640896898
21	Feed	1640896978
4,43,6,47	BlinkStart	1640897140
4,43,6,47	BlinkEnd	1640900092
4	Feed	1640900172
43	Feed	1640900252
20,1	BlinkStart	1640900404
20,1	BlinkEnd	1640918007
1	0DropFeed	1640918087
20	Feed	1640918167
4,43,6,47	BlinkStart	1640918324
4,43,6,47	BlinkEnd	1640921281
4	Feed	1640921361
43	Feed	1640921441
19,1	BlinkStart	1640921618
19,1	BlinkEnd	1640937191
1	0DropFeed	1640937271
19	Feed	1640937351
4,43,6,47	BlinkStart	1640937510
4,43,6,47	BlinkEnd	1640940338
4	Feed	1640940418
43	Feed	1640940498
18,1	BlinkStart	1640940665
18,1	BlinkEnd	1640956976
1	0DropFeed	1640957056
18	Feed	1640957136
4,43,6,47	BlinkStart	1640957289
4,43,6,47	BlinkEnd	1640960049
4	Feed	1640960129
43	Feed	1640960209
17,1	BlinkStart	1640960367
17,1	BlinkEnd	1640978631
1	0DropFeed	1640978711
17	Feed	1640978791
4,43,6,47	BlinkStart	1640978970
4,43,6,47	BlinkEnd	1640982040
4	Feed	1640982120
43	Feed	1640982200
16,1	BlinkStart	1640982360
16,1	BlinkEnd	1640996479
1	0DropFeed	1640996559
16	Feed	1640996639
4,43,6,47	BlinkStart	1640996804
4,43,6,47	BlinkEnd	1641000422
4	Feed	1641000502
43	Feed	1641000583
14,1	BlinkStart	1641000737
14,1	BlinkEnd	1641014992
1	0DropFeed	1641015072
14	NoFeedAbort	1641015152
5	BlinkStart	1641025214
5	BlinkEnd	1641026021
5	NoFeedLowProb	1641026101
8,52	BlinkStart	1641026213
8,52	BlinkEnd	1641030098
8	Feed	1641030178
52	Feed	1641030259
25,5	BlinkStart	1641030423
25,5	BlinkEnd	1641045205
5	0DropFeed	1641045285
25	Feed	1641045365
8,52,2	BlinkStart	1641045534
8,52,2	BlinkEnd	1641049482
8	Feed	1641049562
52	Feed	1641049643
24,5	BlinkStart	1641049806
24,5	BlinkEnd	1641065992
5	0DropFeed	1641066072
24	NoFeedAbort	1641066152
1	BlinkStart	1641076221
1	BlinkEnd	1641081031
1	NoFeedLowProb	1641081111
6,48	BlinkStart	1641081178
6,48	BlinkEnd	1641085577
6	Feed	1641085657
48	Feed	1641085737
21,1	BlinkStart	1641085887
21,1	BlinkEnd	1641113515
1	0DropFeed	1641113595
21	Feed	1641113676
6,48,4,44	BlinkStart	1641113838
6,48,4,44	BlinkEnd	1641119331
4	Feed	1641119411
44	Feed	1641119491
20,1	BlinkStart	1641119641
20,1	BlinkEnd	1641137520
1	0DropFeed	1641137601
20	Feed	1641137681
6,48,4,44	BlinkStart	1641137842
6,48,4,44	BlinkEnd	1641140921
4	Feed	1641141001
44	Feed	1641141081
19,1	BlinkStart	1641141231
19,1	BlinkEnd	1641160640
1	0DropFeed	1641160720
19	Feed	1641160800
6,48,4,44	BlinkStart	1641160960
6,48,4,44	BlinkEnd	1641164315
4	Feed	1641164395
44	Feed	1641164475
18,1	BlinkStart	1641164624
18,1	BlinkEnd	1641185777
1	0DropFeed	1641185857
18	Feed	1641185938
6,48,4,44	BlinkStart	1641186111
6,48,4,44	BlinkEnd	1641189515
4	Feed	1641189595
44	Feed	1641189675
17,1	BlinkStart	1641189823
17,1	BlinkEnd	1641209835
1	0DropFeed	1641209915
17	Feed	1641209995
6,48,4,44	BlinkStart	1641210153
6,48,4,44	BlinkEnd	1641213711
4	Feed	1641213791
44	Feed	1641213871
16,1	BlinkStart	1641214019
16,1	BlinkEnd	1641233029
1	0DropFeed	1641233109
16	Feed	1641233189
6,48,4,44	BlinkStart	1641233349
6,48,4,44	BlinkEnd	1641237640
4	Feed	1641237720
44	Feed	1641237800
14,1	BlinkStart	1641237972
14,1	BlinkEnd	1641260031
1	0DropFeed	1641260111
14	NoFeedAbort	1641260191
5	BlinkStart	1641270269
5	BlinkEnd	1641278079
5	NoFeedLowProb	1641278159
2,37	BlinkStart	1641278230
2,37	BlinkEnd	1641283092
2	Feed	1641283172
37	Feed	1641283252
25,5	BlinkStart	1641283402
25,5	BlinkEnd	1641466587
0	StopTraining	1641466667
0	StopTraining	1641466667
0	StopTraining	1641466668
0	StopTraining	1641466669
0	StopTraining	1641466669
0	StopTraining	1641466670
