Monday, August 17, 2020	10:46:24 AM	Game1.txt	1982526289
Cued	Now	1982537158
9	BlinkStart	1982537181
9	BlinkEnd	1982860863
24,5	BlinkStart	1982860959
24,5	BlinkEnd	1982869902
5	0DropFeed	1982869983
24	NoFeedAbort	1982870064
1	BlinkStart	1982880080
1	BlinkEnd	1982880597
1	NoFeedLowProb	1982880677
4,43	BlinkStart	1982880692
4,43	BlinkEnd	1982884206
4	Feed	1982884287
43	Feed	1982884367
21,1	BlinkStart	1982884455
21,1	BlinkEnd	1982899914
1	0DropFeed	1982899994
21	Feed	1982900074
4,43,6,49	BlinkStart	1982900173
4,43,6,49	BlinkEnd	1982903925
6	Feed	1982904005
49	Feed	1982904085
20,1	BlinkStart	1982904175
20,1	BlinkEnd	1982916425
1	0DropFeed	1982916505
20	Feed	1982916585
4,43,6,49	BlinkStart	1982916686
4,43,6,49	BlinkEnd	1982920836
6	Feed	1982920916
49	Feed	1982920996
19,1	BlinkStart	1982921086
19,1	BlinkEnd	1982935007
1	0DropFeed	1982935087
19	Feed	1982935167
4,43,6,49	BlinkStart	1982935264
4,43,6,49	BlinkEnd	1982938761
6	Feed	1982938841
49	Feed	1982938921
18,1	BlinkStart	1982939007
18,1	BlinkEnd	1982953388
1	0DropFeed	1982953468
18	Feed	1982953548
4,43,6,49	BlinkStart	1982953645
4,43,6,49	BlinkEnd	1982956796
6	Feed	1982956876
49	Feed	1982956956
17,1	BlinkStart	1982957045
17,1	BlinkEnd	1982972712
1	0DropFeed	1982972792
17	Feed	1982972872
4,43,6,49	BlinkStart	1982972976
4,43,6,49	BlinkEnd	1982976648
6	Feed	1982976728
49	Feed	1982976808
16,1	BlinkStart	1982976896
16,1	BlinkEnd	1982990217
1	0DropFeed	1982990298
16	Feed	1982990378
4,43,6,49	BlinkStart	1982990475
4,43,6,49	BlinkEnd	1982993558
6	Feed	1982993639
49	Feed	1982993719
14,1	BlinkStart	1982993816
14,1	BlinkEnd	1983008464
1	0DropFeed	1983008544
14	NoFeedAbort	1983008624
5	BlinkStart	1983018639
5	BlinkEnd	1983020896
5	NoFeedLowProb	1983020976
8,52	BlinkStart	1983020983
8,52	BlinkEnd	1983024773
8	Feed	1983024853
52	Feed	1983024933
25,5	BlinkStart	1983025028
25,5	BlinkEnd	1983035667
5	0DropFeed	1983035747
25	Feed	1983035827
8,52,2,38	BlinkStart	1983035915
8,52,2,38	BlinkEnd	1983039153
2	Feed	1983039234
38	Feed	1983039314
24,5	BlinkStart	1983039400
24,5	BlinkEnd	1983052980
5	0DropFeed	1983053060
24	NoFeedAbort	1983053140
1	BlinkStart	1983063155
1	BlinkEnd	1983066883
1	NoFeedLowProb	1983066963
6,47	BlinkStart	1983066975
6,47	BlinkEnd	1983069891
6	Feed	1983069971
47	Feed	1983070051
21,1	BlinkStart	1983070138
21,1	BlinkEnd	1983077978
1	0DropFeed	1983078058
21	Feed	1983078138
6,47,4	BlinkStart	1983078231
6,47,4	BlinkEnd	1983080519
6	Feed	1983080599
47	Feed	1983080679
20,1	BlinkStart	1983080766
20,1	BlinkEnd	1983088673
1	0DropFeed	1983088753
20	Feed	1983088833
6,47,4	BlinkStart	1983088926
6,47,4	BlinkEnd	1983091347
6	Feed	1983091427
47	Feed	1983091507
19,1	BlinkStart	1983091594
19,1	BlinkEnd	1983099301
1	0DropFeed	1983099381
19	Feed	1983099461
6,47,4	BlinkStart	1983099625
6,47,4	BlinkEnd	1983102776
4	0DropFeed	1983102856
18,1	BlinkStart	1983103007
18,1	BlinkEnd	1983108657
1	0DropFeed	1983108737
18	Feed	1983108818
6,47,4	BlinkStart	1983108975
6,47,4	BlinkEnd	1983112469
6	Feed	1983112549
47	Feed	1983112629
17,1	BlinkStart	1983112778
17,1	BlinkEnd	1983121025
1	0DropFeed	1983121105
17	Feed	1983121185
6,47,4	BlinkStart	1983121341
6,47,4	BlinkEnd	1983124833
4	0DropFeed	1983124913
16,1	BlinkStart	1983125061
16,1	BlinkEnd	1983137939
1	0DropFeed	1983138019
16	Feed	1983138099
6,47,4	BlinkStart	1983138265
6,47,4	BlinkEnd	1983141410
6	Feed	1983141490
47	Feed	1983141570
14,1	BlinkStart	1983141717
14,1	BlinkEnd	1983149900
1	0DropFeed	1983149980
14	NoFeedAbort	1983150060
5	BlinkStart	1983160132
5	BlinkEnd	1983163267
5	NoFeedLowProb	1983163347
2,38	BlinkStart	1983163422
2,38	BlinkEnd	1983166742
2	Feed	1983166822
38	Feed	1983166902
25,5	BlinkStart	1983167049
25,5	BlinkEnd	1983177772
5	0DropFeed	1983177852
25	Feed	1983177932
2,38,8,54	BlinkStart	1983178092
2,38,8,54	BlinkEnd	1983181115
8	Feed	1983181195
54	Feed	1983181275
24,5	BlinkStart	1983181424
24,5	BlinkEnd	1983195952
5	0DropFeed	1983196032
24	NoFeedAbort	1983196112
1	BlinkStart	1983206195
1	BlinkEnd	1983208720
1	NoFeedLowProb	1983208800
4,42	BlinkStart	1983208874
4,42	BlinkEnd	1983211527
4	Feed	1983211607
42	Feed	1983211687
21,1	BlinkStart	1983211836
21,1	BlinkEnd	1983221618
1	0DropFeed	1983221698
21	Feed	1983221778
4,42,6	BlinkStart	1983221947
4,42,6	BlinkEnd	1983225362
4	Feed	1983225442
42	Feed	1983225523
20,1	BlinkStart	1983225661
20,1	BlinkEnd	1983234251
1	0DropFeed	1983234332
20	Feed	1983234413
4,42,6	BlinkStart	1983234578
4,42,6	BlinkEnd	1983237727
6	0DropFeed	1983237807
19,1	BlinkStart	1983237968
19,1	BlinkEnd	1983242272
1	0DropFeed	1983242352
19	Feed	1983242432
4,42,6	BlinkStart	1983242589
4,42,6	BlinkEnd	1983246016
4	Feed	1983246096
42	Feed	1983246176
18,1	BlinkStart	1983246343
18,1	BlinkEnd	1983255241
1	0DropFeed	1983255321
18	Feed	1983255401
4,42,6	BlinkStart	1983255575
4,42,6	BlinkEnd	1983259048
6	0DropFeed	1983259129
17,1	BlinkStart	1983259290
17,1	BlinkEnd	1983270078
1	0DropFeed	1983270158
17	Feed	1983270238
4,42,6	BlinkStart	1983270394
4,42,6	BlinkEnd	1983273823
4	Feed	1983273903
42	Feed	1983273984
16,1	BlinkStart	1983274140
16,1	BlinkEnd	1983281106
1	0DropFeed	1983281186
16	Feed	1983281266
4,42,6	BlinkStart	1983281420
4,42,6	BlinkEnd	1983285052
6	0DropFeed	1983285132
14,1	BlinkStart	1983285282
14,1	BlinkEnd	1983289129
1	0DropFeed	1983289209
14	NoFeedAbort	1983289290
5	BlinkStart	1983299373
5	BlinkEnd	1983304033
5	NoFeedLowProb	1983304113
2,38	BlinkStart	1983304197
2,38	BlinkEnd	1983306648
2	Feed	1983306728
38	Feed	1983306808
25,5	BlinkStart	1983306976
25,5	BlinkEnd	1983318270
5	0DropFeed	1983318350
25	Feed	1983318430
2,38,8,52	BlinkStart	1983318593
2,38,8,52	BlinkEnd	1983321547
8	Feed	1983321627
52	Feed	1983321707
24,5	BlinkStart	1983321855
24,5	BlinkEnd	1983330436
5	0DropFeed	1983330516
24	NoFeedAbort	1983330596
1	BlinkStart	1983340657
1	BlinkEnd	1983341464
1	NoFeedLowProb	1983341544
6,47	BlinkStart	1983341671
6,47	BlinkEnd	1983344472
6	Feed	1983344552
47	Feed	1983344632
21,1	BlinkStart	1983344785
21,1	BlinkEnd	1983352760
1	0DropFeed	1983352840
21	Feed	1983352921
6,47,4,43	BlinkStart	1983353091
6,47,4,43	BlinkEnd	1983355569
6	Feed	1983355650
47	Feed	1983355730
20,1	BlinkStart	1983355920
20,1	BlinkEnd	1983363322
1	0DropFeed	1983363402
20	Feed	1983363482
6,47,4,43	BlinkStart	1983363655
6,47,4,43	BlinkEnd	1983366598
4	Feed	1983366678
43	Feed	1983366759
19,1	BlinkStart	1983366906
19,1	BlinkEnd	1983377892
1	0DropFeed	1983377972
19	Feed	1983378052
6,47,4,43	BlinkStart	1983378217
6,47,4,43	BlinkEnd	1983380834
4	Feed	1983380914
43	Feed	1983380994
18,1	BlinkStart	1983381149
18,1	BlinkEnd	1983393613
1	0DropFeed	1983393693
18	Feed	1983393773
6,47,4,43	BlinkStart	1983393943
6,47,4,43	BlinkEnd	1983396344
4	Feed	1983396425
43	Feed	1983396505
17,1	BlinkStart	1983396651
17,1	BlinkEnd	1983407719
1	0DropFeed	1983407799
17	Feed	1983407879
6,47,4,43	BlinkStart	1983408038
6,47,4,43	BlinkEnd	1983411112
4	Feed	1983411192
43	Feed	1983411272
16,1	BlinkStart	1983411422
16,1	BlinkEnd	1983423683
1	0DropFeed	1983423763
16	Feed	1983423843
6,47,4,43	BlinkStart	1983424009
6,47,4,43	BlinkEnd	1983427222
4	Feed	1983427302
43	Feed	1983427382
14,1	BlinkStart	1983427553
14,1	BlinkEnd	1983440789
1	0DropFeed	1983440869
14	NoFeedAbort	1983440950
5	BlinkStart	1983451012
5	BlinkEnd	1983451619
5	NoFeedLowProb	1983451699
8,53	BlinkStart	1983451771
8,53	BlinkEnd	1983455162
8	Feed	1983455242
53	Feed	1983455322
25,5	BlinkStart	1983455471
25,5	BlinkEnd	1983465588
5	0DropFeed	1983465668
25	Feed	1983465748
8,53,2,37	BlinkStart	1983465930
8,53,2,37	BlinkEnd	1983469199
8	Feed	1983469279
53	Feed	1983469360
24,5	BlinkStart	1983469537
24,5	BlinkEnd	1983481363
5	0DropFeed	1983481444
24	NoFeedAbort	1983481524
1	BlinkStart	1983491590
1	BlinkEnd	1983491855
1	NoFeedLowProb	1983491935
4,43	BlinkStart	1983492031
4,43	BlinkEnd	1983495331
4	Feed	1983495411
43	Feed	1983495491
21,1	BlinkStart	1983495645
21,1	BlinkEnd	1983506627
1	0DropFeed	1983506707
21	Feed	1983506787
4,43,6,47	BlinkStart	1983506961
4,43,6,47	BlinkEnd	1983509636
4	Feed	1983509716
43	Feed	1983509796
20,1	BlinkStart	1983509972
20,1	BlinkEnd	1983521535
1	0DropFeed	1983521615
20	Feed	1983521695
4,43,6,47	BlinkStart	1983521849
4,43,6,47	BlinkEnd	1983524742
4	Feed	1983524822
43	Feed	1983524902
19,1	BlinkStart	1983525049
19,1	BlinkEnd	1983537919
1	0DropFeed	1983537999
19	Feed	1983538079
4,43,6,47	BlinkStart	1983538230
4,43,6,47	BlinkEnd	1983541185
4	Feed	1983541265
43	Feed	1983541345
18,1	BlinkStart	1983541526
18,1	BlinkEnd	1983553017
1	0DropFeed	1983553097
18	Feed	1983553177
4,43,6,47	BlinkStart	1983553336
4,43,6,47	BlinkEnd	1983555956
4	Feed	1983556036
43	Feed	1983556116
17,1	BlinkStart	1983556261
17,1	BlinkEnd	1983568791
1	0DropFeed	1983568871
17	Feed	1983568951
4,43,6,47	BlinkStart	1983569100
4,43,6,47	BlinkEnd	1983572332
4	Feed	1983572412
43	Feed	1983572492
16,1	BlinkStart	1983572668
16,1	BlinkEnd	1983583496
1	0DropFeed	1983583576
16	Feed	1983583657
4,43,6,47	BlinkStart	1983583812
4,43,6,47	BlinkEnd	1983587305
4	Feed	1983587385
43	Feed	1983587465
14,1	BlinkStart	1983587644
14,1	BlinkEnd	1983598399
1	0DropFeed	1983598479
14	NoFeedAbort	1983598559
5	BlinkStart	1983608640
5	BlinkEnd	1983608907
5	NoFeedLowProb	1983608987
2,37	BlinkStart	1983609062
2,37	BlinkEnd	1983612437
2	Feed	1983612517
37	Feed	1983612598
25,5	BlinkStart	1983612755
25,5	BlinkEnd	1983622062
5	0DropFeed	1983622142
25	Feed	1983622222
2,37,8	BlinkStart	1983622399
2,37,8	BlinkEnd	1983625537
8	0DropFeed	1983625617
24,5	BlinkStart	1983625802
24,5	BlinkEnd	1983631691
5	0DropFeed	1983631772
24	NoFeedAbort	1983631853
1	BlinkStart	1983641924
1	BlinkEnd	1983642582
1	NoFeedLowProb	1983642662
6,47	BlinkStart	1983642727
6,47	BlinkEnd	1983646191
6	Feed	1983646271
47	Feed	1983646351
21,1	BlinkStart	1983646496
21,1	BlinkEnd	1983656420
1	0DropFeed	1983656500
21	Feed	1983656580
6,47,4,43	BlinkStart	1983656748
6,47,4,43	BlinkEnd	1983660095
4	Feed	1983660175
43	Feed	1983660255
20,1	BlinkStart	1983660410
20,1	BlinkEnd	1983671792
1	0DropFeed	1983671872
20	Feed	1983671952
6,47,4,43	BlinkStart	1983672143
6,47,4,43	BlinkEnd	1983675401
4	Feed	1983675481
43	Feed	1983675561
19,1	BlinkStart	1983675732
19,1	BlinkEnd	1983688302
1	0DropFeed	1983688382
19	Feed	1983688462
6,47,4,43	BlinkStart	1983688660
6,47,4,43	BlinkEnd	1983691711
4	Feed	1983691791
43	Feed	1983691871
18,1	BlinkStart	1983692025
18,1	BlinkEnd	1983703545
1	0DropFeed	1983703625
18	Feed	1983703705
6,47,4,43	BlinkStart	1983703869
6,47,4,43	BlinkEnd	1983706817
4	Feed	1983706897
43	Feed	1983706977
17,1	BlinkStart	1983707139
17,1	BlinkEnd	1983719182
1	0DropFeed	1983719262
17	Feed	1983719342
6,47,4,43	BlinkStart	1983719514
6,47,4,43	BlinkEnd	1983722924
4	Feed	1983723004
43	Feed	1983723084
16,1	BlinkStart	1983723262
16,1	BlinkEnd	1983737162
1	0DropFeed	1983737242
16	Feed	1983737322
6,47,4,43	BlinkStart	1983737497
6,47,4,43	BlinkEnd	1983740509
4	Feed	1983740589
43	Feed	1983740669
14,1	BlinkStart	1983740823
14,1	BlinkEnd	1983754340
1	0DropFeed	1983754420
14	NoFeedAbort	1983754500
5	BlinkStart	1983764581
5	BlinkEnd	1983764843
5	NoFeedLowProb	1983764923
8,52	BlinkStart	1983765024
8,52	BlinkEnd	1983768644
8	Feed	1983768724
52	Feed	1983768804
25,5	BlinkStart	1983768956
25,5	BlinkEnd	1983776331
5	0DropFeed	1983776411
25	Feed	1983776491
8,52,2	BlinkStart	1983776640
8,52,2	BlinkEnd	1983780008
2	0DropFeed	1983780088
24,5	BlinkStart	1983780261
24,5	BlinkEnd	1983793710
5	0DropFeed	1983793790
24	NoFeedAbort	1983793870
1	BlinkStart	1983803931
1	BlinkEnd	1983805748
1	NoFeedLowProb	1983805828
6,48	BlinkStart	1983805905
6,48	BlinkEnd	1983809150
6	Feed	1983809231
48	Feed	1983809311
21,1	BlinkStart	1983809503
21,1	BlinkEnd	1983820045
1	0DropFeed	1983820125
21	Feed	1983820205
6,48,4,44	BlinkStart	1983820374
6,48,4,44	BlinkEnd	1983822986
6	Feed	1983823067
48	Feed	1983823148
20,1	BlinkStart	1983823290
20,1	BlinkEnd	1983835084
1	0DropFeed	1983835164
20	Feed	1983835244
6,48,4,44	BlinkStart	1983835431
6,48,4,44	BlinkEnd	1983838096
6	Feed	1983838176
48	Feed	1983838256
19,1	BlinkStart	1983838419
19,1	BlinkEnd	1983848392
1	0DropFeed	1983848472
19	Feed	1983848552
6,48,4,44	BlinkStart	1983848702
6,48,4,44	BlinkEnd	1983851460
4	Feed	1983851540
44	Feed	1983851620
18,1	BlinkStart	1983851790
18,1	BlinkEnd	1983864226
1	0DropFeed	1983864306
18	Feed	1983864386
6,48,4,44	BlinkStart	1983864548
6,48,4,44	BlinkEnd	1983867502
4	Feed	1983867582
44	Feed	1983867662
17,1	BlinkStart	1983867836
17,1	BlinkEnd	1983883348
1	0DropFeed	1983883428
17	Feed	1983883508
6,48,4,44	BlinkStart	1983883665
6,48,4,44	BlinkEnd	1983886284
4	Feed	1983886364
44	Feed	1983886444
16,1	BlinkStart	1983886601
16,1	BlinkEnd	1983901005
1	0DropFeed	1983901085
16	Feed	1983901165
6,48,4,44	BlinkStart	1983901327
6,48,4,44	BlinkEnd	1983904539
4	Feed	1983904619
44	Feed	1983904699
14,1	BlinkStart	1983904865
14,1	BlinkEnd	1983920174
1	0DropFeed	1983920254
14	NoFeedAbort	1983920334
5	BlinkStart	1983930422
5	BlinkEnd	1983931669
5	NoFeedLowProb	1983931749
8,52	BlinkStart	1983931814
8,52	BlinkEnd	1983934945
8	Feed	1983935025
52	Feed	1983935105
25,5	BlinkStart	1983935250
25,5	BlinkEnd	1983944238
5	0DropFeed	1983944318
25	Feed	1983944399
8,52,2,38	BlinkStart	1983944562
8,52,2,38	BlinkEnd	1983948714
2	Feed	1983948794
38	Feed	1983948874
24,5	BlinkStart	1983949049
24,5	BlinkEnd	1983960879
5	0DropFeed	1983960959
24	NoFeedAbort	1983961039
1	BlinkStart	1983971103
1	BlinkEnd	1983973377
1	NoFeedLowProb	1983973457
6,48	BlinkStart	1983973532
6,48	BlinkEnd	1983976319
6	Feed	1983976399
48	Feed	1983976479
21,1	BlinkStart	1983976637
21,1	BlinkEnd	1983990423
1	0DropFeed	1983990503
21	Feed	1983990583
6,48,4,42	BlinkStart	1983990753
6,48,4,42	BlinkEnd	1983993630
4	Feed	1983993710
42	Feed	1983993790
20,1	BlinkStart	1983993947
20,1	BlinkEnd	1984004393
1	0DropFeed	1984004473
20	Feed	1984004554
6,48,4,42	BlinkStart	1984004718
6,48,4,42	BlinkEnd	1984007600
4	Feed	1984007680
42	Feed	1984007760
19,1	BlinkStart	1984007934
19,1	BlinkEnd	1984017426
1	0DropFeed	1984017506
19	Feed	1984017586
6,48,4,42	BlinkStart	1984017741
6,48,4,42	BlinkEnd	1984020767
4	Feed	1984020847
42	Feed	1984020927
18,1	BlinkStart	1984021066
18,1	BlinkEnd	1984030125
1	0DropFeed	1984030205
18	Feed	1984030285
6,48,4,42	BlinkStart	1984030474
6,48,4,42	BlinkEnd	1984033669
4	Feed	1984033749
42	Feed	1984033829
17,1	BlinkStart	1984034004
17,1	BlinkEnd	1984042022
1	0DropFeed	1984042102
17	Feed	1984042182
6,48,4,42	BlinkStart	1984042368
6,48,4,42	BlinkEnd	1984045968
4	Feed	1984046048
42	Feed	1984046128
16,1	BlinkStart	1984046286
16,1	BlinkEnd	1984054863
1	0DropFeed	1984054943
16	Feed	1984055023
6,48,4,42	BlinkStart	1984055208
6,48,4,42	BlinkEnd	1984058734
4	Feed	1984058814
42	Feed	1984058894
14,1	BlinkStart	1984059038
14,1	BlinkEnd	1984066821
1	0DropFeed	1984066902
14	NoFeedAbort	1984066982
5	BlinkStart	1984077044
5	BlinkEnd	1984077306
5	NoFeedLowProb	1984077386
8,53	BlinkStart	1984077496
8,53	BlinkEnd	1984081326
8	Feed	1984081406
53	Feed	1984081487
25,5	BlinkStart	1984081651
25,5	BlinkEnd	1984093090
5	0DropFeed	1984093170
25	Feed	1984093250
8,53,2,39	BlinkStart	1984093414
8,53,2,39	BlinkEnd	1984097166
8	Feed	1984097246
53	Feed	1984097326
24,5	BlinkStart	1984097468
24,5	BlinkEnd	1984109272
5	0DropFeed	1984109352
24	NoFeedAbort	1984109432
1	BlinkStart	1984119490
1	BlinkEnd	1984121095
1	NoFeedLowProb	1984121175
6,47	BlinkStart	1984121264
6,47	BlinkEnd	1984124437
6	Feed	1984124517
47	Feed	1984124597
21,1	BlinkStart	1984124754
21,1	BlinkEnd	1984137138
1	0DropFeed	1984137218
21	Feed	1984137298
6,47,4,43	BlinkStart	1984137466
6,47,4,43	BlinkEnd	1984140614
4	Feed	1984140694
43	Feed	1984140774
20,1	BlinkStart	1984140932
20,1	BlinkEnd	1984151977
1	0DropFeed	1984152057
20	Feed	1984152137
6,47,4,43	BlinkStart	1984152291
6,47,4,43	BlinkEnd	1984155251
4	Feed	1984155331
43	Feed	1984155411
19,1	BlinkStart	1984155582
19,1	BlinkEnd	1984168955
1	0DropFeed	1984169035
19	Feed	1984169116
6,47,4,43	BlinkStart	1984169286
6,47,4,43	BlinkEnd	1984172028
4	Feed	1984172108
43	Feed	1984172188
18,1	BlinkStart	1984172353
18,1	BlinkEnd	1984185064
1	0DropFeed	1984185144
18	Feed	1984185224
6,47,4,43	BlinkStart	1984185396
6,47,4,43	BlinkEnd	1984188739
4	Feed	1984188819
43	Feed	1984188899
17,1	BlinkStart	1984189054
17,1	BlinkEnd	1984209058
1	0DropFeed	1984209138
17	Feed	1984209218
6,47,4,43	BlinkStart	1984209372
6,47,4,43	BlinkEnd	1984212603
4	Feed	1984212683
43	Feed	1984212763
16,1	BlinkStart	1984212909
16,1	BlinkEnd	1984228243
1	0DropFeed	1984228323
16	Feed	1984228403
6,47,4,43	BlinkStart	1984228567
6,47,4,43	BlinkEnd	1984231920
4	Feed	1984232000
43	Feed	1984232080
14,1	BlinkStart	1984232221
14,1	BlinkEnd	1984246891
1	0DropFeed	1984246972
14	NoFeedAbort	1984247052
5	BlinkStart	1984257114
5	BlinkEnd	1984258253
5	NoFeedLowProb	1984258333
2,37	BlinkStart	1984258470
2,37	BlinkEnd	1984261596
2	Feed	1984261677
37	Feed	1984261757
25,5	BlinkStart	1984261928
25,5	BlinkEnd	1984270418
5	0DropFeed	1984270499
25	Feed	1984270580
2,37,8	BlinkStart	1984270762
2,37,8	BlinkEnd	1984274095
8	0DropFeed	1984274175
24,5	BlinkStart	1984274356
24,5	BlinkEnd	1984279976
5	0DropFeed	1984280056
24	NoFeedAbort	1984280136
1	BlinkStart	1984290196
1	BlinkEnd	1984291676
1	NoFeedLowProb	1984291756
6,48	BlinkStart	1984291855
6,48	BlinkEnd	1984295685
6	Feed	1984295765
48	Feed	1984295845
21,1	BlinkStart	1984296016
21,1	BlinkEnd	1984309260
1	0DropFeed	1984309341
21	Feed	1984309421
6,48,4,42	BlinkStart	1984309573
6,48,4,42	BlinkEnd	1984312663
4	Feed	1984312743
42	Feed	1984312823
20,1	BlinkStart	1984312981
20,1	BlinkEnd	1984321754
1	0DropFeed	1984321834
20	Feed	1984321914
6,48,4,42	BlinkStart	1984322084
6,48,4,42	BlinkEnd	1984325764
4	Feed	1984325844
42	Feed	1984325924
19,1	BlinkStart	1984326091
19,1	BlinkEnd	1984339064
1	0DropFeed	1984339144
19	Feed	1984339224
6,48,4,42	BlinkStart	1984339370
6,48,4,42	BlinkEnd	1984343275
4	Feed	1984343355
42	Feed	1984343435
18,1	BlinkStart	1984343589
18,1	BlinkEnd	1984356175
1	0DropFeed	1984356256
18	Feed	1984356337
6,48,4,42	BlinkStart	1984356505
6,48,4,42	BlinkEnd	1984360927
4	Feed	1984361007
42	Feed	1984361087
17,1	BlinkStart	1984361252
17,1	BlinkEnd	1984375226
1	0DropFeed	1984375306
17	Feed	1984375386
6,48,4,42	BlinkStart	1984375569
6,48,4,42	BlinkEnd	1984381041
4	Feed	1984381121
42	Feed	1984381202
16,1	BlinkStart	1984381344
16,1	BlinkEnd	1984393339
1	0DropFeed	1984393419
16	Feed	1984393499
6,48,4,42	BlinkStart	1984393660
6,48,4,42	BlinkEnd	1984400089
4	Feed	1984400169
42	Feed	1984400249
14,1	BlinkStart	1984400410
14,1	BlinkEnd	1984409046
1	0DropFeed	1984409126
14	NoFeedAbort	1984409206
5	BlinkStart	1984419291
5	BlinkEnd	1984419558
5	NoFeedLowProb	1984419638
8,53	BlinkStart	1984419731
8,53	BlinkEnd	1984423958
8	Feed	1984424038
53	Feed	1984424118
25,5	BlinkStart	1984424283
25,5	BlinkEnd	1984440127
5	0DropFeed	1984440207
25	Feed	1984440287
8,53,2,39	BlinkStart	1984440474
8,53,2,39	BlinkEnd	1984444137
8	Feed	1984444217
53	Feed	1984444297
24,5	BlinkStart	1984444455
24,5	BlinkEnd	1984457975
5	0DropFeed	1984458055
24	NoFeedAbort	1984458135
1	BlinkStart	1984468197
1	BlinkEnd	1984469403
1	NoFeedLowProb	1984469483
4,43	BlinkStart	1984469557
4,43	BlinkEnd	1984473951
4	Feed	1984474031
43	Feed	1984474112
21,1	BlinkStart	1984474253
21,1	BlinkEnd	1984487331
1	0DropFeed	1984487411
21	Feed	1984487491
4,43,6,47	BlinkStart	1984487643
4,43,6,47	BlinkEnd	1984491728
4	Feed	1984491808
43	Feed	1984491888
20,1	BlinkStart	1984492047
20,1	BlinkEnd	1984505030
1	0DropFeed	1984505110
20	Feed	1984505190
4,43,6,47	BlinkStart	1984505343
4,43,6,47	BlinkEnd	1984509851
4	Feed	1984509931
43	Feed	1984510011
19,1	BlinkStart	1984510152
19,1	BlinkEnd	1984527087
1	0DropFeed	1984527167
19	Feed	1984527247
4,43,6,47	BlinkStart	1984527424
4,43,6,47	BlinkEnd	1984531367
4	Feed	1984531447
43	Feed	1984531527
18,1	BlinkStart	1984531672
18,1	BlinkEnd	1984547073
1	0DropFeed	1984547153
18	Feed	1984547233
4,43,6,47	BlinkStart	1984547380
4,43,6,47	BlinkEnd	1984551618
4	Feed	1984551698
43	Feed	1984551778
17,1	BlinkStart	1984551917
17,1	BlinkEnd	1984606160
1	0DropFeed	1984606240
17	Feed	1984606320
4,43,6,47	BlinkStart	1984606494
4,43,6,47	BlinkEnd	1984610373
4	Feed	1984610453
43	Feed	1984610533
16,1	BlinkStart	1984610685
16,1	BlinkEnd	1984627484
1	0DropFeed	1984627564
16	Feed	1984627644
4,43,6,47	BlinkStart	1984627806
4,43,6,47	BlinkEnd	1984631769
4	Feed	1984631849
43	Feed	1984631930
14,1	BlinkStart	1984632082
14,1	BlinkEnd	1984646399
1	0DropFeed	1984646479
14	NoFeedAbort	1984646559
5	BlinkStart	1984656633
5	BlinkEnd	1984661038
5	NoFeedLowProb	1984661118
8,52	BlinkStart	1984661193
8,52	BlinkEnd	1984665849
8	Feed	1984665929
52	Feed	1984666009
25,5	BlinkStart	1984666152
25,5	BlinkEnd	1984677622
5	0DropFeed	1984677702
25	Feed	1984677782
8,52,2,38	BlinkStart	1984677941
8,52,2,38	BlinkEnd	1984682628
2	Feed	1984682708
38	Feed	1984682788
24,5	BlinkStart	1984682950
24,5	BlinkEnd	1984724067
5	0DropFeed	1984724148
24	NoFeedAbort	1984724228
1	BlinkStart	1984734299
1	BlinkEnd	1984775536
1	NoFeedLowProb	1984775616
6,48	BlinkStart	1984775728
6,48	BlinkEnd	1984854028
