Ver1.3	1380663785	StartFile	4/13/2021	12:49:20 PM	E:\BehavioralExperiments\Twenty\Horizon\RawData\041321\SoundData.txt	1380663785
1381002846	Triggered	5,23,24,25,26,27,28,29,30,31,	 NoSound	40	2	1381002846
1381003049	Triggered	5,23,24,25,26,27,28,29,30,31,	 StopSoundShort	40	2	1381003049
1381017709	Triggered	1,14,15,16,17,18,19,20,21,22,	 NoSound	40	2	1381017709
1381017925	Triggered	1,14,15,16,17,18,19,20,21,22,	 PureTone-2kHz	40	2	1381017925
1381024449	Triggered	6,47,48,49,50,51,	 NoSound	40	2	1381024449
1381024652	Triggered	6,47,48,49,50,51,	 File_beep4	40	2	1381024652
1381035757	Triggered	1,14,15,16,17,18,19,20,21,22,	 NoSound	40	2	1381035757
1381035959	Triggered	1,14,15,16,17,18,19,20,21,22,	 PureTone-1kHz	40	2	1381035959
1381040090	Triggered	6,47,48,49,50,51,	 NoSound	40	2	1381040090
1381040292	Triggered	6,47,48,49,50,51,	 File_beep4	40	2	1381040292
1381053265	Triggered	1,14,15,16,17,18,19,20,21,22,	 NoSound	40	2	1381053265
1381053466	Triggered	1,14,15,16,17,18,19,20,21,22,	 StopSoundLong	40	2	1381053466
1381067344	Triggered	5,23,24,25,26,27,28,29,30,31,	 NoSound	40	2	1381067344
1381067549	Triggered	5,23,24,25,26,27,28,29,30,31,	 PureTone-11kHz	40	2	1381067549
1381070835	Triggered	2,37,38,39,40,41,	 NoSound	40	2	1381070835
1381071035	Triggered	2,37,38,39,40,41,	 File_beep1	40	2	1381071035
1381076609	Triggered	5,23,24,25,26,27,28,29,30,31,	 NoSound	40	2	1381076609
1381076811	Triggered	5,23,24,25,26,27,28,29,30,31,	 PureTone-9kHz	40	2	1381076811
1381080820	Triggered	8,52,53,54,55,56,	 NoSound	40	2	1381080820
1381081022	Triggered	8,52,53,54,55,56,	 File_beep2	40	2	1381081022
1381091183	Triggered	5,23,24,25,26,27,28,29,30,31,	 NoSound	40	2	1381091183
1381091386	Triggered	5,23,24,25,26,27,28,29,30,31,	 PureTone-7kHz	40	2	1381091386
1381094898	Triggered	8,52,53,54,55,56,	 NoSound	40	2	1381094898
1381095100	Triggered	8,52,53,54,55,56,	 File_beep2	40	2	1381095100
1381103623	Triggered	5,23,24,25,26,27,28,29,30,31,	 NoSound	40	2	1381103623
1381103826	Triggered	5,23,24,25,26,27,28,29,30,31,	 PureTone-5kHz	40	2	1381103826
1381107474	Triggered	8,52,53,54,55,56,	 NoSound	40	2	1381107474
1381107676	Triggered	8,52,53,54,55,56,	 File_beep2	40	2	1381107676
1381117522	Triggered	5,23,24,25,26,27,28,29,30,31,	 NoSound	40	2	1381117522
1381117723	Triggered	5,23,24,25,26,27,28,29,30,31,	 PureTone-3kHz	40	2	1381117723
1381121432	Triggered	8,52,53,54,55,56,	 NoSound	40	2	1381121432
1381121632	Triggered	8,52,53,54,55,56,	 File_beep2	40	2	1381121632
1381131902	Triggered	5,23,24,25,26,27,28,29,30,31,	 NoSound	40	2	1381131902
1381132104	Triggered	5,23,24,25,26,27,28,29,30,31,	 PureTone-2kHz	40	2	1381132104
1381134971	Triggered	8,52,53,54,55,56,	 NoSound	40	2	1381134971
1381135173	Triggered	8,52,53,54,55,56,	 File_beep2	40	2	1381135173
1381145017	Triggered	5,23,24,25,26,27,28,29,30,31,	 NoSound	40	2	1381145017
1381145219	Triggered	5,23,24,25,26,27,28,29,30,31,	 PureTone-1kHz	40	2	1381145219
1381148087	Triggered	8,52,53,54,55,56,	 NoSound	40	2	1381148087
1381148289	Triggered	8,52,53,54,55,56,	 File_beep2	40	2	1381148289
1381158074	Triggered	5,23,24,25,26,27,28,29,30,31,	 NoSound	40	2	1381158074
1381158274	Triggered	5,23,24,25,26,27,28,29,30,31,	 StopSoundShort	40	2	1381158274
1381178170	Triggered	1,14,15,16,17,18,19,20,21,22,	 NoSound	40	2	1381178170
1381178373	Triggered	1,14,15,16,17,18,19,20,21,22,	 PureTone-2kHz	40	2	1381178373
1381180635	Triggered	4,42,43,44,45,46,	 NoSound	40	2	1381180635
1381180837	Triggered	4,42,43,44,45,46,	 File_beep3	40	2	1381180837
1381190207	Triggered	1,14,15,16,17,18,19,20,21,22,	 NoSound	40	2	1381190207
1381190409	Triggered	1,14,15,16,17,18,19,20,21,22,	 PureTone-1kHz	40	2	1381190409
1381193512	Triggered	6,47,48,49,50,51,	 NoSound	40	2	1381193512
1381193713	Triggered	6,47,48,49,50,51,	 File_beep2	40	2	1381193713
1381199648	Triggered	1,14,15,16,17,18,19,20,21,22,	 NoSound	40	2	1381199648
1381199850	Triggered	1,14,15,16,17,18,19,20,21,22,	 StopSoundLong	40	2	1381199850
1381215773	Triggered	5,23,24,25,26,27,28,29,30,31,	 NoSound	40	2	1381215773
1381215979	Triggered	5,23,24,25,26,27,28,29,30,31,	 PureTone-11kHz	40	2	1381215979
1381219021	Triggered	2,37,38,39,40,41,	 NoSound	40	2	1381219021
1381219224	Triggered	2,37,38,39,40,41,	 File_beep4	40	2	1381219224
1381227926	Triggered	5,23,24,25,26,27,28,29,30,31,	 NoSound	40	2	1381227926
1381228129	Triggered	5,23,24,25,26,27,28,29,30,31,	 PureTone-9kHz	40	2	1381228129
1381230814	Triggered	8,52,53,54,55,56,	 NoSound	40	2	1381230814
1381231017	Triggered	8,52,53,54,55,56,	 File_beep5	40	2	1381231017
1381245252	Triggered	5,23,24,25,26,27,28,29,30,31,	 NoSound	40	2	1381245252
1381245456	Triggered	5,23,24,25,26,27,28,29,30,31,	 PureTone-7kHz	40	2	1381245456
1381247900	Triggered	8,52,53,54,55,56,	 NoSound	40	2	1381247900
1381248102	Triggered	8,52,53,54,55,56,	 File_beep5	40	2	1381248102
1381261740	Triggered	5,23,24,25,26,27,28,29,30,31,	 NoSound	40	2	1381261740
1381261943	Triggered	5,23,24,25,26,27,28,29,30,31,	 PureTone-5kHz	40	2	1381261943
1381264326	Triggered	8,52,53,54,55,56,	 NoSound	40	2	1381264326
1381264528	Triggered	8,52,53,54,55,56,	 File_beep5	40	2	1381264528
1381280036	Triggered	5,23,24,25,26,27,28,29,30,31,	 NoSound	40	2	1381280036
1381280238	Triggered	5,23,24,25,26,27,28,29,30,31,	 PureTone-3kHz	40	2	1381280238
1381282676	Triggered	8,52,53,54,55,56,	 NoSound	40	2	1381282676
1381282878	Triggered	8,52,53,54,55,56,	 File_beep5	40	2	1381282878
1381297838	Triggered	5,23,24,25,26,27,28,29,30,31,	 NoSound	40	2	1381297838
1381298041	Triggered	5,23,24,25,26,27,28,29,30,31,	 PureTone-2kHz	40	2	1381298041
1381300435	Triggered	8,52,53,54,55,56,	 NoSound	40	2	1381300435
1381300637	Triggered	8,52,53,54,55,56,	 File_beep5	40	2	1381300637
1381316791	Triggered	5,23,24,25,26,27,28,29,30,31,	 NoSound	40	2	1381316791
1381316993	Triggered	5,23,24,25,26,27,28,29,30,31,	 PureTone-1kHz	40	2	1381316993
1381319497	Triggered	8,52,53,54,55,56,	 NoSound	40	2	1381319497
1381319701	Triggered	8,52,53,54,55,56,	 File_beep5	40	2	1381319701
1381333637	Triggered	5,23,24,25,26,27,28,29,30,31,	 NoSound	40	2	1381333637
1381333837	Triggered	5,23,24,25,26,27,28,29,30,31,	 StopSoundShort	40	2	1381333837
1381349280	Triggered	1,14,15,16,17,18,19,20,21,22,	 NoSound	40	2	1381349280
1381349495	Triggered	1,14,15,16,17,18,19,20,21,22,	 PureTone-2kHz	40	2	1381349495
1381352228	Triggered	6,47,48,49,50,51,	 NoSound	40	2	1381352228
1381352429	Triggered	6,47,48,49,50,51,	 File_beep3	40	2	1381352429
1381362456	Triggered	1,14,15,16,17,18,19,20,21,22,	 NoSound	40	2	1381362456
1381362658	Triggered	1,14,15,16,17,18,19,20,21,22,	 PureTone-1kHz	40	2	1381362658
1381365585	Triggered	6,47,48,49,50,51,	 NoSound	40	2	1381365585
1381365787	Triggered	6,47,48,49,50,51,	 File_beep3	40	2	1381365787
1381374730	Triggered	1,14,15,16,17,18,19,20,21,22,	 NoSound	40	2	1381374730
1381374931	Triggered	1,14,15,16,17,18,19,20,21,22,	 StopSoundLong	40	2	1381374931
1381394714	Triggered	5,23,24,25,26,27,28,29,30,31,	 NoSound	40	2	1381394714
1381394919	Triggered	5,23,24,25,26,27,28,29,30,31,	 PureTone-11kHz	40	2	1381394919
1381397353	Triggered	8,52,53,54,55,56,	 NoSound	40	2	1381397353
1381397555	Triggered	8,52,53,54,55,56,	 File_beep4	40	2	1381397555
1381412274	Triggered	5,23,24,25,26,27,28,29,30,31,	 NoSound	40	2	1381412274
1381412478	Triggered	5,23,24,25,26,27,28,29,30,31,	 PureTone-9kHz	40	2	1381412478
1381414981	Triggered	8,52,53,54,55,56,	 NoSound	40	2	1381414981
1381415183	Triggered	8,52,53,54,55,56,	 File_beep4	40	2	1381415183
1381428640	Triggered	5,23,24,25,26,27,28,29,30,31,	 NoSound	40	2	1381428640
1381428857	Triggered	5,23,24,25,26,27,28,29,30,31,	 PureTone-7kHz	40	2	1381428857
1381431346	Triggered	8,52,53,54,55,56,	 NoSound	40	2	1381431346
1381431548	Triggered	8,52,53,54,55,56,	 File_beep4	40	2	1381431548
1381446627	Triggered	5,23,24,25,26,27,28,29,30,31,	 NoSound	40	2	1381446627
1381446830	Triggered	5,23,24,25,26,27,28,29,30,31,	 PureTone-5kHz	40	2	1381446830
1381449396	Triggered	8,52,53,54,55,56,	 NoSound	40	2	1381449396
1381449597	Triggered	8,52,53,54,55,56,	 File_beep4	40	2	1381449597
1381464376	Triggered	5,23,24,25,26,27,28,29,30,31,	 NoSound	40	2	1381464376
1381464578	Triggered	5,23,24,25,26,27,28,29,30,31,	 PureTone-3kHz	40	2	1381464578
1381467024	Triggered	8,52,53,54,55,56,	 NoSound	40	2	1381467024
1381467225	Triggered	8,52,53,54,55,56,	 File_beep4	40	2	1381467225
1381487059	Triggered	5,23,24,25,26,27,28,29,30,31,	 NoSound	40	2	1381487059
1381487261	Triggered	5,23,24,25,26,27,28,29,30,31,	 PureTone-2kHz	40	2	1381487261
1381489766	Triggered	8,52,53,54,55,56,	 NoSound	40	2	1381489766
1381489969	Triggered	8,52,53,54,55,56,	 File_beep4	40	2	1381489969
1381505350	Triggered	5,23,24,25,26,27,28,29,30,31,	 NoSound	40	2	1381505350
1381505562	Triggered	5,23,24,25,26,27,28,29,30,31,	 PureTone-1kHz	40	2	1381505562
1381508117	Triggered	8,52,53,54,55,56,	 NoSound	40	2	1381508117
1381508319	Triggered	8,52,53,54,55,56,	 File_beep4	40	2	1381508319
1381523519	Triggered	5,23,24,25,26,27,28,29,30,31,	 NoSound	40	2	1381523519
1381523720	Triggered	5,23,24,25,26,27,28,29,30,31,	 StopSoundShort	40	2	1381523720
1381554024	Triggered	6,47,48,49,50,51,	 NoSound	40	2	1381554024
1381554226	Triggered	6,47,48,49,50,51,	 File_beep2	40	2	1381554226
1381561364	Triggered	1,14,15,16,17,18,19,20,21,22,	 NoSound	40	2	1381561364
1381561567	Triggered	1,14,15,16,17,18,19,20,21,22,	 PureTone-1kHz	40	2	1381561567
1381564011	Triggered	6,47,48,49,50,51,	 NoSound	40	2	1381564011
1381564213	Triggered	6,47,48,49,50,51,	 File_beep2	40	2	1381564213
1381570811	Triggered	1,14,15,16,17,18,19,20,21,22,	 NoSound	40	2	1381570811
1381571012	Triggered	1,14,15,16,17,18,19,20,21,22,	 StopSoundLong	40	2	1381571012
1381588739	Triggered	5,23,24,25,26,27,28,29,30,31,	 NoSound	40	2	1381588739
1381588942	Triggered	5,23,24,25,26,27,28,29,30,31,	 PureTone-11kHz	40	2	1381588942
1381591507	Triggered	8,52,53,54,55,56,	 NoSound	40	2	1381591507
1381591708	Triggered	8,52,53,54,55,56,	 File_beep2	40	2	1381591708
1381606547	Triggered	5,23,24,25,26,27,28,29,30,31,	 NoSound	40	2	1381606547
1381606751	Triggered	5,23,24,25,26,27,28,29,30,31,	 PureTone-9kHz	40	2	1381606751
1381609255	Triggered	8,52,53,54,55,56,	 NoSound	40	2	1381609255
1381609457	Triggered	8,52,53,54,55,56,	 File_beep2	40	2	1381609457
1381622374	Triggered	5,23,24,25,26,27,28,29,30,31,	 NoSound	40	2	1381622374
1381622577	Triggered	5,23,24,25,26,27,28,29,30,31,	 PureTone-7kHz	40	2	1381622577
1381625019	Triggered	8,52,53,54,55,56,	 NoSound	40	2	1381625019
1381625220	Triggered	8,52,53,54,55,56,	 File_beep2	40	2	1381625220
1381637714	Triggered	5,23,24,25,26,27,28,29,30,31,	 NoSound	40	2	1381637714
1381637917	Triggered	5,23,24,25,26,27,28,29,30,31,	 PureTone-5kHz	40	2	1381637917
1381640422	Triggered	8,52,53,54,55,56,	 NoSound	40	2	1381640422
1381640623	Triggered	8,52,53,54,55,56,	 File_beep2	40	2	1381640623
1381652402	Triggered	5,23,24,25,26,27,28,29,30,31,	 NoSound	40	2	1381652402
1381652603	Triggered	5,23,24,25,26,27,28,29,30,31,	 PureTone-3kHz	40	2	1381652603
1381655102	Triggered	8,52,53,54,55,56,	 NoSound	40	2	1381655102
1381655303	Triggered	8,52,53,54,55,56,	 File_beep2	40	2	1381655303
1381666653	Triggered	5,23,24,25,26,27,28,29,30,31,	 NoSound	40	2	1381666653
1381666855	Triggered	5,23,24,25,26,27,28,29,30,31,	 PureTone-2kHz	40	2	1381666855
1381669181	Triggered	8,52,53,54,55,56,	 NoSound	40	2	1381669181
1381669383	Triggered	8,52,53,54,55,56,	 File_beep2	40	2	1381669383
1381680492	Triggered	5,23,24,25,26,27,28,29,30,31,	 NoSound	40	2	1381680492
1381680693	Triggered	5,23,24,25,26,27,28,29,30,31,	 PureTone-1kHz	40	2	1381680693
1381683140	Triggered	8,52,53,54,55,56,	 NoSound	40	2	1381683140
1381683341	Triggered	8,52,53,54,55,56,	 File_beep2	40	2	1381683341
1381695356	Triggered	5,23,24,25,26,27,28,29,30,31,	 NoSound	40	2	1381695356
1381695557	Triggered	5,23,24,25,26,27,28,29,30,31,	 StopSoundShort	40	2	1381695557
1381707567	Triggered	1,14,15,16,17,18,19,20,21,22,	 NoSound	40	2	1381707567
1381707770	Triggered	1,14,15,16,17,18,19,20,21,22,	 PureTone-2kHz	40	2	1381707770
1381710274	Triggered	6,47,48,49,50,51,	 NoSound	40	2	1381710274
1381710475	Triggered	6,47,48,49,50,51,	 File_beep2	40	2	1381710475
1381718096	Triggered	1,14,15,16,17,18,19,20,21,22,	 NoSound	40	2	1381718096
1381718299	Triggered	1,14,15,16,17,18,19,20,21,22,	 PureTone-1kHz	40	2	1381718299
1381721104	Triggered	4,42,43,44,45,46,	 NoSound	40	2	1381721104
1381721305	Triggered	4,42,43,44,45,46,	 File_beep3	40	2	1381721305
1381729948	Triggered	1,14,15,16,17,18,19,20,21,22,	 NoSound	40	2	1381729948
1381730148	Triggered	1,14,15,16,17,18,19,20,21,22,	 StopSoundLong	40	2	1381730148
1381752269	Triggered	5,23,24,25,26,27,28,29,30,31,	 NoSound	40	2	1381752269
1381752472	Triggered	5,23,24,25,26,27,28,29,30,31,	 PureTone-11kHz	40	2	1381752472
1381755036	Triggered	8,52,53,54,55,56,	 NoSound	40	2	1381755036
1381755237	Triggered	8,52,53,54,55,56,	 File_beep2	40	2	1381755237
1381765566	Triggered	5,23,24,25,26,27,28,29,30,31,	 NoSound	40	2	1381765566
1381765770	Triggered	5,23,24,25,26,27,28,29,30,31,	 PureTone-9kHz	40	2	1381765770
1381768273	Triggered	8,52,53,54,55,56,	 NoSound	40	2	1381768273
1381768474	Triggered	8,52,53,54,55,56,	 File_beep2	40	2	1381768474
1381779772	Triggered	5,23,24,25,26,27,28,29,30,31,	 NoSound	40	2	1381779772
1381779974	Triggered	5,23,24,25,26,27,28,29,30,31,	 PureTone-7kHz	40	2	1381779974
1381782352	Triggered	8,52,53,54,55,56,	 NoSound	40	2	1381782352
1381782554	Triggered	8,52,53,54,55,56,	 File_beep2	40	2	1381782554
1381795710	Triggered	5,23,24,25,26,27,28,29,30,31,	 NoSound	40	2	1381795710
1381795912	Triggered	5,23,24,25,26,27,28,29,30,31,	 PureTone-5kHz	40	2	1381795912
1381798777	Triggered	8,52,53,54,55,56,	 NoSound	40	2	1381798777
1381798994	Triggered	8,52,53,54,55,56,	 File_beep2	40	2	1381798994
1381810512	Triggered	5,23,24,25,26,27,28,29,30,31,	 NoSound	40	2	1381810512
1381810713	Triggered	5,23,24,25,26,27,28,29,30,31,	 PureTone-3kHz	40	2	1381810713
1381813096	Triggered	8,52,53,54,55,56,	 NoSound	40	2	1381813096
1381813298	Triggered	8,52,53,54,55,56,	 File_beep2	40	2	1381813298
1381828261	Triggered	5,23,24,25,26,27,28,29,30,31,	 NoSound	40	2	1381828261
1381828462	Triggered	5,23,24,25,26,27,28,29,30,31,	 PureTone-2kHz	40	2	1381828462
1381831388	Triggered	8,52,53,54,55,56,	 NoSound	40	2	1381831388
1381831600	Triggered	8,52,53,54,55,56,	 File_beep2	40	2	1381831600
1381844263	Triggered	5,23,24,25,26,27,28,29,30,31,	 NoSound	40	2	1381844263
1381844465	Triggered	5,23,24,25,26,27,28,29,30,31,	 PureTone-1kHz	40	2	1381844465
1381847340	Triggered	8,52,53,54,55,56,	 NoSound	40	2	1381847340
1381847541	Triggered	8,52,53,54,55,56,	 File_beep2	40	2	1381847541
1381857921	Triggered	5,23,24,25,26,27,28,29,30,31,	 NoSound	40	2	1381857921
1381858122	Triggered	5,23,24,25,26,27,28,29,30,31,	 StopSoundShort	40	2	1381858122
1381885898	Triggered	6,47,48,49,50,51,	 NoSound	40	2	1381885898
1381886101	Triggered	6,47,48,49,50,51,	 File_beep5	40	2	1381886101
1381895645	Triggered	1,14,15,16,17,18,19,20,21,22,	 NoSound	40	2	1381895645
1381895847	Triggered	1,14,15,16,17,18,19,20,21,22,	 PureTone-1kHz	40	2	1381895847
1381898353	Triggered	6,47,48,49,50,51,	 NoSound	40	2	1381898353
1381898555	Triggered	6,47,48,49,50,51,	 File_beep5	40	2	1381898555
1381909302	Triggered	1,14,15,16,17,18,19,20,21,22,	 NoSound	40	2	1381909302
1381909504	Triggered	1,14,15,16,17,18,19,20,21,22,	 StopSoundLong	40	2	1381909504
1381925246	Triggered	5,23,24,25,26,27,28,29,30,31,	 NoSound	40	2	1381925246
1381925452	Triggered	5,23,24,25,26,27,28,29,30,31,	 PureTone-11kHz	40	2	1381925452
1381928014	Triggered	8,52,53,54,55,56,	 NoSound	40	2	1381928014
1381928217	Triggered	8,52,53,54,55,56,	 File_beep5	40	2	1381928217
1381956291	Triggered	5,23,24,25,26,27,28,29,30,31,	 NoSound	40	2	1381956291
1381956495	Triggered	5,23,24,25,26,27,28,29,30,31,	 PureTone-9kHz	40	2	1381956495
1381959000	Triggered	8,52,53,54,55,56,	 NoSound	40	2	1381959000
1381959203	Triggered	8,52,53,54,55,56,	 File_beep5	40	2	1381959203
1381985893	Triggered	5,23,24,25,26,27,28,29,30,31,	 NoSound	40	2	1381985893
1381986096	Triggered	5,23,24,25,26,27,28,29,30,31,	 PureTone-7kHz	40	2	1381986096
1381988607	Triggered	8,52,53,54,55,56,	 NoSound	40	2	1381988607
1381988809	Triggered	8,52,53,54,55,56,	 File_beep5	40	2	1381988809
1382007675	Triggered	5,23,24,25,26,27,28,29,30,31,	 NoSound	40	2	1382007675
1382007877	Triggered	5,23,24,25,26,27,28,29,30,31,	 PureTone-5kHz	40	2	1382007877
1382010863	Triggered	2,37,38,39,40,41,	 NoSound	40	2	1382010863
1382011064	Triggered	2,37,38,39,40,41,	 File_beep2	40	2	1382011064
1382018083	Triggered	5,23,24,25,26,27,28,29,30,31,	 NoSound	40	2	1382018083
1382018285	Triggered	5,23,24,25,26,27,28,29,30,31,	 PureTone-3kHz	40	2	1382018285
1382020911	Triggered	8,52,53,54,55,56,	 NoSound	40	2	1382020911
1382021112	Triggered	8,52,53,54,55,56,	 File_beep5	40	2	1382021112
1382038660	Triggered	5,23,24,25,26,27,28,29,30,31,	 NoSound	40	2	1382038660
1382038862	Triggered	5,23,24,25,26,27,28,29,30,31,	 PureTone-2kHz	40	2	1382038862
1382041608	Triggered	8,52,53,54,55,56,	 NoSound	40	2	1382041608
1382041810	Triggered	8,52,53,54,55,56,	 File_beep5	40	2	1382041810
1382060500	Triggered	5,23,24,25,26,27,28,29,30,31,	 NoSound	40	2	1382060500
1382060702	Triggered	5,23,24,25,26,27,28,29,30,31,	 PureTone-1kHz	40	2	1382060702
1382063869	Triggered	8,52,53,54,55,56,	 NoSound	40	2	1382063869
1382064071	Triggered	8,52,53,54,55,56,	 File_beep5	40	2	1382064071
1382082280	Triggered	5,23,24,25,26,27,28,29,30,31,	 NoSound	40	2	1382082280
1382082481	Triggered	5,23,24,25,26,27,28,29,30,31,	 StopSoundShort	40	2	1382082481
1382115382	Triggered	1,14,15,16,17,18,19,20,21,22,	 NoSound	40	2	1382115382
1382115586	Triggered	1,14,15,16,17,18,19,20,21,22,	 PureTone-2kHz	40	2	1382115586
1382118319	Triggered	6,47,48,49,50,51,	 NoSound	40	2	1382118319
1382118520	Triggered	6,47,48,49,50,51,	 File_beep5	40	2	1382118520
1382128668	Triggered	1,14,15,16,17,18,19,20,21,22,	 NoSound	40	2	1382128668
1382128869	Triggered	1,14,15,16,17,18,19,20,21,22,	 PureTone-1kHz	40	2	1382128869
1382131976	Triggered	4,42,43,44,45,46,	 NoSound	40	2	1382131976
1382132179	Triggered	4,42,43,44,45,46,	 File_beep4	40	2	1382132179
1382143949	Triggered	1,14,15,16,17,18,19,20,21,22,	 NoSound	40	2	1382143949
1382144150	Triggered	1,14,15,16,17,18,19,20,21,22,	 StopSoundLong	40	2	1382144150
1382154660	Triggered	5,23,24,25,26,27,28,29,30,31,	 NoSound	40	2	1382154660
1382154864	Triggered	5,23,24,25,26,27,28,29,30,31,	 PureTone-11kHz	40	2	1382154864
1382160677	Triggered	2,37,38,39,40,41,	 NoSound	40	2	1382160677
1382164526	Triggered	5,23,24,25,26,27,28,29,30,31,	 NoSound	40	2	1382164526
1382164729	Triggered	5,23,24,25,26,27,28,29,30,31,	 PureTone-9kHz	40	2	1382164729
1382167474	Triggered	8,52,53,54,55,56,	 NoSound	40	2	1382167474
1382167675	Triggered	8,52,53,54,55,56,	 File_beep2	40	2	1382167675
1382179267	Triggered	5,23,24,25,26,27,28,29,30,31,	 NoSound	40	2	1382179267
1382179471	Triggered	5,23,24,25,26,27,28,29,30,31,	 PureTone-7kHz	40	2	1382179471
1382182456	Triggered	8,52,53,54,55,56,	 NoSound	40	2	1382182456
1382182657	Triggered	8,52,53,54,55,56,	 File_beep2	40	2	1382182657
1382195391	Triggered	5,23,24,25,26,27,28,29,30,31,	 NoSound	40	2	1382195391
1382195593	Triggered	5,23,24,25,26,27,28,29,30,31,	 PureTone-5kHz	40	2	1382195593
1382198219	Triggered	8,52,53,54,55,56,	 NoSound	40	2	1382198219
1382198419	Triggered	8,52,53,54,55,56,	 File_beep2	40	2	1382198419
1382212780	Triggered	5,23,24,25,26,27,28,29,30,31,	 NoSound	40	2	1382212780
1382212982	Triggered	5,23,24,25,26,27,28,29,30,31,	 PureTone-3kHz	40	2	1382212982
1382215849	Triggered	8,52,53,54,55,56,	 NoSound	40	2	1382215849
1382216050	Triggered	8,52,53,54,55,56,	 File_beep2	40	2	1382216050
1382229086	Triggered	5,23,24,25,26,27,28,29,30,31,	 NoSound	40	2	1382229086
1382229287	Triggered	5,23,24,25,26,27,28,29,30,31,	 PureTone-2kHz	40	2	1382229287
1382231973	Triggered	8,52,53,54,55,56,	 NoSound	40	2	1382231973
1382232173	Triggered	8,52,53,54,55,56,	 File_beep2	40	2	1382232173
1382244728	Triggered	5,23,24,25,26,27,28,29,30,31,	 NoSound	40	2	1382244728
1382244931	Triggered	5,23,24,25,26,27,28,29,30,31,	 PureTone-1kHz	40	2	1382244931
1382247797	Triggered	8,52,53,54,55,56,	 NoSound	40	2	1382247797
1382247997	Triggered	8,52,53,54,55,56,	 File_beep2	40	2	1382247997
1382260912	Triggered	5,23,24,25,26,27,28,29,30,31,	 NoSound	40	2	1382260912
1382261113	Triggered	5,23,24,25,26,27,28,29,30,31,	 StopSoundShort	40	2	1382261113
1382280286	Triggered	6,47,48,49,50,51,	 NoSound	40	2	1382280286
1382284619	Triggered	1,14,15,16,17,18,19,20,21,22,	 NoSound	40	2	1382284619
1382284820	Triggered	1,14,15,16,17,18,19,20,21,22,	 PureTone-1kHz	40	2	1382284820
1382287204	Triggered	6,47,48,49,50,51,	 NoSound	40	2	1382287204
1382292498	Triggered	1,14,15,16,17,18,19,20,21,22,	 NoSound	40	2	1382292498
1382292699	Triggered	1,14,15,16,17,18,19,20,21,22,	 StopSoundLong	40	2	1382292699
1382311932	Triggered	5,23,24,25,26,27,28,29,30,31,	 NoSound	40	2	1382311932
1382312135	Triggered	5,23,24,25,26,27,28,29,30,31,	 PureTone-11kHz	40	2	1382312135
1382314640	Triggered	8,52,53,54,55,56,	 NoSound	40	2	1382314640
1382314842	Triggered	8,52,53,54,55,56,	 File_beep5	40	2	1382314842
1382332329	Triggered	5,23,24,25,26,27,28,29,30,31,	 NoSound	40	2	1382332329
1382332532	Triggered	5,23,24,25,26,27,28,29,30,31,	 PureTone-9kHz	40	2	1382332532
1382335097	Triggered	8,52,53,54,55,56,	 NoSound	40	2	1382335097
1382335299	Triggered	8,52,53,54,55,56,	 File_beep5	40	2	1382335299
1382355492	Triggered	5,23,24,25,26,27,28,29,30,31,	 NoSound	40	2	1382355492
1382355695	Triggered	5,23,24,25,26,27,28,29,30,31,	 PureTone-7kHz	40	2	1382355695
1382358742	Triggered	8,52,53,54,55,56,	 NoSound	40	2	1382358742
1382358943	Triggered	8,52,53,54,55,56,	 File_beep5	40	2	1382358943
1382377754	Triggered	5,23,24,25,26,27,28,29,30,31,	 NoSound	40	2	1382377754
1382377956	Triggered	5,23,24,25,26,27,28,29,30,31,	 PureTone-5kHz	40	2	1382377956
1382380350	Triggered	8,52,53,54,55,56,	 NoSound	40	2	1382380350
1382380552	Triggered	8,52,53,54,55,56,	 File_beep5	40	2	1382380552
1382401038	Triggered	5,23,24,25,26,27,28,29,30,31,	 NoSound	40	2	1382401038
1382401242	Triggered	5,23,24,25,26,27,28,29,30,31,	 PureTone-3kHz	40	2	1382401242
1382403986	Triggered	8,52,53,54,55,56,	 NoSound	40	2	1382403986
1382404188	Triggered	8,52,53,54,55,56,	 File_beep5	40	2	1382404188
1382423555	Triggered	5,23,24,25,26,27,28,29,30,31,	 NoSound	40	2	1382423555
1382423757	Triggered	5,23,24,25,26,27,28,29,30,31,	 PureTone-2kHz	40	2	1382423757
1382426549	Triggered	8,52,53,54,55,56,	 NoSound	40	2	1382426549
1382426751	Triggered	8,52,53,54,55,56,	 File_beep5	40	2	1382426751
1382447424	Triggered	5,23,24,25,26,27,28,29,30,31,	 NoSound	40	2	1382447424
1382447637	Triggered	5,23,24,25,26,27,28,29,30,31,	 PureTone-1kHz	40	2	1382447637
1382450433	Triggered	8,52,53,54,55,56,	 NoSound	40	2	1382450433
1382450635	Triggered	8,52,53,54,55,56,	 File_beep5	40	2	1382450635
1382471015	Triggered	5,23,24,25,26,27,28,29,30,31,	 NoSound	40	2	1382471015
1382471217	Triggered	5,23,24,25,26,27,28,29,30,31,	 StopSoundShort	40	2	1382471217
1382491708	Triggered	6,47,48,49,50,51,	 NoSound	40	2	1382491708
1382496459	Triggered	1,14,15,16,17,18,19,20,21,22,	 NoSound	40	2	1382496459
1382496661	Triggered	1,14,15,16,17,18,19,20,21,22,	 PureTone-1kHz	40	2	1382496661
1382499468	Triggered	6,47,48,49,50,51,	 NoSound	40	2	1382499468
1382503800	Triggered	1,14,15,16,17,18,19,20,21,22,	 NoSound	40	2	1382503800
1382504001	Triggered	1,14,15,16,17,18,19,20,21,22,	 StopSoundLong	40	2	1382504001
1382516737	Triggered	5,23,24,25,26,27,28,29,30,31,	 NoSound	40	2	1382516737
1382516941	Triggered	5,23,24,25,26,27,28,29,30,31,	 PureTone-11kHz	40	2	1382516941
1382519565	Triggered	8,52,53,54,55,56,	 NoSound	40	2	1382519565
1382519767	Triggered	8,52,53,54,55,56,	 File_beep3	40	2	1382519767
1382535145	Triggered	5,23,24,25,26,27,28,29,30,31,	 NoSound	40	2	1382535145
1382535349	Triggered	5,23,24,25,26,27,28,29,30,31,	 PureTone-9kHz	40	2	1382535349
1382538093	Triggered	8,52,53,54,55,56,	 NoSound	40	2	1382538093
1382538295	Triggered	8,52,53,54,55,56,	 File_beep3	40	2	1382538295
1382554580	Triggered	5,23,24,25,26,27,28,29,30,31,	 NoSound	40	2	1382554580
1382554782	Triggered	5,23,24,25,26,27,28,29,30,31,	 PureTone-7kHz	40	2	1382554782
1382557526	Triggered	8,52,53,54,55,56,	 NoSound	40	2	1382557526
1382557728	Triggered	8,52,53,54,55,56,	 File_beep3	40	2	1382557728
1382575216	Triggered	5,23,24,25,26,27,28,29,30,31,	 NoSound	40	2	1382575216
1382575418	Triggered	5,23,24,25,26,27,28,29,30,31,	 PureTone-5kHz	40	2	1382575418
1382578405	Triggered	8,52,53,54,55,56,	 NoSound	40	2	1382578405
1382578607	Triggered	8,52,53,54,55,56,	 File_beep3	40	2	1382578607
1382598319	Triggered	5,23,24,25,26,27,28,29,30,31,	 NoSound	40	2	1382598319
1382598521	Triggered	5,23,24,25,26,27,28,29,30,31,	 PureTone-3kHz	40	2	1382598521
1382601809	Triggered	8,52,53,54,55,56,	 NoSound	40	2	1382601809
1382602011	Triggered	8,52,53,54,55,56,	 File_beep3	40	2	1382602011
1382618897	Triggered	5,23,24,25,26,27,28,29,30,31,	 NoSound	40	2	1382618897
1382619110	Triggered	5,23,24,25,26,27,28,29,30,31,	 PureTone-2kHz	40	2	1382619110
1382622205	Triggered	8,52,53,54,55,56,	 NoSound	40	2	1382622205
1382622407	Triggered	8,52,53,54,55,56,	 File_beep3	40	2	1382622407
1382637366	Triggered	5,23,24,25,26,27,28,29,30,31,	 NoSound	40	2	1382637366
1382637568	Triggered	5,23,24,25,26,27,28,29,30,31,	 PureTone-1kHz	40	2	1382637568
1382640316	Triggered	8,52,53,54,55,56,	 NoSound	40	2	1382640316
1382640517	Triggered	8,52,53,54,55,56,	 File_beep3	40	2	1382640517
1382656260	Triggered	5,23,24,25,26,27,28,29,30,31,	 NoSound	40	2	1382656260
1382656460	Triggered	5,23,24,25,26,27,28,29,30,31,	 StopSoundShort	40	2	1382656460
1382728278	Triggered	1,14,15,16,17,18,19,20,21,22,	 NoSound	40	2	1382728278
1382728481	Triggered	1,14,15,16,17,18,19,20,21,22,	 PureTone-2kHz	40	2	1382728481
1382731767	Triggered	6,47,48,49,50,51,	 NoSound	40	2	1382731767
1382744945	Triggered	1,14,15,16,17,18,19,20,21,22,	 NoSound	40	2	1382744945
1382745147	Triggered	1,14,15,16,17,18,19,20,21,22,	 PureTone-1kHz	40	2	1382745147
1382749276	Triggered	4,42,43,44,45,46,	 NoSound	40	2	1382749276
1382749477	Triggered	4,42,43,44,45,46,	 File_beep1	40	2	1382749477
1382790248	Triggered	1,14,15,16,17,18,19,20,21,22,	 NoSound	40	2	1382790248
1382790450	Triggered	1,14,15,16,17,18,19,20,21,22,	 StopSoundLong	40	2	1382790450
1382820030	Triggered	5,23,24,25,26,27,28,29,30,31,	 NoSound	40	2	1382820030
1382820236	Triggered	5,23,24,25,26,27,28,29,30,31,	 PureTone-11kHz	40	2	1382820236
1382823582	Triggered	8,52,53,54,55,56,	 NoSound	40	2	1382823582
1382823784	Triggered	8,52,53,54,55,56,	 File_beep5	40	2	1382823784
1382846142	Triggered	5,23,24,25,26,27,28,29,30,31,	 NoSound	40	2	1382846142
1382846346	Triggered	5,23,24,25,26,27,28,29,30,31,	 PureTone-9kHz	40	2	1382846346
1382849212	Triggered	8,52,53,54,55,56,	 NoSound	40	2	1382849212
1382849413	Triggered	8,52,53,54,55,56,	 File_beep5	40	2	1382849413
1382870388	Triggered	5,23,24,25,26,27,28,29,30,31,	 NoSound	40	2	1382870389
1382870593	Triggered	5,23,24,25,26,27,28,29,30,31,	 PureTone-7kHz	40	2	1382870593
1382873219	Triggered	8,52,53,54,55,56,	 NoSound	40	2	1382873219
1382873434	Triggered	8,52,53,54,55,56,	 File_beep5	40	2	1382873434
1382891208	Triggered	5,23,24,25,26,27,28,29,30,31,	 NoSound	40	2	1382891208
1382891410	Triggered	5,23,24,25,26,27,28,29,30,31,	 PureTone-5kHz	40	2	1382891410
1382894157	Triggered	8,52,53,54,55,56,	 NoSound	40	2	1382894157
1382894359	Triggered	8,52,53,54,55,56,	 File_beep5	40	2	1382894359
1382913898	Triggered	5,23,24,25,26,27,28,29,30,31,	 NoSound	40	2	1382913898
1382914100	Triggered	5,23,24,25,26,27,28,29,30,31,	 PureTone-3kHz	40	2	1382914100
1382916840	Triggered	8,52,53,54,55,56,	 NoSound	40	2	1382916840
1382917042	Triggered	8,52,53,54,55,56,	 File_beep5	40	2	1382917042
1382936634	Triggered	5,23,24,25,26,27,28,29,30,31,	 NoSound	40	2	1382936634
1382936835	Triggered	5,23,24,25,26,27,28,29,30,31,	 PureTone-2kHz	40	2	1382936835
1382939522	Triggered	8,52,53,54,55,56,	 NoSound	40	2	1382939522
1382939723	Triggered	8,52,53,54,55,56,	 File_beep5	40	2	1382939723
1382962145	Triggered	5,23,24,25,26,27,28,29,30,31,	 NoSound	40	2	1382962145
1382962346	Triggered	5,23,24,25,26,27,28,29,30,31,	 PureTone-1kHz	40	2	1382962346
1382966236	Triggered	8,52,53,54,55,56,	 NoSound	40	2	1382966236
1382966437	Triggered	8,52,53,54,55,56,	 File_beep5	40	2	1382966437
1382988747	Triggered	5,23,24,25,26,27,28,29,30,31,	 NoSound	40	2	1382988747
1382988948	Triggered	5,23,24,25,26,27,28,29,30,31,	 StopSoundShort	40	2	1382988948
1383147392	Triggered	1,14,15,16,17,18,19,20,21,22,	 NoSound	40	2	1383147392
1383147594	Triggered	1,14,15,16,17,18,19,20,21,22,	 PureTone-2kHz	40	2	1383147594
1383249494	Triggered	4,42,43,44,45,46,	 NoSound	40	2	1383249494
1383249696	Triggered	4,42,43,44,45,46,	 File_beep5	40	2	1383249697
1383296965	Triggered	1,14,15,16,17,18,19,20,21,22,	 NoSound	40	2	1383296965
1383297166	Triggered	1,14,15,16,17,18,19,20,21,22,	 PureTone-1kHz	40	2	1383297166
1383305148	Triggered	4,42,43,44,45,46,	 NoSound	40	2	1383305148
1383305350	Triggered	4,42,43,44,45,46,	 File_beep5	40	2	1383305350
1383419582	Triggered	1,14,15,16,17,18,19,20,21,22,	 NoSound	40	2	1383419582
1383419783	Triggered	1,14,15,16,17,18,19,20,21,22,	 StopSoundLong	40	2	1383419783
1383437640	Triggered	5,23,24,25,26,27,28,29,30,31,	 NoSound	40	2	1383437640
1383437845	Triggered	5,23,24,25,26,27,28,29,30,31,	 PureTone-11kHz	40	2	1383437845
1383441605	Triggered	8,52,53,54,55,56,	 NoSound	40	2	1383441605
1383453877	Triggered	5,23,24,25,26,27,28,29,30,31,	 NoSound	40	2	1383453877
1383454080	Triggered	5,23,24,25,26,27,28,29,30,31,	 PureTone-9kHz	40	2	1383454080
1383491664	Triggered	2,37,38,39,40,41,	 NoSound	40	2	1383491664
1383491865	Triggered	2,37,38,39,40,41,	 File_beep1	40	2	1383491865
1384274475	Triggered	5,23,24,25,26,27,28,29,30,31,	 NoSound	40	2	1384274475
1384274679	Triggered	5,23,24,25,26,27,28,29,30,31,	 PureTone-7kHz	40	2	1384274679
1384279232	Triggered	8,52,53,54,55,56,	 NoSound	40	2	1384279232
1384312561	Triggered	5,23,24,25,26,27,28,29,30,31,	 NoSound	40	2	1384312561
1384312763	Triggered	5,23,24,25,26,27,28,29,30,31,	 PureTone-5kHz	40	2	1384312763
1384316954	Triggered	8,52,53,54,55,56,	 NoSound	40	2	1384316954
1384589986	Triggered	5,23,24,25,26,27,28,29,30,31,	 NoSound	40	2	1384589986
1384590189	Triggered	5,23,24,25,26,27,28,29,30,31,	 PureTone-3kHz	40	2	1384590189
1384594018	Triggered	8,52,53,54,55,56,	 NoSound	40	2	1384594018
1384621212	Triggered	5,23,24,25,26,27,28,29,30,31,	 NoSound	40	2	1384621212
1384621414	Triggered	5,23,24,25,26,27,28,29,30,31,	 PureTone-2kHz	40	2	1384621414
1384626749	Triggered	8,52,53,54,55,56,	 NoSound	40	2	1384626749
1384653880	Triggered	5,23,24,25,26,27,28,29,30,31,	 NoSound	40	2	1384653880
1384654082	Triggered	5,23,24,25,26,27,28,29,30,31,	 PureTone-1kHz	40	2	1384654082
