Ver1.3	874399752	StartFile	8/4/2020	2:57:38 PM	E:\BehavioralExperiments\Ratzo\RatData_Ratzo\Rawdata\080420B\SoundData.txt	874399752
874637075	Triggered	5,23,24,25,26,27,28,29,30,31,	 NoSound	40	2	874637075
874637276	Triggered	5,23,24,25,26,27,28,29,30,31,	 StopSoundShort	40	2	874637276
874653586	Triggered	1,14,15,16,17,18,19,20,21,22,	 NoSound	40	2	874653586
874672434	Triggered	4,42,43,44,45,46,	 NoSound	40	2	874672434
874672635	Triggered	4,42,43,44,45,46,	 File_beep2	40	2	874672635
874687081	Triggered	1,14,15,16,17,18,19,20,21,22,	 NoSound	40	2	874687081
874692019	Triggered	4,42,43,44,45,46,	 NoSound	40	2	874692019
874692221	Triggered	4,42,43,44,45,46,	 File_beep2	40	2	874692221
874702460	Triggered	1,14,15,16,17,18,19,20,21,22,	 NoSound	40	2	874702460
874706190	Triggered	4,42,43,44,45,46,	 NoSound	40	2	874706190
874706390	Triggered	4,42,43,44,45,46,	 File_beep2	40	2	874706390
874716417	Triggered	1,14,15,16,17,18,19,20,21,22,	 NoSound	40	2	874716417
874716620	Triggered	1,14,15,16,17,18,19,20,21,22,	 PureTone-11kHz	40	2	874716620
874720160	Triggered	4,42,43,44,45,46,	 NoSound	40	2	874720160
874720362	Triggered	4,42,43,44,45,46,	 File_beep2	40	2	874720362
874729719	Triggered	1,14,15,16,17,18,19,20,21,22,	 NoSound	40	2	874729719
874729934	Triggered	1,14,15,16,17,18,19,20,21,22,	 PureTone-11kHz	40	2	874729934
874733261	Triggered	4,42,43,44,45,46,	 NoSound	40	2	874733261
874733475	Triggered	4,42,43,44,45,46,	 File_beep2	40	2	874733476
874743956	Triggered	1,14,15,16,17,18,19,20,21,22,	 NoSound	40	2	874743956
874744159	Triggered	1,14,15,16,17,18,19,20,21,22,	 PureTone-11kHz	40	2	874744159
874748233	Triggered	6,47,48,49,50,51,	 NoSound	40	2	874748233
874748434	Triggered	6,47,48,49,50,51,	 File_beep2	40	2	874748434
874756388	Triggered	1,14,15,16,17,18,19,20,21,22,	 NoSound	40	2	874756388
874756591	Triggered	1,14,15,16,17,18,19,20,21,22,	 PureTone-11kHz	40	2	874756591
874760398	Triggered	4,42,43,44,45,46,	 NoSound	40	2	874760398
874760598	Triggered	4,42,43,44,45,46,	 File_beep2	40	2	874760598
874769957	Triggered	1,14,15,16,17,18,19,20,21,22,	 NoSound	40	2	874769957
874770159	Triggered	1,14,15,16,17,18,19,20,21,22,	 PureTone-11kHz	40	2	874770159
874773298	Triggered	4,42,43,44,45,46,	 NoSound	40	2	874773298
874773500	Triggered	4,42,43,44,45,46,	 File_beep2	40	2	874773500
874783191	Triggered	1,14,15,16,17,18,19,20,21,22,	 NoSound	40	2	874783191
874783394	Triggered	1,14,15,16,17,18,19,20,21,22,	 PureTone-11kHz	40	2	874783394
874786402	Triggered	4,42,43,44,45,46,	 NoSound	40	2	874786402
874786603	Triggered	4,42,43,44,45,46,	 File_beep2	40	2	874786603
874795690	Triggered	1,14,15,16,17,18,19,20,21,22,	 NoSound	40	2	874795690
874795893	Triggered	1,14,15,16,17,18,19,20,21,22,	 PureTone-11kHz	40	2	874795893
874798899	Triggered	4,42,43,44,45,46,	 NoSound	40	2	874798899
874799099	Triggered	4,42,43,44,45,46,	 File_beep2	40	2	874799099
874808389	Triggered	1,14,15,16,17,18,19,20,21,22,	 NoSound	40	2	874808389
874808592	Triggered	1,14,15,16,17,18,19,20,21,22,	 PureTone-11kHz	40	2	874808592
874811798	Triggered	4,42,43,44,45,46,	 NoSound	40	2	874811798
874811998	Triggered	4,42,43,44,45,46,	 File_beep2	40	2	874811998
874821757	Triggered	1,14,15,16,17,18,19,20,21,22,	 NoSound	40	2	874821757
874821972	Triggered	1,14,15,16,17,18,19,20,21,22,	 PureTone-11kHz	40	2	874821972
874824966	Triggered	4,42,43,44,45,46,	 NoSound	40	2	874824966
874825167	Triggered	4,42,43,44,45,46,	 File_beep2	40	2	874825167
874834532	Triggered	1,14,15,16,17,18,19,20,21,22,	 NoSound	40	2	874834532
874834734	Triggered	1,14,15,16,17,18,19,20,21,22,	 PureTone-11kHz	40	2	874834734
874837800	Triggered	4,42,43,44,45,46,	 NoSound	40	2	874837800
874838002	Triggered	4,42,43,44,45,46,	 File_beep2	40	2	874838002
874847292	Triggered	1,14,15,16,17,18,19,20,21,22,	 NoSound	40	2	874847292
874847495	Triggered	1,14,15,16,17,18,19,20,21,22,	 PureTone-11kHz	40	2	874847495
874851837	Triggered	6,47,48,49,50,51,	 NoSound	40	2	874851837
874852037	Triggered	6,47,48,49,50,51,	 File_beep2	40	2	874852037
874859456	Triggered	1,14,15,16,17,18,19,20,21,22,	 NoSound	40	2	874859456
874859658	Triggered	1,14,15,16,17,18,19,20,21,22,	 PureTone-11kHz	40	2	874859658
874863200	Triggered	4,42,43,44,45,46,	 NoSound	40	2	874863200
874863417	Triggered	4,42,43,44,45,46,	 File_beep2	40	2	874863417
874873092	Triggered	1,14,15,16,17,18,19,20,21,22,	 NoSound	40	2	874873092
874873295	Triggered	1,14,15,16,17,18,19,20,21,22,	 PureTone-11kHz	40	2	874873295
874876914	Triggered	6,47,48,49,50,51,	 NoSound	40	2	874876914
874877115	Triggered	6,47,48,49,50,51,	 File_beep2	40	2	874877115
874885792	Triggered	1,14,15,16,17,18,19,20,21,22,	 NoSound	40	2	874885792
874885994	Triggered	1,14,15,16,17,18,19,20,21,22,	 PureTone-11kHz	40	2	874885994
874889534	Triggered	6,47,48,49,50,51,	 NoSound	40	2	874889534
874889735	Triggered	6,47,48,49,50,51,	 File_beep2	40	2	874889735
874896820	Triggered	1,14,15,16,17,18,19,20,21,22,	 NoSound	40	2	874896820
874897023	Triggered	1,14,15,16,17,18,19,20,21,22,	 PureTone-9kHz	40	2	874897023
874900964	Triggered	6,47,48,49,50,51,	 NoSound	40	2	874900964
874901164	Triggered	6,47,48,49,50,51,	 File_beep2	40	2	874901164
874908784	Triggered	1,14,15,16,17,18,19,20,21,22,	 NoSound	40	2	874908784
874909003	Triggered	1,14,15,16,17,18,19,20,21,22,	 PureTone-7kHz	40	2	874909003
874912067	Triggered	4,42,43,44,45,46,	 NoSound	40	2	874912067
874912269	Triggered	4,42,43,44,45,46,	 File_beep2	40	2	874912269
874922219	Triggered	1,14,15,16,17,18,19,20,21,22,	 NoSound	40	2	874922219
874922423	Triggered	1,14,15,16,17,18,19,20,21,22,	 PureTone-5kHz	40	2	874922423
874925634	Triggered	4,42,43,44,45,46,	 NoSound	40	2	874925634
874925835	Triggered	4,42,43,44,45,46,	 File_beep2	40	2	874925835
874934717	Triggered	1,14,15,16,17,18,19,20,21,22,	 NoSound	40	2	874934717
874934919	Triggered	1,14,15,16,17,18,19,20,21,22,	 PureTone-3kHz	40	2	874934919
874938128	Triggered	4,42,43,44,45,46,	 NoSound	40	2	874938128
874938330	Triggered	4,42,43,44,45,46,	 File_beep2	40	2	874938330
874946816	Triggered	1,14,15,16,17,18,19,20,21,22,	 NoSound	40	2	874946816
874947019	Triggered	1,14,15,16,17,18,19,20,21,22,	 PureTone-2kHz	40	2	874947019
874949824	Triggered	4,42,43,44,45,46,	 NoSound	40	2	874949824
874950026	Triggered	4,42,43,44,45,46,	 File_beep2	40	2	874950026
874959515	Triggered	1,14,15,16,17,18,19,20,21,22,	 NoSound	40	2	874959515
874959718	Triggered	1,14,15,16,17,18,19,20,21,22,	 PureTone-1kHz	40	2	874959718
874962590	Triggered	4,42,43,44,45,46,	 NoSound	40	2	874962590
874962792	Triggered	4,42,43,44,45,46,	 File_beep2	40	2	874962792
874971214	Triggered	1,14,15,16,17,18,19,20,21,22,	 NoSound	40	2	874971214
874971415	Triggered	1,14,15,16,17,18,19,20,21,22,	 StopSoundShort	40	2	874971415
874988591	Triggered	5,23,24,25,26,27,28,29,30,31,	 NoSound	40	2	874988591
874992201	Triggered	2,37,38,39,40,41,	 NoSound	40	2	874992201
874998082	Triggered	5,23,24,25,26,27,28,29,30,31,	 NoSound	40	2	874998082
875023015	Triggered	2,37,38,39,40,41,	 NoSound	40	2	875023015
875037052	Triggered	5,23,24,25,26,27,28,29,30,31,	 NoSound	40	2	875037052
875058374	Triggered	2,37,38,39,40,41,	 NoSound	40	2	875058374
875065059	Triggered	5,23,24,25,26,27,28,29,30,31,	 NoSound	40	2	875065059
875065275	Triggered	5,23,24,25,26,27,28,29,30,31,	 PureTone-11kHz	40	2	875065275
875069001	Triggered	8,52,53,54,55,56,	 NoSound	40	2	875069001
875069203	Triggered	8,52,53,54,55,56,	 File_beep3	40	2	875069203
875086245	Triggered	5,23,24,25,26,27,28,29,30,31,	 NoSound	40	2	875086245
875086448	Triggered	5,23,24,25,26,27,28,29,30,31,	 PureTone-11kHz	40	2	875086448
875091126	Triggered	2,37,38,39,40,41,	 NoSound	40	2	875091126
875096606	Triggered	5,23,24,25,26,27,28,29,30,31,	 NoSound	40	2	875096606
875096809	Triggered	5,23,24,25,26,27,28,29,30,31,	 PureTone-11kHz	40	2	875096809
875100417	Triggered	8,52,53,54,55,56,	 NoSound	40	2	875100417
875100619	Triggered	8,52,53,54,55,56,	 File_beep3	40	2	875100619
875113919	Triggered	5,23,24,25,26,27,28,29,30,31,	 NoSound	40	2	875113919
875114121	Triggered	5,23,24,25,26,27,28,29,30,31,	 PureTone-11kHz	40	2	875114121
875117795	Triggered	8,52,53,54,55,56,	 NoSound	40	2	875117795
875117997	Triggered	8,52,53,54,55,56,	 File_beep3	40	2	875117997
875130230	Triggered	5,23,24,25,26,27,28,29,30,31,	 NoSound	40	2	875130230
875130454	Triggered	5,23,24,25,26,27,28,29,30,31,	 PureTone-11kHz	40	2	875130454
875133648	Triggered	8,52,53,54,55,56,	 NoSound	40	2	875133648
875133850	Triggered	8,52,53,54,55,56,	 File_beep3	40	2	875133850
875142928	Triggered	5,23,24,25,26,27,28,29,30,31,	 NoSound	40	2	875142928
875143132	Triggered	5,23,24,25,26,27,28,29,30,31,	 PureTone-11kHz	40	2	875143132
875146136	Triggered	8,52,53,54,55,56,	 NoSound	40	2	875146136
875146337	Triggered	8,52,53,54,55,56,	 File_beep3	40	2	875146337
875158717	Triggered	5,23,24,25,26,27,28,29,30,31,	 NoSound	40	2	875158717
875158920	Triggered	5,23,24,25,26,27,28,29,30,31,	 PureTone-11kHz	40	2	875158920
875161977	Triggered	8,52,53,54,55,56,	 NoSound	40	2	875161977
875162180	Triggered	8,52,53,54,55,56,	 File_beep3	40	2	875162180
875170064	Triggered	5,23,24,25,26,27,28,29,30,31,	 NoSound	40	2	875170064
875170266	Triggered	5,23,24,25,26,27,28,29,30,31,	 PureTone-11kHz	40	2	875170266
875173542	Triggered	8,52,53,54,55,56,	 NoSound	40	2	875173542
875173765	Triggered	8,52,53,54,55,56,	 File_beep3	40	2	875173765
875185505	Triggered	5,23,24,25,26,27,28,29,30,31,	 NoSound	40	2	875185505
875185710	Triggered	5,23,24,25,26,27,28,29,30,31,	 PureTone-11kHz	40	2	875185710
875188713	Triggered	8,52,53,54,55,56,	 NoSound	40	2	875188713
875188915	Triggered	8,52,53,54,55,56,	 File_beep3	40	2	875188915
875198806	Triggered	5,23,24,25,26,27,28,29,30,31,	 NoSound	40	2	875198806
875199011	Triggered	5,23,24,25,26,27,28,29,30,31,	 PureTone-11kHz	40	2	875199011
875201948	Triggered	8,52,53,54,55,56,	 NoSound	40	2	875201948
875202149	Triggered	8,52,53,54,55,56,	 File_beep3	40	2	875202149
875213713	Triggered	5,23,24,25,26,27,28,29,30,31,	 NoSound	40	2	875213713
875213919	Triggered	5,23,24,25,26,27,28,29,30,31,	 PureTone-11kHz	40	2	875213919
875217056	Triggered	8,52,53,54,55,56,	 NoSound	40	2	875217056
875217258	Triggered	8,52,53,54,55,56,	 File_beep3	40	2	875217258
875229821	Triggered	5,23,24,25,26,27,28,29,30,31,	 NoSound	40	2	875229821
875230024	Triggered	5,23,24,25,26,27,28,29,30,31,	 PureTone-11kHz	40	2	875230024
875233300	Triggered	8,52,53,54,55,56,	 NoSound	40	2	875233300
875233502	Triggered	8,52,53,54,55,56,	 File_beep3	40	2	875233502
875244926	Triggered	5,23,24,25,26,27,28,29,30,31,	 NoSound	40	2	875244926
875245130	Triggered	5,23,24,25,26,27,28,29,30,31,	 PureTone-11kHz	40	2	875245130
875248268	Triggered	8,52,53,54,55,56,	 NoSound	40	2	875248268
875248469	Triggered	8,52,53,54,55,56,	 File_beep3	40	2	875248469
875258695	Triggered	5,23,24,25,26,27,28,29,30,31,	 NoSound	40	2	875258695
875258899	Triggered	5,23,24,25,26,27,28,29,30,31,	 PureTone-11kHz	40	2	875258899
875261838	Triggered	8,52,53,54,55,56,	 NoSound	40	2	875261838
875262042	Triggered	8,52,53,54,55,56,	 File_beep3	40	2	875262042
875274003	Triggered	5,23,24,25,26,27,28,29,30,31,	 NoSound	40	2	875274003
875274206	Triggered	5,23,24,25,26,27,28,29,30,31,	 PureTone-9kHz	40	2	875274206
875277076	Triggered	8,52,53,54,55,56,	 NoSound	40	2	875277076
875277278	Triggered	8,52,53,54,55,56,	 File_beep3	40	2	875277278
875288640	Triggered	5,23,24,25,26,27,28,29,30,31,	 NoSound	40	2	875288640
875288844	Triggered	5,23,24,25,26,27,28,29,30,31,	 PureTone-7kHz	40	2	875288844
875292049	Triggered	8,52,53,54,55,56,	 NoSound	40	2	875292049
875292252	Triggered	8,52,53,54,55,56,	 File_beep3	40	2	875292252
875304150	Triggered	5,23,24,25,26,27,28,29,30,31,	 NoSound	40	2	875304150
875304354	Triggered	5,23,24,25,26,27,28,29,30,31,	 PureTone-5kHz	40	2	875304354
875307356	Triggered	8,52,53,54,55,56,	 NoSound	40	2	875307356
875307559	Triggered	8,52,53,54,55,56,	 File_beep3	40	2	875307559
875320924	Triggered	5,23,24,25,26,27,28,29,30,31,	 NoSound	40	2	875320924
875321126	Triggered	5,23,24,25,26,27,28,29,30,31,	 PureTone-3kHz	40	2	875321126
875323932	Triggered	8,52,53,54,55,56,	 NoSound	40	2	875323932
875324134	Triggered	8,52,53,54,55,56,	 File_beep3	40	2	875324134
875335697	Triggered	5,23,24,25,26,27,28,29,30,31,	 NoSound	40	2	875335697
875335900	Triggered	5,23,24,25,26,27,28,29,30,31,	 PureTone-2kHz	40	2	875335900
875339240	Triggered	8,52,53,54,55,56,	 NoSound	40	2	875339240
875339441	Triggered	8,52,53,54,55,56,	 File_beep3	40	2	875339441
875352540	Triggered	5,23,24,25,26,27,28,29,30,31,	 NoSound	40	2	875352540
875352740	Triggered	5,23,24,25,26,27,28,29,30,31,	 PureTone-1kHz	40	2	875352741
875355816	Triggered	8,52,53,54,55,56,	 NoSound	40	2	875355816
875356019	Triggered	8,52,53,54,55,56,	 File_beep3	40	2	875356019
875367581	Triggered	5,23,24,25,26,27,28,29,30,31,	 NoSound	40	2	875367581
875367782	Triggered	5,23,24,25,26,27,28,29,30,31,	 StopSoundShort	40	2	875367782
875381554	Triggered	6,47,48,49,50,51,	 NoSound	40	2	875381554
875381758	Triggered	6,47,48,49,50,51,	 File_beep1	40	2	875381758
875388701	Triggered	1,14,15,16,17,18,19,20,21,22,	 NoSound	40	2	875388701
875392445	Triggered	6,47,48,49,50,51,	 NoSound	40	2	875392445
875392645	Triggered	6,47,48,49,50,51,	 File_beep1	40	2	875392645
875398593	Triggered	1,14,15,16,17,18,19,20,21,22,	 NoSound	40	2	875398593
875402070	Triggered	6,47,48,49,50,51,	 NoSound	40	2	875402070
875402272	Triggered	6,47,48,49,50,51,	 File_beep1	40	2	875402272
875410825	Triggered	1,14,15,16,17,18,19,20,21,22,	 NoSound	40	2	875410825
875411031	Triggered	1,14,15,16,17,18,19,20,21,22,	 PureTone-11kHz	40	2	875411031
875415643	Triggered	4,42,43,44,45,46,	 NoSound	40	2	875415643
875415845	Triggered	4,42,43,44,45,46,	 File_beep3	40	2	875415845
875426666	Triggered	1,14,15,16,17,18,19,20,21,22,	 NoSound	40	2	875426666
875426870	Triggered	1,14,15,16,17,18,19,20,21,22,	 PureTone-11kHz	40	2	875426870
875431145	Triggered	4,42,43,44,45,46,	 NoSound	40	2	875431145
875431347	Triggered	4,42,43,44,45,46,	 File_beep3	40	2	875431347
875442507	Triggered	1,14,15,16,17,18,19,20,21,22,	 NoSound	40	2	875442507
875442724	Triggered	1,14,15,16,17,18,19,20,21,22,	 PureTone-11kHz	40	2	875442724
875451465	Triggered	4,42,43,44,45,46,	 NoSound	40	2	875451465
875451680	Triggered	4,42,43,44,45,46,	 File_beep3	40	2	875451680
875465569	Triggered	1,14,15,16,17,18,19,20,21,22,	 NoSound	40	2	875465569
875465772	Triggered	1,14,15,16,17,18,19,20,21,22,	 PureTone-11kHz	40	2	875465772
875471183	Triggered	4,42,43,44,45,46,	 NoSound	40	2	875471183
875471398	Triggered	4,42,43,44,45,46,	 File_beep3	40	2	875471398
875482145	Triggered	1,14,15,16,17,18,19,20,21,22,	 NoSound	40	2	875482145
875482348	Triggered	1,14,15,16,17,18,19,20,21,22,	 PureTone-11kHz	40	2	875482348
875488093	Triggered	4,42,43,44,45,46,	 NoSound	40	2	875488093
875488294	Triggered	4,42,43,44,45,46,	 File_beep3	40	2	875488294
875499656	Triggered	1,14,15,16,17,18,19,20,21,22,	 NoSound	40	2	875499656
875499861	Triggered	1,14,15,16,17,18,19,20,21,22,	 PureTone-11kHz	40	2	875499861
875503274	Triggered	4,42,43,44,45,46,	 NoSound	40	2	875503274
875503476	Triggered	4,42,43,44,45,46,	 File_beep3	40	2	875503476
875515096	Triggered	1,14,15,16,17,18,19,20,21,22,	 NoSound	40	2	875515096
875515299	Triggered	1,14,15,16,17,18,19,20,21,22,	 PureTone-11kHz	40	2	875515299
875519174	Triggered	4,42,43,44,45,46,	 NoSound	40	2	875519174
875519376	Triggered	4,42,43,44,45,46,	 File_beep3	40	2	875519376
875531607	Triggered	1,14,15,16,17,18,19,20,21,22,	 NoSound	40	2	875531607
875531811	Triggered	1,14,15,16,17,18,19,20,21,22,	 PureTone-11kHz	40	2	875531811
875536553	Triggered	4,42,43,44,45,46,	 NoSound	40	2	875536553
875536755	Triggered	4,42,43,44,45,46,	 File_beep3	40	2	875536755
875548986	Triggered	1,14,15,16,17,18,19,20,21,22,	 NoSound	40	2	875548986
875549191	Triggered	1,14,15,16,17,18,19,20,21,22,	 PureTone-11kHz	40	2	875549191
875552728	Triggered	4,42,43,44,45,46,	 NoSound	40	2	875552728
875552930	Triggered	4,42,43,44,45,46,	 File_beep3	40	2	875552930
875563825	Triggered	1,14,15,16,17,18,19,20,21,22,	 NoSound	40	2	875563825
875564030	Triggered	1,14,15,16,17,18,19,20,21,22,	 PureTone-11kHz	40	2	875564030
875566965	Triggered	4,42,43,44,45,46,	 NoSound	40	2	875566965
875567168	Triggered	4,42,43,44,45,46,	 File_beep3	40	2	875567168
875578863	Triggered	1,14,15,16,17,18,19,20,21,22,	 NoSound	40	2	875578863
875579066	Triggered	1,14,15,16,17,18,19,20,21,22,	 PureTone-11kHz	40	2	875579066
875581938	Triggered	4,42,43,44,45,46,	 NoSound	40	2	875581938
875582141	Triggered	4,42,43,44,45,46,	 File_beep3	40	2	875582141
875593033	Triggered	1,14,15,16,17,18,19,20,21,22,	 NoSound	40	2	875593033
875593239	Triggered	1,14,15,16,17,18,19,20,21,22,	 PureTone-11kHz	40	2	875593239
875596308	Triggered	4,42,43,44,45,46,	 NoSound	40	2	875596308
875596510	Triggered	4,42,43,44,45,46,	 File_beep3	40	2	875596510
875607338	Triggered	1,14,15,16,17,18,19,20,21,22,	 NoSound	40	2	875607338
875607544	Triggered	1,14,15,16,17,18,19,20,21,22,	 PureTone-11kHz	40	2	875607544
875611146	Triggered	4,42,43,44,45,46,	 NoSound	40	2	875611146
875611348	Triggered	4,42,43,44,45,46,	 File_beep3	40	2	875611348
875621306	Triggered	1,14,15,16,17,18,19,20,21,22,	 NoSound	40	2	875621306
875621509	Triggered	1,14,15,16,17,18,19,20,21,22,	 PureTone-11kHz	40	2	875621509
875624917	Triggered	4,42,43,44,45,46,	 NoSound	40	2	875624917
875625118	Triggered	4,42,43,44,45,46,	 File_beep3	40	2	875625118
875636080	Triggered	1,14,15,16,17,18,19,20,21,22,	 NoSound	40	2	875636080
875636283	Triggered	1,14,15,16,17,18,19,20,21,22,	 PureTone-9kHz	40	2	875636283
875639620	Triggered	4,42,43,44,45,46,	 NoSound	40	2	875639620
875639822	Triggered	4,42,43,44,45,46,	 File_beep3	40	2	875639822
875650650	Triggered	1,14,15,16,17,18,19,20,21,22,	 NoSound	40	2	875650650
875650866	Triggered	1,14,15,16,17,18,19,20,21,22,	 PureTone-7kHz	40	2	875650866
875655929	Triggered	4,42,43,44,45,46,	 NoSound	40	2	875655929
875656132	Triggered	4,42,43,44,45,46,	 File_beep3	40	2	875656132
875667895	Triggered	1,14,15,16,17,18,19,20,21,22,	 NoSound	40	2	875667895
875668099	Triggered	1,14,15,16,17,18,19,20,21,22,	 PureTone-5kHz	40	2	875668099
875671839	Triggered	4,42,43,44,45,46,	 NoSound	40	2	875671839
875672041	Triggered	4,42,43,44,45,46,	 File_beep3	40	2	875672041
875682065	Triggered	1,14,15,16,17,18,19,20,21,22,	 NoSound	40	2	875682065
875682266	Triggered	1,14,15,16,17,18,19,20,21,22,	 PureTone-3kHz	40	2	875682266
875685610	Triggered	4,42,43,44,45,46,	 NoSound	40	2	875685610
875685813	Triggered	4,42,43,44,45,46,	 File_beep3	40	2	875685813
875696972	Triggered	1,14,15,16,17,18,19,20,21,22,	 NoSound	40	2	875696972
875697173	Triggered	1,14,15,16,17,18,19,20,21,22,	 PureTone-2kHz	40	2	875697173
875700380	Triggered	4,42,43,44,45,46,	 NoSound	40	2	875700380
875700583	Triggered	4,42,43,44,45,46,	 File_beep3	40	2	875700583
875712277	Triggered	1,14,15,16,17,18,19,20,21,22,	 NoSound	40	2	875712277
875712479	Triggered	1,14,15,16,17,18,19,20,21,22,	 PureTone-1kHz	40	2	875712479
875715819	Triggered	4,42,43,44,45,46,	 NoSound	40	2	875715819
875716021	Triggered	4,42,43,44,45,46,	 File_beep3	40	2	875716021
875729131	Triggered	1,14,15,16,17,18,19,20,21,22,	 NoSound	40	2	875729131
875729332	Triggered	1,14,15,16,17,18,19,20,21,22,	 StopSoundShort	40	2	875729332
875743561	Triggered	5,23,24,25,26,27,28,29,30,31,	 NoSound	40	2	875743561
875747102	Triggered	8,52,53,54,55,56,	 NoSound	40	2	875747102
875747304	Triggered	8,52,53,54,55,56,	 File_beep5	40	2	875747304
875771834	Triggered	5,23,24,25,26,27,28,29,30,31,	 NoSound	40	2	875771834
875775241	Triggered	8,52,53,54,55,56,	 NoSound	40	2	875775241
875775443	Triggered	8,52,53,54,55,56,	 File_beep5	40	2	875775443
875791484	Triggered	5,23,24,25,26,27,28,29,30,31,	 NoSound	40	2	875791484
875794560	Triggered	8,52,53,54,55,56,	 NoSound	40	2	875794560
875794761	Triggered	8,52,53,54,55,56,	 File_beep5	40	2	875794761
875812339	Triggered	5,23,24,25,26,27,28,29,30,31,	 NoSound	40	2	875812339
875812542	Triggered	5,23,24,25,26,27,28,29,30,31,	 PureTone-11kHz	40	2	875812542
875815548	Triggered	8,52,53,54,55,56,	 NoSound	40	2	875815548
875815762	Triggered	8,52,53,54,55,56,	 File_beep5	40	2	875815762
875830319	Triggered	5,23,24,25,26,27,28,29,30,31,	 NoSound	40	2	875830319
875830522	Triggered	5,23,24,25,26,27,28,29,30,31,	 PureTone-11kHz	40	2	875830522
875833400	Triggered	8,52,53,54,55,56,	 NoSound	40	2	875833400
875833602	Triggered	8,52,53,54,55,56,	 File_beep5	40	2	875833602
875846962	Triggered	5,23,24,25,26,27,28,29,30,31,	 NoSound	40	2	875846962
875847165	Triggered	5,23,24,25,26,27,28,29,30,31,	 PureTone-11kHz	40	2	875847165
875849771	Triggered	8,52,53,54,55,56,	 NoSound	40	2	875849771
875849988	Triggered	8,52,53,54,55,56,	 File_beep5	40	2	875849988
875863740	Triggered	5,23,24,25,26,27,28,29,30,31,	 NoSound	40	2	875863740
875863942	Triggered	5,23,24,25,26,27,28,29,30,31,	 PureTone-11kHz	40	2	875863942
875866748	Triggered	8,52,53,54,55,56,	 NoSound	40	2	875866748
875866963	Triggered	8,52,53,54,55,56,	 File_beep5	40	2	875866963
875881519	Triggered	5,23,24,25,26,27,28,29,30,31,	 NoSound	40	2	875881519
875881722	Triggered	5,23,24,25,26,27,28,29,30,31,	 PureTone-11kHz	40	2	875881722
875884660	Triggered	8,52,53,54,55,56,	 NoSound	40	2	875884660
875884863	Triggered	8,52,53,54,55,56,	 File_beep5	40	2	875884863
875900309	Triggered	5,23,24,25,26,27,28,29,30,31,	 NoSound	40	2	875900309
875900511	Triggered	5,23,24,25,26,27,28,29,30,31,	 PureTone-11kHz	40	2	875900511
875903390	Triggered	8,52,53,54,55,56,	 NoSound	40	2	875903390
875903592	Triggered	8,52,53,54,55,56,	 File_beep5	40	2	875903592
875918348	Triggered	5,23,24,25,26,27,28,29,30,31,	 NoSound	40	2	875918348
875918551	Triggered	5,23,24,25,26,27,28,29,30,31,	 PureTone-11kHz	40	2	875918551
875921289	Triggered	8,52,53,54,55,56,	 NoSound	40	2	875921289
875921491	Triggered	8,52,53,54,55,56,	 File_beep5	40	2	875921491
875935995	Triggered	5,23,24,25,26,27,28,29,30,31,	 NoSound	40	2	875935995
875936211	Triggered	5,23,24,25,26,27,28,29,30,31,	 PureTone-11kHz	40	2	875936211
875938869	Triggered	8,52,53,54,55,56,	 NoSound	40	2	875938869
875939087	Triggered	8,52,53,54,55,56,	 File_beep5	40	2	875939087
875951168	Triggered	5,23,24,25,26,27,28,29,30,31,	 NoSound	40	2	875951168
875951370	Triggered	5,23,24,25,26,27,28,29,30,31,	 PureTone-11kHz	40	2	875951370
875954442	Triggered	8,52,53,54,55,56,	 NoSound	40	2	875954442
875954644	Triggered	8,52,53,54,55,56,	 File_beep5	40	2	875954644
875970083	Triggered	5,23,24,25,26,27,28,29,30,31,	 NoSound	40	2	875970083
875970299	Triggered	5,23,24,25,26,27,28,29,30,31,	 PureTone-11kHz	40	2	875970299
875973492	Triggered	8,52,53,54,55,56,	 NoSound	40	2	875973492
875973694	Triggered	8,52,53,54,55,56,	 File_beep5	40	2	875973694
875986995	Triggered	5,23,24,25,26,27,28,29,30,31,	 NoSound	40	2	875986995
875987197	Triggered	5,23,24,25,26,27,28,29,30,31,	 PureTone-11kHz	40	2	875987197
875990618	Triggered	8,52,53,54,55,56,	 NoSound	40	2	875990618
875990819	Triggered	8,52,53,54,55,56,	 File_beep5	40	2	875990819
876005510	Triggered	5,23,24,25,26,27,28,29,30,31,	 NoSound	40	2	876005510
876005712	Triggered	5,23,24,25,26,27,28,29,30,31,	 PureTone-11kHz	40	2	876005712
876009119	Triggered	8,52,53,54,55,56,	 NoSound	40	2	876009119
876009321	Triggered	8,52,53,54,55,56,	 File_beep5	40	2	876009321
876025762	Triggered	5,23,24,25,26,27,28,29,30,31,	 NoSound	40	2	876025762
876025965	Triggered	5,23,24,25,26,27,28,29,30,31,	 PureTone-11kHz	40	2	876025965
876029175	Triggered	8,52,53,54,55,56,	 NoSound	40	2	876029175
876029376	Triggered	8,52,53,54,55,56,	 File_beep5	40	2	876029376
876044813	Triggered	5,23,24,25,26,27,28,29,30,31,	 NoSound	40	2	876044813
876045030	Triggered	5,23,24,25,26,27,28,29,30,31,	 PureTone-11kHz	40	2	876045030
876048220	Triggered	8,52,53,54,55,56,	 NoSound	40	2	876048220
876048423	Triggered	8,52,53,54,55,56,	 File_beep5	40	2	876048423
876064869	Triggered	5,23,24,25,26,27,28,29,30,31,	 NoSound	40	2	876064869
876065072	Triggered	5,23,24,25,26,27,28,29,30,31,	 PureTone-9kHz	40	2	876065072
876068549	Triggered	8,52,53,54,55,56,	 NoSound	40	2	876068549
876068750	Triggered	8,52,53,54,55,56,	 File_beep5	40	2	876068750
876083847	Triggered	5,23,24,25,26,27,28,29,30,31,	 NoSound	40	2	876083847
876084049	Triggered	5,23,24,25,26,27,28,29,30,31,	 PureTone-7kHz	40	2	876084049
876087322	Triggered	8,52,53,54,55,56,	 NoSound	40	2	876087322
876087524	Triggered	8,52,53,54,55,56,	 File_beep5	40	2	876087524
876101834	Triggered	5,23,24,25,26,27,28,29,30,31,	 NoSound	40	2	876101834
876102036	Triggered	5,23,24,25,26,27,28,29,30,31,	 PureTone-5kHz	40	2	876102036
876105570	Triggered	8,52,53,54,55,56,	 NoSound	40	2	876105570
876105771	Triggered	8,52,53,54,55,56,	 File_beep5	40	2	876105771
876119874	Triggered	5,23,24,25,26,27,28,29,30,31,	 NoSound	40	2	876119874
876120076	Triggered	5,23,24,25,26,27,28,29,30,31,	 PureTone-3kHz	40	2	876120076
876125091	Triggered	8,52,53,54,55,56,	 NoSound	40	2	876125091
876125293	Triggered	8,52,53,54,55,56,	 File_beep5	40	2	876125293
876140528	Triggered	5,23,24,25,26,27,28,29,30,31,	 NoSound	40	2	876140528
876140730	Triggered	5,23,24,25,26,27,28,29,30,31,	 PureTone-2kHz	40	2	876140730
876144405	Triggered	8,52,53,54,55,56,	 NoSound	40	2	876144405
876144620	Triggered	8,52,53,54,55,56,	 File_beep5	40	2	876144620
876161390	Triggered	5,23,24,25,26,27,28,29,30,31,	 NoSound	40	2	876161390
876161592	Triggered	5,23,24,25,26,27,28,29,30,31,	 PureTone-1kHz	40	2	876161592
876165726	Triggered	8,52,53,54,55,56,	 NoSound	40	2	876165726
876165928	Triggered	8,52,53,54,55,56,	 File_beep5	40	2	876165928
876180847	Triggered	5,23,24,25,26,27,28,29,30,31,	 NoSound	40	2	876180847
876181048	Triggered	5,23,24,25,26,27,28,29,30,31,	 StopSoundShort	40	2	876181048
876206099	Triggered	1,14,15,16,17,18,19,20,21,22,	 NoSound	40	2	876206099
876211111	Triggered	6,47,48,49,50,51,	 NoSound	40	2	876211111
876211314	Triggered	6,47,48,49,50,51,	 File_beep5	40	2	876211314
876226217	Triggered	1,14,15,16,17,18,19,20,21,22,	 NoSound	40	2	876226217
876231898	Triggered	6,47,48,49,50,51,	 NoSound	40	2	876231898
876232101	Triggered	6,47,48,49,50,51,	 File_beep5	40	2	876232101
876246212	Triggered	1,14,15,16,17,18,19,20,21,22,	 NoSound	40	2	876246212
876251149	Triggered	6,47,48,49,50,51,	 NoSound	40	2	876251149
876251350	Triggered	6,47,48,49,50,51,	 File_beep5	40	2	876251350
876265186	Triggered	1,14,15,16,17,18,19,20,21,22,	 NoSound	40	2	876265186
876265389	Triggered	1,14,15,16,17,18,19,20,21,22,	 PureTone-11kHz	40	2	876265389
876270667	Triggered	4,42,43,44,45,46,	 NoSound	40	2	876270667
876270869	Triggered	4,42,43,44,45,46,	 File_beep4	40	2	876270869
876285773	Triggered	1,14,15,16,17,18,19,20,21,22,	 NoSound	40	2	876285773
876285975	Triggered	1,14,15,16,17,18,19,20,21,22,	 PureTone-11kHz	40	2	876285975
876291994	Triggered	4,42,43,44,45,46,	 NoSound	40	2	876291994
876292196	Triggered	4,42,43,44,45,46,	 File_beep4	40	2	876292196
876307094	Triggered	1,14,15,16,17,18,19,20,21,22,	 NoSound	40	2	876307094
876307299	Triggered	1,14,15,16,17,18,19,20,21,22,	 PureTone-11kHz	40	2	876307299
876311712	Triggered	4,42,43,44,45,46,	 NoSound	40	2	876311712
876311916	Triggered	4,42,43,44,45,46,	 File_beep4	40	2	876311916
876325555	Triggered	1,14,15,16,17,18,19,20,21,22,	 NoSound	40	2	876325555
876325760	Triggered	1,14,15,16,17,18,19,20,21,22,	 PureTone-11kHz	40	2	876325760
876332560	Triggered	4,42,43,44,45,46,	 NoSound	40	2	876332560
876332763	Triggered	4,42,43,44,45,46,	 File_beep4	40	2	876332763
876347733	Triggered	1,14,15,16,17,18,19,20,21,22,	 NoSound	40	2	876347733
876347939	Triggered	1,14,15,16,17,18,19,20,21,22,	 PureTone-11kHz	40	2	876347939
876358695	Triggered	4,42,43,44,45,46,	 NoSound	40	2	876358695
876358897	Triggered	4,42,43,44,45,46,	 File_beep4	40	2	876358897
876373199	Triggered	1,14,15,16,17,18,19,20,21,22,	 NoSound	40	2	876373199
876373404	Triggered	1,14,15,16,17,18,19,20,21,22,	 PureTone-11kHz	40	2	876373404
876379015	Triggered	4,42,43,44,45,46,	 NoSound	40	2	876379015
876379218	Triggered	4,42,43,44,45,46,	 File_beep4	40	2	876379218
876394187	Triggered	1,14,15,16,17,18,19,20,21,22,	 NoSound	40	2	876394187
876394389	Triggered	1,14,15,16,17,18,19,20,21,22,	 PureTone-11kHz	40	2	876394389
876401608	Triggered	4,42,43,44,45,46,	 NoSound	40	2	876401608
876401809	Triggered	4,42,43,44,45,46,	 File_beep4	40	2	876401809
876416112	Triggered	1,14,15,16,17,18,19,20,21,22,	 NoSound	40	2	876416112
876416316	Triggered	1,14,15,16,17,18,19,20,21,22,	 PureTone-11kHz	40	2	876416316
876430749	Triggered	4,42,43,44,45,46,	 NoSound	40	2	876430749
876430951	Triggered	4,42,43,44,45,46,	 File_beep4	40	2	876430951
876445790	Triggered	1,14,15,16,17,18,19,20,21,22,	 NoSound	40	2	876445790
876445993	Triggered	1,14,15,16,17,18,19,20,21,22,	 PureTone-11kHz	40	2	876445993
876454010	Triggered	4,42,43,44,45,46,	 NoSound	40	2	876454010
876454213	Triggered	4,42,43,44,45,46,	 File_beep4	40	2	876454213
876469116	Triggered	1,14,15,16,17,18,19,20,21,22,	 NoSound	40	2	876469116
876469321	Triggered	1,14,15,16,17,18,19,20,21,22,	 PureTone-11kHz	40	2	876469321
876488031	Triggered	4,42,43,44,45,46,	 NoSound	40	2	876488031
876488234	Triggered	4,42,43,44,45,46,	 File_beep4	40	2	876488234
876514634	Triggered	1,14,15,16,17,18,19,20,21,22,	 NoSound	40	2	876514634
876514839	Triggered	1,14,15,16,17,18,19,20,21,22,	 PureTone-11kHz	40	2	876514839
876523927	Triggered	4,42,43,44,45,46,	 NoSound	40	2	876523927
876524128	Triggered	4,42,43,44,45,46,	 File_beep4	40	2	876524128
876546586	Triggered	1,14,15,16,17,18,19,20,21,22,	 NoSound	40	2	876546586
876546791	Triggered	1,14,15,16,17,18,19,20,21,22,	 PureTone-11kHz	40	2	876546791
876553203	Triggered	4,42,43,44,45,46,	 NoSound	40	2	876553203
876553405	Triggered	4,42,43,44,45,46,	 File_beep4	40	2	876553405
876579538	Triggered	1,14,15,16,17,18,19,20,21,22,	 NoSound	40	2	876579538
876579757	Triggered	1,14,15,16,17,18,19,20,21,22,	 PureTone-11kHz	40	2	876579757
876585420	Triggered	4,42,43,44,45,46,	 NoSound	40	2	876585420
876585622	Triggered	4,42,43,44,45,46,	 File_beep4	40	2	876585622
876603468	Triggered	1,14,15,16,17,18,19,20,21,22,	 NoSound	40	2	876603468
876603671	Triggered	1,14,15,16,17,18,19,20,21,22,	 PureTone-11kHz	40	2	876603671
876621381	Triggered	4,42,43,44,45,46,	 NoSound	40	2	876621381
876621582	Triggered	4,42,43,44,45,46,	 File_beep4	40	2	876621582
876637355	Triggered	1,14,15,16,17,18,19,20,21,22,	 NoSound	40	2	876637355
876637572	Triggered	1,14,15,16,17,18,19,20,21,22,	 PureTone-9kHz	40	2	876637572
876650523	Triggered	4,42,43,44,45,46,	 NoSound	40	2	876650523
876650739	Triggered	4,42,43,44,45,46,	 File_beep4	40	2	876650739
876665763	Triggered	1,14,15,16,17,18,19,20,21,22,	 NoSound	40	2	876665763
876665966	Triggered	1,14,15,16,17,18,19,20,21,22,	 PureTone-7kHz	40	2	876665966
876680869	Triggered	4,42,43,44,45,46,	 NoSound	40	2	876680869
876681071	Triggered	4,42,43,44,45,46,	 File_beep4	40	2	876681071
876695508	Triggered	1,14,15,16,17,18,19,20,21,22,	 NoSound	40	2	876695508
876695709	Triggered	1,14,15,16,17,18,19,20,21,22,	 PureTone-5kHz	40	2	876695709
876706804	Triggered	4,42,43,44,45,46,	 NoSound	40	2	876706804
876707005	Triggered	4,42,43,44,45,46,	 File_beep4	40	2	876707005
876723448	Triggered	1,14,15,16,17,18,19,20,21,22,	 NoSound	40	2	876723448
876723649	Triggered	1,14,15,16,17,18,19,20,21,22,	 PureTone-3kHz	40	2	876723649
876739355	Triggered	4,42,43,44,45,46,	 NoSound	40	2	876739355
876739557	Triggered	4,42,43,44,45,46,	 File_beep4	40	2	876739557
876754929	Triggered	1,14,15,16,17,18,19,20,21,22,	 NoSound	40	2	876754929
876755130	Triggered	1,14,15,16,17,18,19,20,21,22,	 PureTone-2kHz	40	2	876755130
876769299	Triggered	4,42,43,44,45,46,	 NoSound	40	2	876769299
876769502	Triggered	4,42,43,44,45,46,	 File_beep4	40	2	876769502
876784814	Triggered	1,14,15,16,17,18,19,20,21,22,	 NoSound	40	2	876784814
876785016	Triggered	1,14,15,16,17,18,19,20,21,22,	 PureTone-1kHz	40	2	876785016
876790421	Triggered	4,42,43,44,45,46,	 NoSound	40	2	876790421
876790623	Triggered	4,42,43,44,45,46,	 File_beep4	40	2	876790623
876806596	Triggered	1,14,15,16,17,18,19,20,21,22,	 NoSound	40	2	876806596
876806797	Triggered	1,14,15,16,17,18,19,20,21,22,	 StopSoundShort	40	2	876806797
876829122	Triggered	5,23,24,25,26,27,28,29,30,31,	 NoSound	40	2	876829122
876833533	Triggered	8,52,53,54,55,56,	 NoSound	40	2	876833533
876833735	Triggered	8,52,53,54,55,56,	 File_beep4	40	2	876833735
876853853	Triggered	5,23,24,25,26,27,28,29,30,31,	 NoSound	40	2	876853853
876857931	Triggered	8,52,53,54,55,56,	 NoSound	40	2	876857931
876858145	Triggered	8,52,53,54,55,56,	 File_beep4	40	2	876858145
876874642	Triggered	5,23,24,25,26,27,28,29,30,31,	 NoSound	40	2	876874642
876878384	Triggered	8,52,53,54,55,56,	 NoSound	40	2	876878384
876878585	Triggered	8,52,53,54,55,56,	 File_beep4	40	2	876878585
876892754	Triggered	5,23,24,25,26,27,28,29,30,31,	 NoSound	40	2	876892754
876892958	Triggered	5,23,24,25,26,27,28,29,30,31,	 PureTone-11kHz	40	2	876892958
876896296	Triggered	8,52,53,54,55,56,	 NoSound	40	2	876896296
876896498	Triggered	8,52,53,54,55,56,	 File_beep4	40	2	876896498
876910135	Triggered	5,23,24,25,26,27,28,29,30,31,	 NoSound	40	2	876910135
876910338	Triggered	5,23,24,25,26,27,28,29,30,31,	 PureTone-11kHz	40	2	876910338
876913809	Triggered	8,52,53,54,55,56,	 NoSound	40	2	876913809
876914013	Triggered	8,52,53,54,55,56,	 File_beep4	40	2	876914013
876927250	Triggered	5,23,24,25,26,27,28,29,30,31,	 NoSound	40	2	876927250
876927452	Triggered	5,23,24,25,26,27,28,29,30,31,	 PureTone-11kHz	40	2	876927452
876931120	Triggered	8,52,53,54,55,56,	 NoSound	40	2	876931120
876931323	Triggered	8,52,53,54,55,56,	 File_beep4	40	2	876931323
876946629	Triggered	5,23,24,25,26,27,28,29,30,31,	 NoSound	40	2	876946629
876946831	Triggered	5,23,24,25,26,27,28,29,30,31,	 PureTone-11kHz	40	2	876946831
876950571	Triggered	8,52,53,54,55,56,	 NoSound	40	2	876950571
876950773	Triggered	8,52,53,54,55,56,	 File_beep4	40	2	876950773
876965677	Triggered	5,23,24,25,26,27,28,29,30,31,	 NoSound	40	2	876965677
876965883	Triggered	5,23,24,25,26,27,28,29,30,31,	 PureTone-11kHz	40	2	876965883
876969487	Triggered	8,52,53,54,55,56,	 NoSound	40	2	876969487
876969690	Triggered	8,52,53,54,55,56,	 File_beep4	40	2	876969690
876985395	Triggered	5,23,24,25,26,27,28,29,30,31,	 NoSound	40	2	876985395
876985601	Triggered	5,23,24,25,26,27,28,29,30,31,	 PureTone-11kHz	40	2	876985601
876989079	Triggered	8,52,53,54,55,56,	 NoSound	40	2	876989079
876989282	Triggered	8,52,53,54,55,56,	 File_beep4	40	2	876989282
877004511	Triggered	5,23,24,25,26,27,28,29,30,31,	 NoSound	40	2	877004511
877004725	Triggered	5,23,24,25,26,27,28,29,30,31,	 PureTone-11kHz	40	2	877004725
877008589	Triggered	8,52,53,54,55,56,	 NoSound	40	2	877008589
877008792	Triggered	8,52,53,54,55,56,	 File_beep4	40	2	877008792
877049630	Triggered	5,23,24,25,26,27,28,29,30,31,	 NoSound	40	2	877049630
877049835	Triggered	5,23,24,25,26,27,28,29,30,31,	 PureTone-11kHz	40	2	877049835
877053774	Triggered	8,52,53,54,55,56,	 NoSound	40	2	877053774
877053977	Triggered	8,52,53,54,55,56,	 File_beep4	40	2	877053977
877079306	Triggered	5,23,24,25,26,27,28,29,30,31,	 NoSound	40	2	877079306
877079511	Triggered	5,23,24,25,26,27,28,29,30,31,	 PureTone-11kHz	40	2	877079511
877083318	Triggered	8,52,53,54,55,56,	 NoSound	40	2	877083318
877083519	Triggered	8,52,53,54,55,56,	 File_beep4	40	2	877083519
