Ver1.3	1955240880	StartFile	3/4/2021	9:41:38 AM	E:\BehavioralExperiments\Gerald\Horizon\RawData\030421\SoundData.txt	1955240880
1955366392	Triggered	5,23,24,25,26,27,28,29,30,31,	 NoSound	40	2	1955366392
1955366593	Triggered	5,23,24,25,26,27,28,29,30,31,	 StopSoundShort	40	2	1955366593
1955389435	Triggered	1,14,15,16,17,18,19,20,21,22,	 NoSound	40	2	1955389435
1955394007	Triggered	6,47,48,49,50,51,	 NoSound	40	2	1955394007
1955394218	Triggered	6,47,48,49,50,51,	 File_beep1	40	2	1955394218
1955404538	Triggered	1,14,15,16,17,18,19,20,21,22,	 NoSound	40	2	1955404538
1955411996	Triggered	6,47,48,49,50,51,	 NoSound	40	2	1955411996
1955412198	Triggered	6,47,48,49,50,51,	 File_beep1	40	2	1955412198
1955421142	Triggered	1,14,15,16,17,18,19,20,21,22,	 NoSound	40	2	1955421142
1955426076	Triggered	6,47,48,49,50,51,	 NoSound	40	2	1955426076
1955426276	Triggered	6,47,48,49,50,51,	 File_beep1	40	2	1955426276
1955433663	Triggered	1,14,15,16,17,18,19,20,21,22,	 NoSound	40	2	1955433663
1955433869	Triggered	1,14,15,16,17,18,19,20,21,22,	 PureTone-11kHz	40	2	1955433869
1955438229	Triggered	4,42,43,44,45,46,	 NoSound	40	2	1955438229
1955438432	Triggered	4,42,43,44,45,46,	 File_beep5	40	2	1955438432
1955453933	Triggered	1,14,15,16,17,18,19,20,21,22,	 NoSound	40	2	1955453933
1955454137	Triggered	1,14,15,16,17,18,19,20,21,22,	 PureTone-11kHz	40	2	1955454137
1955457122	Triggered	6,47,48,49,50,51,	 NoSound	40	2	1955457122
1955457322	Triggered	6,47,48,49,50,51,	 File_beep1	40	2	1955457322
1955462175	Triggered	1,14,15,16,17,18,19,20,21,22,	 NoSound	40	2	1955462175
1955462388	Triggered	1,14,15,16,17,18,19,20,21,22,	 PureTone-11kHz	40	2	1955462388
1955465365	Triggered	4,42,43,44,45,46,	 NoSound	40	2	1955465365
1955465568	Triggered	4,42,43,44,45,46,	 File_beep5	40	2	1955465568
1955481429	Triggered	1,14,15,16,17,18,19,20,21,22,	 NoSound	40	2	1955481429
1955481633	Triggered	1,14,15,16,17,18,19,20,21,22,	 PureTone-11kHz	40	2	1955481633
1955484316	Triggered	4,42,43,44,45,46,	 NoSound	40	2	1955484316
1955484518	Triggered	4,42,43,44,45,46,	 File_beep5	40	2	1955484518
1955500441	Triggered	1,14,15,16,17,18,19,20,21,22,	 NoSound	40	2	1955500441
1955500645	Triggered	1,14,15,16,17,18,19,20,21,22,	 PureTone-11kHz	40	2	1955500645
1955503028	Triggered	4,42,43,44,45,46,	 NoSound	40	2	1955503028
1955503229	Triggered	4,42,43,44,45,46,	 File_beep5	40	2	1955503229
1955517228	Triggered	1,14,15,16,17,18,19,20,21,22,	 NoSound	40	2	1955517228
1955517433	Triggered	1,14,15,16,17,18,19,20,21,22,	 PureTone-11kHz	40	2	1955517433
1955519935	Triggered	4,42,43,44,45,46,	 NoSound	40	2	1955519935
1955520138	Triggered	4,42,43,44,45,46,	 File_beep5	40	2	1955520138
1955534373	Triggered	1,14,15,16,17,18,19,20,21,22,	 NoSound	40	2	1955534373
1955534578	Triggered	1,14,15,16,17,18,19,20,21,22,	 PureTone-11kHz	40	2	1955534578
1955537262	Triggered	4,42,43,44,45,46,	 NoSound	40	2	1955537262
1955537465	Triggered	4,42,43,44,45,46,	 File_beep5	40	2	1955537465
1955550979	Triggered	1,14,15,16,17,18,19,20,21,22,	 NoSound	40	2	1955550979
1955551184	Triggered	1,14,15,16,17,18,19,20,21,22,	 PureTone-11kHz	40	2	1955551184
1955553327	Triggered	4,42,43,44,45,46,	 NoSound	40	2	1955553327
1955553529	Triggered	4,42,43,44,45,46,	 File_beep5	40	2	1955553529
1955566563	Triggered	1,14,15,16,17,18,19,20,21,22,	 NoSound	40	2	1955566563
1955566765	Triggered	1,14,15,16,17,18,19,20,21,22,	 PureTone-11kHz	40	2	1955566765
1955569091	Triggered	4,42,43,44,45,46,	 NoSound	40	2	1955569091
1955569295	Triggered	4,42,43,44,45,46,	 File_beep5	40	2	1955569295
1955583830	Triggered	1,14,15,16,17,18,19,20,21,22,	 NoSound	40	2	1955583830
1955584035	Triggered	1,14,15,16,17,18,19,20,21,22,	 PureTone-9kHz	40	2	1955584035
1955586838	Triggered	4,42,43,44,45,46,	 NoSound	40	2	1955586838
1955587040	Triggered	4,42,43,44,45,46,	 File_beep5	40	2	1955587040
1955599415	Triggered	1,14,15,16,17,18,19,20,21,22,	 NoSound	40	2	1955599415
1955599620	Triggered	1,14,15,16,17,18,19,20,21,22,	 PureTone-7kHz	40	2	1955599620
1955601881	Triggered	4,42,43,44,45,46,	 NoSound	40	2	1955601881
1955602083	Triggered	4,42,43,44,45,46,	 File_beep5	40	2	1955602083
1955616021	Triggered	1,14,15,16,17,18,19,20,21,22,	 NoSound	40	2	1955616021
1955616224	Triggered	1,14,15,16,17,18,19,20,21,22,	 PureTone-5kHz	40	2	1955616224
1955618608	Triggered	4,42,43,44,45,46,	 NoSound	40	2	1955618608
1955618810	Triggered	4,42,43,44,45,46,	 File_beep5	40	2	1955618810
1955631542	Triggered	1,14,15,16,17,18,19,20,21,22,	 NoSound	40	2	1955631542
1955631744	Triggered	1,14,15,16,17,18,19,20,21,22,	 PureTone-3kHz	40	2	1955631744
1955634490	Triggered	4,42,43,44,45,46,	 NoSound	40	2	1955634490
1955634693	Triggered	4,42,43,44,45,46,	 File_beep5	40	2	1955634693
1955647185	Triggered	1,14,15,16,17,18,19,20,21,22,	 NoSound	40	2	1955647185
1955647387	Triggered	1,14,15,16,17,18,19,20,21,22,	 PureTone-2kHz	40	2	1955647387
1955649773	Triggered	4,42,43,44,45,46,	 NoSound	40	2	1955649774
1955649990	Triggered	4,42,43,44,45,46,	 File_beep5	40	2	1955649990
1955663189	Triggered	1,14,15,16,17,18,19,20,21,22,	 NoSound	40	2	1955663189
1955663391	Triggered	1,14,15,16,17,18,19,20,21,22,	 PureTone-1kHz	40	2	1955663391
1955665956	Triggered	4,42,43,44,45,46,	 NoSound	40	2	1955665956
1955666159	Triggered	4,42,43,44,45,46,	 File_beep5	40	2	1955666159
1955678953	Triggered	1,14,15,16,17,18,19,20,21,22,	 NoSound	40	2	1955678953
1955679165	Triggered	1,14,15,16,17,18,19,20,21,22,	 StopSoundShort	40	2	1955679165
1955690505	Triggered	5,23,24,25,26,27,28,29,30,31,	 NoSound	40	2	1955690505
1955694114	Triggered	2,37,38,39,40,41,	 NoSound	40	2	1955694114
1955698688	Triggered	5,23,24,25,26,27,28,29,30,31,	 NoSound	40	2	1955698688
1955713849	Triggered	2,37,38,39,40,41,	 NoSound	40	2	1955713849
1955719684	Triggered	5,23,24,25,26,27,28,29,30,31,	 NoSound	40	2	1955719684
1955724569	Triggered	2,37,38,39,40,41,	 NoSound	40	2	1955724569
1955727928	Triggered	5,23,24,25,26,27,28,29,30,31,	 NoSound	40	2	1955727929
1955728134	Triggered	5,23,24,25,26,27,28,29,30,31,	 PureTone-11kHz	40	2	1955728134
1955731657	Triggered	8,52,53,54,55,56,	 NoSound	40	2	1955731657
1955731859	Triggered	8,52,53,54,55,56,	 File_beep5	40	2	1955731859
1955739779	Triggered	5,23,24,25,26,27,28,29,30,31,	 NoSound	40	2	1955739779
1955739982	Triggered	5,23,24,25,26,27,28,29,30,31,	 PureTone-11kHz	40	2	1955739982
1955745136	Triggered	8,52,53,54,55,56,	 NoSound	40	2	1955745136
1955745338	Triggered	8,52,53,54,55,56,	 File_beep5	40	2	1955745338
1955755244	Triggered	5,23,24,25,26,27,28,29,30,31,	 NoSound	40	2	1955755244
1955755447	Triggered	5,23,24,25,26,27,28,29,30,31,	 PureTone-11kHz	40	2	1955755447
1955758070	Triggered	8,52,53,54,55,56,	 NoSound	40	2	1955758070
1955758273	Triggered	8,52,53,54,55,56,	 File_beep5	40	2	1955758273
1955769141	Triggered	5,23,24,25,26,27,28,29,30,31,	 NoSound	40	2	1955769141
1955769345	Triggered	5,23,24,25,26,27,28,29,30,31,	 PureTone-11kHz	40	2	1955769345
1955771909	Triggered	8,52,53,54,55,56,	 NoSound	40	2	1955771909
1955772112	Triggered	8,52,53,54,55,56,	 File_beep5	40	2	1955772112
1955781596	Triggered	5,23,24,25,26,27,28,29,30,31,	 NoSound	40	2	1955781596
1955781801	Triggered	5,23,24,25,26,27,28,29,30,31,	 PureTone-11kHz	40	2	1955781801
1955785627	Triggered	8,52,53,54,55,56,	 NoSound	40	2	1955785627
1955785839	Triggered	8,52,53,54,55,56,	 File_beep5	40	2	1955785839
1955797419	Triggered	5,23,24,25,26,27,28,29,30,31,	 NoSound	40	2	1955797419
1955797624	Triggered	5,23,24,25,26,27,28,29,30,31,	 PureTone-11kHz	40	2	1955797624
1955800246	Triggered	8,52,53,54,55,56,	 NoSound	40	2	1955800246
1955800449	Triggered	8,52,53,54,55,56,	 File_beep5	40	2	1955800449
1955811678	Triggered	5,23,24,25,26,27,28,29,30,31,	 NoSound	40	2	1955811678
1955811881	Triggered	5,23,24,25,26,27,28,29,30,31,	 PureTone-11kHz	40	2	1955811881
1955814688	Triggered	8,52,53,54,55,56,	 NoSound	40	2	1955814688
1955814890	Triggered	8,52,53,54,55,56,	 File_beep5	40	2	1955814890
1955824794	Triggered	5,23,24,25,26,27,28,29,30,31,	 NoSound	40	2	1955824794
1955825000	Triggered	5,23,24,25,26,27,28,29,30,31,	 PureTone-11kHz	40	2	1955825000
1955828285	Triggered	8,52,53,54,55,56,	 NoSound	40	2	1955828285
1955828501	Triggered	8,52,53,54,55,56,	 File_beep5	40	2	1955828501
1955839053	Triggered	5,23,24,25,26,27,28,29,30,31,	 NoSound	40	2	1955839053
1955839258	Triggered	5,23,24,25,26,27,28,29,30,31,	 PureTone-11kHz	40	2	1955839258
1955842603	Triggered	8,52,53,54,55,56,	 NoSound	40	2	1955842603
1955842806	Triggered	8,52,53,54,55,56,	 File_beep5	40	2	1955842806
1955853734	Triggered	5,23,24,25,26,27,28,29,30,31,	 NoSound	40	2	1955853734
1955853938	Triggered	5,23,24,25,26,27,28,29,30,31,	 PureTone-9kHz	40	2	1955853938
1955856984	Triggered	8,52,53,54,55,56,	 NoSound	40	2	1955856984
1955857187	Triggered	8,52,53,54,55,56,	 File_beep5	40	2	1955857187
1955868775	Triggered	5,23,24,25,26,27,28,29,30,31,	 NoSound	40	2	1955868775
1955868979	Triggered	5,23,24,25,26,27,28,29,30,31,	 PureTone-7kHz	40	2	1955868979
1955871483	Triggered	8,52,53,54,55,56,	 NoSound	40	2	1955871483
1955871686	Triggered	8,52,53,54,55,56,	 File_beep5	40	2	1955871686
1955883035	Triggered	5,23,24,25,26,27,28,29,30,31,	 NoSound	40	2	1955883035
1955883237	Triggered	5,23,24,25,26,27,28,29,30,31,	 PureTone-5kHz	40	2	1955883237
1955885755	Triggered	8,52,53,54,55,56,	 NoSound	40	2	1955885755
1955885957	Triggered	8,52,53,54,55,56,	 File_beep5	40	2	1955885957
1955898136	Triggered	5,23,24,25,26,27,28,29,30,31,	 NoSound	40	2	1955898136
1955898338	Triggered	5,23,24,25,26,27,28,29,30,31,	 PureTone-3kHz	40	2	1955898338
1955901266	Triggered	8,52,53,54,55,56,	 NoSound	40	2	1955901266
1955901467	Triggered	8,52,53,54,55,56,	 File_beep5	40	2	1955901467
1955912576	Triggered	5,23,24,25,26,27,28,29,30,31,	 NoSound	40	2	1955912576
1955912778	Triggered	5,23,24,25,26,27,28,29,30,31,	 PureTone-2kHz	40	2	1955912778
1955915352	Triggered	8,52,53,54,55,56,	 NoSound	40	2	1955915352
1955915554	Triggered	8,52,53,54,55,56,	 File_beep5	40	2	1955915554
1955925873	Triggered	5,23,24,25,26,27,28,29,30,31,	 NoSound	40	2	1955925873
1955926073	Triggered	5,23,24,25,26,27,28,29,30,31,	 PureTone-1kHz	40	2	1955926073
1955928580	Triggered	8,52,53,54,55,56,	 NoSound	40	2	1955928580
1955928782	Triggered	8,52,53,54,55,56,	 File_beep5	40	2	1955928782
1955939109	Triggered	5,23,24,25,26,27,28,29,30,31,	 NoSound	40	2	1955939109
1955939323	Triggered	5,23,24,25,26,27,28,29,30,31,	 StopSoundShort	40	2	1955939323
1955953429	Triggered	4,42,43,44,45,46,	 NoSound	40	2	1955953429
1955953632	Triggered	4,42,43,44,45,46,	 File_beep3	40	2	1955953632
1955966243	Triggered	1,14,15,16,17,18,19,20,21,22,	 NoSound	40	2	1955966243
1955969012	Triggered	4,42,43,44,45,46,	 NoSound	40	2	1955969012
1955969213	Triggered	4,42,43,44,45,46,	 File_beep3	40	2	1955969213
1955979300	Triggered	1,14,15,16,17,18,19,20,21,22,	 NoSound	40	2	1955979300
1955982372	Triggered	4,42,43,44,45,46,	 NoSound	40	2	1955982372
1955982575	Triggered	4,42,43,44,45,46,	 File_beep3	40	2	1955982575
1955991997	Triggered	1,14,15,16,17,18,19,20,21,22,	 NoSound	40	2	1955991997
1955992202	Triggered	1,14,15,16,17,18,19,20,21,22,	 PureTone-11kHz	40	2	1955992202
1955995966	Triggered	4,42,43,44,45,46,	 NoSound	40	2	1955995966
1955996168	Triggered	4,42,43,44,45,46,	 File_beep3	40	2	1955996168
1956005713	Triggered	1,14,15,16,17,18,19,20,21,22,	 NoSound	40	2	1956005713
1956005916	Triggered	1,14,15,16,17,18,19,20,21,22,	 PureTone-11kHz	40	2	1956005916
1956008240	Triggered	4,42,43,44,45,46,	 NoSound	40	2	1956008240
1956008453	Triggered	4,42,43,44,45,46,	 File_beep3	40	2	1956008453
1956016845	Triggered	1,14,15,16,17,18,19,20,21,22,	 NoSound	40	2	1956016845
1956017050	Triggered	1,14,15,16,17,18,19,20,21,22,	 PureTone-11kHz	40	2	1956017050
1956019551	Triggered	4,42,43,44,45,46,	 NoSound	40	2	1956019551
1956019753	Triggered	4,42,43,44,45,46,	 File_beep3	40	2	1956019753
1956028300	Triggered	1,14,15,16,17,18,19,20,21,22,	 NoSound	40	2	1956028300
1956028505	Triggered	1,14,15,16,17,18,19,20,21,22,	 PureTone-11kHz	40	2	1956028505
1956030923	Triggered	4,42,43,44,45,46,	 NoSound	40	2	1956030923
1956031135	Triggered	4,42,43,44,45,46,	 File_beep3	40	2	1956031135
1956040499	Triggered	1,14,15,16,17,18,19,20,21,22,	 NoSound	40	2	1956040499
1956040708	Triggered	1,14,15,16,17,18,19,20,21,22,	 PureTone-11kHz	40	2	1956040708
1956043256	Triggered	4,42,43,44,45,46,	 NoSound	40	2	1956043256
1956043457	Triggered	4,42,43,44,45,46,	 File_beep3	40	2	1956043457
1956052702	Triggered	1,14,15,16,17,18,19,20,21,22,	 NoSound	40	2	1956052702
1956052907	Triggered	1,14,15,16,17,18,19,20,21,22,	 PureTone-11kHz	40	2	1956052907
1956055360	Triggered	4,42,43,44,45,46,	 NoSound	40	2	1956055360
1956055562	Triggered	4,42,43,44,45,46,	 File_beep3	40	2	1956055562
1956064013	Triggered	1,14,15,16,17,18,19,20,21,22,	 NoSound	40	2	1956064013
1956064218	Triggered	1,14,15,16,17,18,19,20,21,22,	 PureTone-11kHz	40	2	1956064218
1956066781	Triggered	4,42,43,44,45,46,	 NoSound	40	2	1956066781
1956066983	Triggered	4,42,43,44,45,46,	 File_beep3	40	2	1956066983
1956075866	Triggered	1,14,15,16,17,18,19,20,21,22,	 NoSound	40	2	1956075866
1956076071	Triggered	1,14,15,16,17,18,19,20,21,22,	 PureTone-11kHz	40	2	1956076071
1956078695	Triggered	4,42,43,44,45,46,	 NoSound	40	2	1956078695
1956078896	Triggered	4,42,43,44,45,46,	 File_beep3	40	2	1956078896
1956088200	Triggered	1,14,15,16,17,18,19,20,21,22,	 NoSound	40	2	1956088200
1956088404	Triggered	1,14,15,16,17,18,19,20,21,22,	 PureTone-11kHz	40	2	1956088404
1956092411	Triggered	6,47,48,49,50,51,	 NoSound	40	2	1956092411
1956092613	Triggered	6,47,48,49,50,51,	 File_beep5	40	2	1956092613
1956103422	Triggered	1,14,15,16,17,18,19,20,21,22,	 NoSound	40	2	1956103422
1956103625	Triggered	1,14,15,16,17,18,19,20,21,22,	 PureTone-9kHz	40	2	1956103625
1956106310	Triggered	4,42,43,44,45,46,	 NoSound	40	2	1956106310
1956106512	Triggered	4,42,43,44,45,46,	 File_beep3	40	2	1956106512
1956117381	Triggered	1,14,15,16,17,18,19,20,21,22,	 NoSound	40	2	1956117381
1956117595	Triggered	1,14,15,16,17,18,19,20,21,22,	 PureTone-7kHz	40	2	1956117595
1956120930	Triggered	4,42,43,44,45,46,	 NoSound	40	2	1956120930
1956121131	Triggered	4,42,43,44,45,46,	 File_beep3	40	2	1956121131
1956132242	Triggered	1,14,15,16,17,18,19,20,21,22,	 NoSound	40	2	1956132242
1956132444	Triggered	1,14,15,16,17,18,19,20,21,22,	 PureTone-5kHz	40	2	1956132444
1956138378	Triggered	4,42,43,44,45,46,	 NoSound	40	2	1956138378
1956138580	Triggered	4,42,43,44,45,46,	 File_beep3	40	2	1956138580
1956149027	Triggered	1,14,15,16,17,18,19,20,21,22,	 NoSound	40	2	1956149027
1956149230	Triggered	1,14,15,16,17,18,19,20,21,22,	 PureTone-3kHz	40	2	1956149230
1956152878	Triggered	6,47,48,49,50,51,	 NoSound	40	2	1956152878
1956153093	Triggered	6,47,48,49,50,51,	 File_beep5	40	2	1956153093
1956163226	Triggered	1,14,15,16,17,18,19,20,21,22,	 NoSound	40	2	1956163226
1956163438	Triggered	1,14,15,16,17,18,19,20,21,22,	 PureTone-2kHz	40	2	1956163438
1956167378	Triggered	6,47,48,49,50,51,	 NoSound	40	2	1956167378
1956167579	Triggered	6,47,48,49,50,51,	 File_beep5	40	2	1956167579
1956176889	Triggered	1,14,15,16,17,18,19,20,21,22,	 NoSound	40	2	1956176889
1956177091	Triggered	1,14,15,16,17,18,19,20,21,22,	 PureTone-1kHz	40	2	1956177091
1956181277	Triggered	4,42,43,44,45,46,	 NoSound	40	2	1956181277
1956181478	Triggered	4,42,43,44,45,46,	 File_beep3	40	2	1956181478
1956189820	Triggered	1,14,15,16,17,18,19,20,21,22,	 NoSound	40	2	1956189820
1956190021	Triggered	1,14,15,16,17,18,19,20,21,22,	 StopSoundShort	40	2	1956190021
1956209735	Triggered	5,23,24,25,26,27,28,29,30,31,	 NoSound	40	2	1956209735
1956214007	Triggered	2,37,38,39,40,41,	 NoSound	40	2	1956214007
1956214210	Triggered	2,37,38,39,40,41,	 File_beep5	40	2	1956214210
1956224657	Triggered	5,23,24,25,26,27,28,29,30,31,	 NoSound	40	2	1956224657
1956228626	Triggered	2,37,38,39,40,41,	 NoSound	40	2	1956228626
1956228828	Triggered	2,37,38,39,40,41,	 File_beep5	40	2	1956228828
1956239156	Triggered	5,23,24,25,26,27,28,29,30,31,	 NoSound	40	2	1956239156
1956243187	Triggered	2,37,38,39,40,41,	 NoSound	40	2	1956243187
1956243390	Triggered	2,37,38,39,40,41,	 File_beep5	40	2	1956243390
1956253958	Triggered	5,23,24,25,26,27,28,29,30,31,	 NoSound	40	2	1956253958
1956254160	Triggered	5,23,24,25,26,27,28,29,30,31,	 PureTone-11kHz	40	2	1956254160
1956257146	Triggered	8,52,53,54,55,56,	 NoSound	40	2	1956257146
1956257347	Triggered	8,52,53,54,55,56,	 File_beep1	40	2	1956257347
1956292522	Triggered	5,23,24,25,26,27,28,29,30,31,	 NoSound	40	2	1956292522
1956292726	Triggered	5,23,24,25,26,27,28,29,30,31,	 PureTone-11kHz	40	2	1956292726
1956298419	Triggered	8,52,53,54,55,56,	 NoSound	40	2	1956298419
1956298619	Triggered	8,52,53,54,55,56,	 File_beep1	40	2	1956298619
1956305640	Triggered	5,23,24,25,26,27,28,29,30,31,	 NoSound	40	2	1956305640
1956305843	Triggered	5,23,24,25,26,27,28,29,30,31,	 PureTone-11kHz	40	2	1956305843
1956311898	Triggered	2,37,38,39,40,41,	 NoSound	40	2	1956311898
1956312100	Triggered	2,37,38,39,40,41,	 File_beep5	40	2	1956312100
1956323389	Triggered	5,23,24,25,26,27,28,29,30,31,	 NoSound	40	2	1956323389
1956323592	Triggered	5,23,24,25,26,27,28,29,30,31,	 PureTone-11kHz	40	2	1956323592
1956327360	Triggered	2,37,38,39,40,41,	 NoSound	40	2	1956327360
1956327561	Triggered	2,37,38,39,40,41,	 File_beep5	40	2	1956327561
1956336926	Triggered	5,23,24,25,26,27,28,29,30,31,	 NoSound	40	2	1956336926
1956337128	Triggered	5,23,24,25,26,27,28,29,30,31,	 PureTone-11kHz	40	2	1956337128
1956340670	Triggered	2,37,38,39,40,41,	 NoSound	40	2	1956340670
1956340872	Triggered	2,37,38,39,40,41,	 File_beep5	40	2	1956340872
1956350222	Triggered	5,23,24,25,26,27,28,29,30,31,	 NoSound	40	2	1956350222
1956350424	Triggered	5,23,24,25,26,27,28,29,30,31,	 PureTone-11kHz	40	2	1956350424
1956355697	Triggered	8,52,53,54,55,56,	 NoSound	40	2	1956355697
1956355898	Triggered	8,52,53,54,55,56,	 File_beep1	40	2	1956355898
1956361172	Triggered	5,23,24,25,26,27,28,29,30,31,	 NoSound	40	2	1956361172
1956361376	Triggered	5,23,24,25,26,27,28,29,30,31,	 PureTone-11kHz	40	2	1956361376
1956365445	Triggered	2,37,38,39,40,41,	 NoSound	40	2	1956365445
1956365648	Triggered	2,37,38,39,40,41,	 File_beep5	40	2	1956365648
1956377066	Triggered	5,23,24,25,26,27,28,29,30,31,	 NoSound	40	2	1956377066
1956377270	Triggered	5,23,24,25,26,27,28,29,30,31,	 PureTone-11kHz	40	2	1956377270
1956381929	Triggered	8,52,53,54,55,56,	 NoSound	40	2	1956381929
1956382130	Triggered	8,52,53,54,55,56,	 File_beep1	40	2	1956382130
1956388247	Triggered	5,23,24,25,26,27,28,29,30,31,	 NoSound	40	2	1956388247
1956388450	Triggered	5,23,24,25,26,27,28,29,30,31,	 PureTone-11kHz	40	2	1956388450
1956392880	Triggered	2,37,38,39,40,41,	 NoSound	40	2	1956392880
1956393083	Triggered	2,37,38,39,40,41,	 File_beep5	40	2	1956393083
1956405333	Triggered	5,23,24,25,26,27,28,29,30,31,	 NoSound	40	2	1956405333
1956405536	Triggered	5,23,24,25,26,27,28,29,30,31,	 PureTone-9kHz	40	2	1956405536
1956408824	Triggered	2,37,38,39,40,41,	 NoSound	40	2	1956408824
1956409026	Triggered	2,37,38,39,40,41,	 File_beep5	40	2	1956409026
1956419296	Triggered	5,23,24,25,26,27,28,29,30,31,	 NoSound	40	2	1956419296
1956419498	Triggered	5,23,24,25,26,27,28,29,30,31,	 PureTone-7kHz	40	2	1956419498
1956422902	Triggered	2,37,38,39,40,41,	 NoSound	40	2	1956422902
1956423104	Triggered	2,37,38,39,40,41,	 File_beep5	40	2	1956423104
1956434394	Triggered	5,23,24,25,26,27,28,29,30,31,	 NoSound	40	2	1956434394
1956434597	Triggered	5,23,24,25,26,27,28,29,30,31,	 PureTone-5kHz	40	2	1956434597
1956437703	Triggered	2,37,38,39,40,41,	 NoSound	40	2	1956437703
1956437906	Triggered	2,37,38,39,40,41,	 File_beep5	40	2	1956437906
1956449134	Triggered	5,23,24,25,26,27,28,29,30,31,	 NoSound	40	2	1956449134
1956449337	Triggered	5,23,24,25,26,27,28,29,30,31,	 PureTone-3kHz	40	2	1956449337
1956452564	Triggered	2,37,38,39,40,41,	 NoSound	40	2	1956452564
1956452766	Triggered	2,37,38,39,40,41,	 File_beep5	40	2	1956452766
1956464056	Triggered	5,23,24,25,26,27,28,29,30,31,	 NoSound	40	2	1956464056
1956464259	Triggered	5,23,24,25,26,27,28,29,30,31,	 PureTone-2kHz	40	2	1956464259
1956467245	Triggered	2,37,38,39,40,41,	 NoSound	40	2	1956467245
1956467447	Triggered	2,37,38,39,40,41,	 File_beep5	40	2	1956467447
1956478797	Triggered	5,23,24,25,26,27,28,29,30,31,	 NoSound	40	2	1956478797
1956478999	Triggered	5,23,24,25,26,27,28,29,30,31,	 PureTone-1kHz	40	2	1956478999
1956482347	Triggered	2,37,38,39,40,41,	 NoSound	40	2	1956482347
1956482549	Triggered	2,37,38,39,40,41,	 File_beep5	40	2	1956482549
1956494319	Triggered	5,23,24,25,26,27,28,29,30,31,	 NoSound	40	2	1956494319
1956494519	Triggered	5,23,24,25,26,27,28,29,30,31,	 StopSoundShort	40	2	1956494519
1956508337	Triggered	1,14,15,16,17,18,19,20,21,22,	 NoSound	40	2	1956508337
1956512669	Triggered	4,42,43,44,45,46,	 NoSound	40	2	1956512669
1956512872	Triggered	4,42,43,44,45,46,	 File_beep4	40	2	1956512872
1956523981	Triggered	1,14,15,16,17,18,19,20,21,22,	 NoSound	40	2	1956523981
1956527531	Triggered	4,42,43,44,45,46,	 NoSound	40	2	1956527531
1956527733	Triggered	4,42,43,44,45,46,	 File_beep4	40	2	1956527733
1956539082	Triggered	1,14,15,16,17,18,19,20,21,22,	 NoSound	40	2	1956539082
1956543114	Triggered	4,42,43,44,45,46,	 NoSound	40	2	1956543114
1956543327	Triggered	4,42,43,44,45,46,	 File_beep4	40	2	1956543327
1956554123	Triggered	1,14,15,16,17,18,19,20,21,22,	 NoSound	40	2	1956554123
1956554326	Triggered	1,14,15,16,17,18,19,20,21,22,	 PureTone-11kHz	40	2	1956554326
1956558095	Triggered	4,42,43,44,45,46,	 NoSound	40	2	1956558095
1956558307	Triggered	4,42,43,44,45,46,	 File_beep4	40	2	1956558307
1956569165	Triggered	1,14,15,16,17,18,19,20,21,22,	 NoSound	40	2	1956569165
1956569370	Triggered	1,14,15,16,17,18,19,20,21,22,	 PureTone-11kHz	40	2	1956569370
1956572836	Triggered	4,42,43,44,45,46,	 NoSound	40	2	1956572836
1956573037	Triggered	4,42,43,44,45,46,	 File_beep4	40	2	1956573037
1956584567	Triggered	1,14,15,16,17,18,19,20,21,22,	 NoSound	40	2	1956584567
1956584771	Triggered	1,14,15,16,17,18,19,20,21,22,	 PureTone-11kHz	40	2	1956584771
1956588068	Triggered	4,42,43,44,45,46,	 NoSound	40	2	1956588068
1956588278	Triggered	4,42,43,44,45,46,	 File_beep4	40	2	1956588278
1956599851	Triggered	1,14,15,16,17,18,19,20,21,22,	 NoSound	40	2	1956599851
1956600065	Triggered	1,14,15,16,17,18,19,20,21,22,	 PureTone-11kHz	40	2	1956600065
1956603519	Triggered	4,42,43,44,45,46,	 NoSound	40	2	1956603519
1956603721	Triggered	4,42,43,44,45,46,	 File_beep4	40	2	1956603721
1956615313	Triggered	1,14,15,16,17,18,19,20,21,22,	 NoSound	40	2	1956615313
1956615516	Triggered	1,14,15,16,17,18,19,20,21,22,	 PureTone-11kHz	40	2	1956615516
1956618742	Triggered	4,42,43,44,45,46,	 NoSound	40	2	1956618742
1956618945	Triggered	4,42,43,44,45,46,	 File_beep4	40	2	1956618945
1956629933	Triggered	1,14,15,16,17,18,19,20,21,22,	 NoSound	40	2	1956629933
1956630138	Triggered	1,14,15,16,17,18,19,20,21,22,	 PureTone-11kHz	40	2	1956630138
1956633543	Triggered	4,42,43,44,45,46,	 NoSound	40	2	1956633543
1956633745	Triggered	4,42,43,44,45,46,	 File_beep4	40	2	1956633745
1956646119	Triggered	1,14,15,16,17,18,19,20,21,22,	 NoSound	40	2	1956646119
1956646324	Triggered	1,14,15,16,17,18,19,20,21,22,	 PureTone-11kHz	40	2	1956646324
1956649787	Triggered	4,42,43,44,45,46,	 NoSound	40	2	1956649787
1956649989	Triggered	4,42,43,44,45,46,	 File_beep4	40	2	1956649989
1956663445	Triggered	1,14,15,16,17,18,19,20,21,22,	 NoSound	40	2	1956663445
1956663648	Triggered	1,14,15,16,17,18,19,20,21,22,	 PureTone-11kHz	40	2	1956663648
1956666875	Triggered	4,42,43,44,45,46,	 NoSound	40	2	1956666875
1956667076	Triggered	4,42,43,44,45,46,	 File_beep4	40	2	1956667076
1956679209	Triggered	1,14,15,16,17,18,19,20,21,22,	 NoSound	40	2	1956679209
1956679413	Triggered	1,14,15,16,17,18,19,20,21,22,	 PureTone-11kHz	40	2	1956679413
1956682879	Triggered	4,42,43,44,45,46,	 NoSound	40	2	1956682879
1956683081	Triggered	4,42,43,44,45,46,	 File_beep4	40	2	1956683081
1956696241	Triggered	1,14,15,16,17,18,19,20,21,22,	 NoSound	40	2	1956696241
1956696444	Triggered	1,14,15,16,17,18,19,20,21,22,	 PureTone-9kHz	40	2	1956696444
1956700267	Triggered	4,42,43,44,45,46,	 NoSound	40	2	1956700267
1956700468	Triggered	4,42,43,44,45,46,	 File_beep4	40	2	1956700468
1956714646	Triggered	1,14,15,16,17,18,19,20,21,22,	 NoSound	40	2	1956714646
1956714849	Triggered	1,14,15,16,17,18,19,20,21,22,	 PureTone-7kHz	40	2	1956714849
1956718076	Triggered	4,42,43,44,45,46,	 NoSound	40	2	1956718076
1956718278	Triggered	4,42,43,44,45,46,	 File_beep4	40	2	1956718278
1956733658	Triggered	1,14,15,16,17,18,19,20,21,22,	 NoSound	40	2	1956733658
1956733862	Triggered	1,14,15,16,17,18,19,20,21,22,	 PureTone-5kHz	40	2	1956733862
1956737328	Triggered	4,42,43,44,45,46,	 NoSound	40	2	1956737328
1956737530	Triggered	4,42,43,44,45,46,	 File_beep4	40	2	1956737530
1956755438	Triggered	1,14,15,16,17,18,19,20,21,22,	 NoSound	40	2	1956755438
1956755639	Triggered	1,14,15,16,17,18,19,20,21,22,	 PureTone-3kHz	40	2	1956755639
1956759110	Triggered	4,42,43,44,45,46,	 NoSound	40	2	1956759110
1956759312	Triggered	4,42,43,44,45,46,	 File_beep4	40	2	1956759312
1956772165	Triggered	1,14,15,16,17,18,19,20,21,22,	 NoSound	40	2	1956772165
1956772368	Triggered	1,14,15,16,17,18,19,20,21,22,	 PureTone-2kHz	40	2	1956772368
1956775954	Triggered	4,42,43,44,45,46,	 NoSound	40	2	1956775954
1956776156	Triggered	4,42,43,44,45,46,	 File_beep4	40	2	1956776156
1956789914	Triggered	1,14,15,16,17,18,19,20,21,22,	 NoSound	40	2	1956789914
1956790116	Triggered	1,14,15,16,17,18,19,20,21,22,	 PureTone-1kHz	40	2	1956790116
1956793523	Triggered	4,42,43,44,45,46,	 NoSound	40	2	1956793523
1956793725	Triggered	4,42,43,44,45,46,	 File_beep4	40	2	1956793725
1956807301	Triggered	1,14,15,16,17,18,19,20,21,22,	 NoSound	40	2	1956807301
1956807502	Triggered	1,14,15,16,17,18,19,20,21,22,	 StopSoundShort	40	2	1956807502
1956823908	Triggered	2,37,38,39,40,41,	 NoSound	40	2	1956823908
1956824110	Triggered	2,37,38,39,40,41,	 File_beep2	40	2	1956824110
1956850380	Triggered	5,23,24,25,26,27,28,29,30,31,	 NoSound	40	2	1956850380
1956855374	Triggered	2,37,38,39,40,41,	 NoSound	40	2	1956855374
1956855575	Triggered	2,37,38,39,40,41,	 File_beep2	40	2	1956855575
1956868069	Triggered	5,23,24,25,26,27,28,29,30,31,	 NoSound	40	2	1956868069
1956872822	Triggered	2,37,38,39,40,41,	 NoSound	40	2	1956872822
1956873022	Triggered	2,37,38,39,40,41,	 File_beep2	40	2	1956873022
1956882209	Triggered	5,23,24,25,26,27,28,29,30,31,	 NoSound	40	2	1956882209
1956882414	Triggered	5,23,24,25,26,27,28,29,30,31,	 PureTone-11kHz	40	2	1956882414
1956887082	Triggered	8,52,53,54,55,56,	 NoSound	40	2	1956887082
1956887283	Triggered	8,52,53,54,55,56,	 File_beep1	40	2	1956887283
1956916743	Triggered	5,23,24,25,26,27,28,29,30,31,	 NoSound	40	2	1956916743
1956916958	Triggered	5,23,24,25,26,27,28,29,30,31,	 PureTone-11kHz	40	2	1956916958
1956921859	Triggered	2,37,38,39,40,41,	 NoSound	40	2	1956921859
1956922061	Triggered	2,37,38,39,40,41,	 File_beep2	40	2	1956922061
1956931424	Triggered	5,23,24,25,26,27,28,29,30,31,	 NoSound	40	2	1956931424
1956931627	Triggered	5,23,24,25,26,27,28,29,30,31,	 PureTone-11kHz	40	2	1956931627
1956936718	Triggered	2,37,38,39,40,41,	 NoSound	40	2	1956936718
1956936920	Triggered	2,37,38,39,40,41,	 File_beep2	40	2	1956936920
1956944539	Triggered	5,23,24,25,26,27,28,29,30,31,	 NoSound	40	2	1956944539
1956944741	Triggered	5,23,24,25,26,27,28,29,30,31,	 PureTone-11kHz	40	2	1956944741
1956950016	Triggered	8,52,53,54,55,56,	 NoSound	40	2	1956950016
1956950227	Triggered	8,52,53,54,55,56,	 File_beep1	40	2	1956950227
1956957655	Triggered	5,23,24,25,26,27,28,29,30,31,	 NoSound	40	2	1956957655
1956957858	Triggered	5,23,24,25,26,27,28,29,30,31,	 PureTone-11kHz	40	2	1956957858
1956963011	Triggered	8,52,53,54,55,56,	 NoSound	40	2	1956963011
1956963213	Triggered	8,52,53,54,55,56,	 File_beep1	40	2	1956963213
1956970352	Triggered	5,23,24,25,26,27,28,29,30,31,	 NoSound	40	2	1956970352
1956970554	Triggered	5,23,24,25,26,27,28,29,30,31,	 PureTone-11kHz	40	2	1956970554
1956976426	Triggered	2,37,38,39,40,41,	 NoSound	40	2	1956976426
1956976628	Triggered	2,37,38,39,40,41,	 File_beep2	40	2	1956976628
1956987257	Triggered	5,23,24,25,26,27,28,29,30,31,	 NoSound	40	2	1956987257
1956987459	Triggered	5,23,24,25,26,27,28,29,30,31,	 PureTone-11kHz	40	2	1956987459
1956992792	Triggered	2,37,38,39,40,41,	 NoSound	40	2	1956992792
1956992994	Triggered	2,37,38,39,40,41,	 File_beep2	40	2	1956992994
1957001938	Triggered	5,23,24,25,26,27,28,29,30,31,	 NoSound	40	2	1957001938
1957002142	Triggered	5,23,24,25,26,27,28,29,30,31,	 PureTone-11kHz	40	2	1957002142
1957007002	Triggered	2,37,38,39,40,41,	 NoSound	40	2	1957007002
1957007204	Triggered	2,37,38,39,40,41,	 File_beep2	40	2	1957007204
1957018603	Triggered	5,23,24,25,26,27,28,29,30,31,	 NoSound	40	2	1957018603
1957018808	Triggered	5,23,24,25,26,27,28,29,30,31,	 PureTone-11kHz	40	2	1957018808
1957024019	Triggered	2,37,38,39,40,41,	 NoSound	40	2	1957024019
1957024221	Triggered	2,37,38,39,40,41,	 File_beep2	40	2	1957024221
1957033705	Triggered	5,23,24,25,26,27,28,29,30,31,	 NoSound	40	2	1957033705
1957033909	Triggered	5,23,24,25,26,27,28,29,30,31,	 PureTone-9kHz	40	2	1957033909
1957038518	Triggered	8,52,53,54,55,56,	 NoSound	40	2	1957038518
1957038719	Triggered	8,52,53,54,55,56,	 File_beep1	40	2	1957038719
1957045858	Triggered	5,23,24,25,26,27,28,29,30,31,	 NoSound	40	2	1957045858
1957046062	Triggered	5,23,24,25,26,27,28,29,30,31,	 PureTone-7kHz	40	2	1957046062
1957051153	Triggered	8,52,53,54,55,56,	 NoSound	40	2	1957051153
1957051356	Triggered	8,52,53,54,55,56,	 File_beep1	40	2	1957051356
1957060178	Triggered	5,23,24,25,26,27,28,29,30,31,	 NoSound	40	2	1957060178
1957060382	Triggered	5,23,24,25,26,27,28,29,30,31,	 PureTone-5kHz	40	2	1957060382
1957064816	Triggered	2,37,38,39,40,41,	 NoSound	40	2	1957064816
1957065017	Triggered	2,37,38,39,40,41,	 File_beep2	40	2	1957065017
1957074439	Triggered	5,23,24,25,26,27,28,29,30,31,	 NoSound	40	2	1957074439
1957074642	Triggered	5,23,24,25,26,27,28,29,30,31,	 PureTone-3kHz	40	2	1957074642
1957079552	Triggered	2,37,38,39,40,41,	 NoSound	40	2	1957079552
1957079753	Triggered	2,37,38,39,40,41,	 File_beep2	40	2	1957079753
1957088341	Triggered	5,23,24,25,26,27,28,29,30,31,	 NoSound	40	2	1957088341
1957088543	Triggered	5,23,24,25,26,27,28,29,30,31,	 PureTone-2kHz	40	2	1957088543
1957093582	Triggered	2,37,38,39,40,41,	 NoSound	40	2	1957093582
1957093782	Triggered	2,37,38,39,40,41,	 File_beep2	40	2	1957093782
1957101992	Triggered	5,23,24,25,26,27,28,29,30,31,	 NoSound	40	2	1957101992
1957102194	Triggered	5,23,24,25,26,27,28,29,30,31,	 PureTone-1kHz	40	2	1957102194
1957107116	Triggered	2,37,38,39,40,41,	 NoSound	40	2	1957107116
1957107318	Triggered	2,37,38,39,40,41,	 File_beep2	40	2	1957107318
1957116494	Triggered	5,23,24,25,26,27,28,29,30,31,	 NoSound	40	2	1957116494
1957116696	Triggered	5,23,24,25,26,27,28,29,30,31,	 StopSoundShort	40	2	1957116696
1957134543	Triggered	1,14,15,16,17,18,19,20,21,22,	 NoSound	40	2	1957134543
1957142184	Triggered	4,42,43,44,45,46,	 NoSound	40	2	1957142184
1957142396	Triggered	4,42,43,44,45,46,	 File_beep1	40	2	1957142396
1957243021	Triggered	1,14,15,16,17,18,19,20,21,22,	 NoSound	40	2	1957243021
1957249340	Triggered	4,42,43,44,45,46,	 NoSound	40	2	1957249340
1957249541	Triggered	4,42,43,44,45,46,	 File_beep1	40	2	1957249541
1957284897	Triggered	1,14,15,16,17,18,19,20,21,22,	 NoSound	40	2	1957284897
1957291215	Triggered	4,42,43,44,45,46,	 NoSound	40	2	1957291215
1957291416	Triggered	4,42,43,44,45,46,	 File_beep1	40	2	1957291416
1957394158	Triggered	1,14,15,16,17,18,19,20,21,22,	 NoSound	40	2	1957394158
1957394361	Triggered	1,14,15,16,17,18,19,20,21,22,	 PureTone-11kHz	40	2	1957394361
1957399874	Triggered	4,42,43,44,45,46,	 NoSound	40	2	1957399874
1957400076	Triggered	4,42,43,44,45,46,	 File_beep1	40	2	1957400076
1957411065	Triggered	1,14,15,16,17,18,19,20,21,22,	 NoSound	40	2	1957411065
1957411270	Triggered	1,14,15,16,17,18,19,20,21,22,	 PureTone-11kHz	40	2	1957411270
1957417082	Triggered	4,42,43,44,45,46,	 NoSound	40	2	1957417082
1957417283	Triggered	4,42,43,44,45,46,	 File_beep1	40	2	1957417283
1957427731	Triggered	1,14,15,16,17,18,19,20,21,22,	 NoSound	40	2	1957427731
1957427935	Triggered	1,14,15,16,17,18,19,20,21,22,	 PureTone-11kHz	40	2	1957427935
1957436635	Triggered	4,42,43,44,45,46,	 NoSound	40	2	1957436635
1957436847	Triggered	4,42,43,44,45,46,	 File_beep1	40	2	1957436847
1957449331	Triggered	1,14,15,16,17,18,19,20,21,22,	 NoSound	40	2	1957449331
1957449534	Triggered	1,14,15,16,17,18,19,20,21,22,	 PureTone-11kHz	40	2	1957449534
1957454987	Triggered	4,42,43,44,45,46,	 NoSound	40	2	1957454987
1957455188	Triggered	4,42,43,44,45,46,	 File_beep1	40	2	1957455188
1957466428	Triggered	1,14,15,16,17,18,19,20,21,22,	 NoSound	40	2	1957466428
1957466638	Triggered	1,14,15,16,17,18,19,20,21,22,	 PureTone-11kHz	40	2	1957466638
1957474419	Triggered	4,42,43,44,45,46,	 NoSound	40	2	1957474419
1957474620	Triggered	4,42,43,44,45,46,	 File_beep1	40	2	1957474620
1957487356	Triggered	1,14,15,16,17,18,19,20,21,22,	 NoSound	40	2	1957487356
1957487560	Triggered	1,14,15,16,17,18,19,20,21,22,	 PureTone-11kHz	40	2	1957487560
1957508053	Triggered	4,42,43,44,45,46,	 NoSound	40	2	1957508053
1957508253	Triggered	4,42,43,44,45,46,	 File_beep1	40	2	1957508253
1957527017	Triggered	1,14,15,16,17,18,19,20,21,22,	 NoSound	40	2	1957527017
1957527219	Triggered	1,14,15,16,17,18,19,20,21,22,	 PureTone-11kHz	40	2	1957527219
1957532843	Triggered	6,47,48,49,50,51,	 NoSound	40	2	1957532843
1957533044	Triggered	6,47,48,49,50,51,	 File_beep1	40	2	1957533044
1957566955	Triggered	1,14,15,16,17,18,19,20,21,22,	 NoSound	40	2	1957566955
1957567158	Triggered	1,14,15,16,17,18,19,20,21,22,	 PureTone-11kHz	40	2	1957567158
1957572068	Triggered	4,42,43,44,45,46,	 NoSound	40	2	1957572068
1957572269	Triggered	4,42,43,44,45,46,	 File_beep1	40	2	1957572269
1957581874	Triggered	1,14,15,16,17,18,19,20,21,22,	 NoSound	40	2	1957581874
1957582078	Triggered	1,14,15,16,17,18,19,20,21,22,	 PureTone-11kHz	40	2	1957582078
1957587651	Triggered	6,47,48,49,50,51,	 NoSound	40	2	1957587651
1957587852	Triggered	6,47,48,49,50,51,	 File_beep1	40	2	1957587852
1957600948	Triggered	1,14,15,16,17,18,19,20,21,22,	 NoSound	40	2	1957600948
1957601152	Triggered	1,14,15,16,17,18,19,20,21,22,	 PureTone-9kHz	40	2	1957601152
1957606183	Triggered	4,42,43,44,45,46,	 NoSound	40	2	1957606183
1957606384	Triggered	4,42,43,44,45,46,	 File_beep1	40	2	1957606384
1957615388	Triggered	1,14,15,16,17,18,19,20,21,22,	 NoSound	40	2	1957615388
1957615590	Triggered	1,14,15,16,17,18,19,20,21,22,	 PureTone-7kHz	40	2	1957615590
1957621044	Triggered	6,47,48,49,50,51,	 NoSound	40	2	1957621044
1957621245	Triggered	6,47,48,49,50,51,	 File_beep1	40	2	1957621245
1957631649	Triggered	1,14,15,16,17,18,19,20,21,22,	 NoSound	40	2	1957631649
1957631851	Triggered	1,14,15,16,17,18,19,20,21,22,	 PureTone-5kHz	40	2	1957631851
1957637050	Triggered	4,42,43,44,45,46,	 NoSound	40	2	1957637050
1957637250	Triggered	4,42,43,44,45,46,	 File_beep1	40	2	1957637250
1957648840	Triggered	1,14,15,16,17,18,19,20,21,22,	 NoSound	40	2	1957648840
1957649043	Triggered	1,14,15,16,17,18,19,20,21,22,	 PureTone-3kHz	40	2	1957649043
1957655158	Triggered	6,47,48,49,50,51,	 NoSound	40	2	1957655158
1957655359	Triggered	6,47,48,49,50,51,	 File_beep1	40	2	1957655359
1957665457	Triggered	1,14,15,16,17,18,19,20,21,22,	 NoSound	40	2	1957665457
1957665658	Triggered	1,14,15,16,17,18,19,20,21,22,	 PureTone-2kHz	40	2	1957665658
1957670861	Triggered	4,42,43,44,45,46,	 NoSound	40	2	1957670861
1957671061	Triggered	4,42,43,44,45,46,	 File_beep1	40	2	1957671061
1957681992	Triggered	1,14,15,16,17,18,19,20,21,22,	 NoSound	40	2	1957681992
1957682194	Triggered	1,14,15,16,17,18,19,20,21,22,	 PureTone-1kHz	40	2	1957682194
1957687888	Triggered	4,42,43,44,45,46,	 NoSound	40	2	1957687888
1957688089	Triggered	4,42,43,44,45,46,	 File_beep1	40	2	1957688089
1957698236	Triggered	1,14,15,16,17,18,19,20,21,22,	 NoSound	40	2	1957698236
1957698436	Triggered	1,14,15,16,17,18,19,20,21,22,	 StopSoundShort	40	2	1957698436
