Ver1.3	227188431	StartFile	10/1/2020	10:17:29 AM	E:\BehavioralExperiments\Twenty\Horizon\RawData\100120\SoundData.txt	227188431
227532198	Triggered	5,23,24,25,26,27,28,29,30,31,	 NoSound	40	2	227532198
227532400	Triggered	5,23,24,25,26,27,28,29,30,31,	 StopSoundLong	40	2	227532400
227611339	Triggered	1,14,15,16,17,18,19,20,21,22,	 NoSound	40	2	227611339
227628131	Triggered	6,47,48,49,50,51,	 NoSound	40	2	227628131
227628333	Triggered	6,47,48,49,50,51,	 File_beep3	40	2	227628333
227641750	Triggered	1,14,15,16,17,18,19,20,21,22,	 NoSound	40	2	227641750
227645431	Triggered	4,42,43,44,45,46,	 NoSound	40	2	227645431
227645634	Triggered	4,42,43,44,45,46,	 File_beep2	40	2	227645634
227656121	Triggered	1,14,15,16,17,18,19,20,21,22,	 NoSound	40	2	227656121
227659530	Triggered	4,42,43,44,45,46,	 NoSound	40	2	227659530
227659732	Triggered	4,42,43,44,45,46,	 File_beep2	40	2	227659732
227710999	Triggered	1,14,15,16,17,18,19,20,21,22,	 NoSound	40	2	227710999
227722499	Triggered	4,42,43,44,45,46,	 NoSound	40	2	227722499
227722702	Triggered	4,42,43,44,45,46,	 File_beep2	40	2	227722702
227730648	Triggered	1,14,15,16,17,18,19,20,21,22,	 NoSound	40	2	227730648
227730851	Triggered	1,14,15,16,17,18,19,20,21,22,	 PureTone-9kHz	40	2	227730851
227738202	Triggered	4,42,43,44,45,46,	 NoSound	40	2	227738202
227738404	Triggered	4,42,43,44,45,46,	 File_beep2	40	2	227738404
227746156	Triggered	1,14,15,16,17,18,19,20,21,22,	 NoSound	40	2	227746156
227746360	Triggered	1,14,15,16,17,18,19,20,21,22,	 PureTone-7kHz	40	2	227746360
227750238	Triggered	6,47,48,49,50,51,	 NoSound	40	2	227750238
227750440	Triggered	6,47,48,49,50,51,	 File_beep3	40	2	227750440
227759992	Triggered	1,14,15,16,17,18,19,20,21,22,	 NoSound	40	2	227759992
227760196	Triggered	1,14,15,16,17,18,19,20,21,22,	 PureTone-5kHz	40	2	227760196
227763201	Triggered	6,47,48,49,50,51,	 NoSound	40	2	227763201
227763403	Triggered	6,47,48,49,50,51,	 File_beep3	40	2	227763403
227773962	Triggered	1,14,15,16,17,18,19,20,21,22,	 NoSound	40	2	227773962
227774166	Triggered	1,14,15,16,17,18,19,20,21,22,	 PureTone-3kHz	40	2	227774166
227777043	Triggered	4,42,43,44,45,46,	 NoSound	40	2	227777043
227777246	Triggered	4,42,43,44,45,46,	 File_beep2	40	2	227777246
227785792	Triggered	1,14,15,16,17,18,19,20,21,22,	 NoSound	40	2	227785792
227785994	Triggered	1,14,15,16,17,18,19,20,21,22,	 PureTone-2kHz	40	2	227785994
227790005	Triggered	4,42,43,44,45,46,	 NoSound	40	2	227790005
227790206	Triggered	4,42,43,44,45,46,	 File_beep2	40	2	227790206
227798492	Triggered	1,14,15,16,17,18,19,20,21,22,	 NoSound	40	2	227798492
227798694	Triggered	1,14,15,16,17,18,19,20,21,22,	 PureTone-1kHz	40	2	227798694
227804776	Triggered	4,42,43,44,45,46,	 NoSound	40	2	227804776
227804977	Triggered	4,42,43,44,45,46,	 File_beep2	40	2	227804977
227812395	Triggered	1,14,15,16,17,18,19,20,21,22,	 NoSound	40	2	227812395
227812596	Triggered	1,14,15,16,17,18,19,20,21,22,	 StopSoundShort	40	2	227812596
227824293	Triggered	5,23,24,25,26,27,28,29,30,31,	 NoSound	40	2	227824293
227832047	Triggered	8,52,53,54,55,56,	 NoSound	40	2	227832047
227832248	Triggered	8,52,53,54,55,56,	 File_beep2	40	2	227832248
227841738	Triggered	5,23,24,25,26,27,28,29,30,31,	 NoSound	40	2	227841738
227847754	Triggered	2,37,38,39,40,41,	 NoSound	40	2	227847754
227847970	Triggered	2,37,38,39,40,41,	 File_beep1	40	2	227847970
227853236	Triggered	5,23,24,25,26,27,28,29,30,31,	 NoSound	40	2	227853236
227861796	Triggered	8,52,53,54,55,56,	 NoSound	40	2	227861796
227861998	Triggered	8,52,53,54,55,56,	 File_beep2	40	2	227861998
227871084	Triggered	5,23,24,25,26,27,28,29,30,31,	 NoSound	40	2	227871084
227876763	Triggered	8,52,53,54,55,56,	 NoSound	40	2	227876763
227876966	Triggered	8,52,53,54,55,56,	 File_beep2	40	2	227876966
227885119	Triggered	5,23,24,25,26,27,28,29,30,31,	 NoSound	40	2	227885119
227885320	Triggered	5,23,24,25,26,27,28,29,30,31,	 PureTone-1kHz	40	2	227885320
227891135	Triggered	8,52,53,54,55,56,	 NoSound	40	2	227891135
227891338	Triggered	8,52,53,54,55,56,	 File_beep2	40	2	227891338
227902296	Triggered	5,23,24,25,26,27,28,29,30,31,	 NoSound	40	2	227902296
227902498	Triggered	5,23,24,25,26,27,28,29,30,31,	 StopSoundLong	40	2	227902498
227919608	Triggered	4,42,43,44,45,46,	 NoSound	40	2	227919608
227919812	Triggered	4,42,43,44,45,46,	 File_beep3	40	2	227919812
227928431	Triggered	1,14,15,16,17,18,19,20,21,22,	 NoSound	40	2	227928431
227931306	Triggered	4,42,43,44,45,46,	 NoSound	40	2	227931306
227931508	Triggered	4,42,43,44,45,46,	 File_beep3	40	2	227931508
227943470	Triggered	1,14,15,16,17,18,19,20,21,22,	 NoSound	40	2	227943470
227946418	Triggered	4,42,43,44,45,46,	 NoSound	40	2	227946418
227946619	Triggered	4,42,43,44,45,46,	 File_beep3	40	2	227946619
227957909	Triggered	1,14,15,16,17,18,19,20,21,22,	 NoSound	40	2	227957909
227961183	Triggered	4,42,43,44,45,46,	 NoSound	40	2	227961183
227961385	Triggered	4,42,43,44,45,46,	 File_beep3	40	2	227961385
227971945	Triggered	1,14,15,16,17,18,19,20,21,22,	 NoSound	40	2	227971945
227972150	Triggered	1,14,15,16,17,18,19,20,21,22,	 PureTone-9kHz	40	2	227972150
227975219	Triggered	6,47,48,49,50,51,	 NoSound	40	2	227975219
227975435	Triggered	6,47,48,49,50,51,	 File_beep2	40	2	227975435
227982906	Triggered	1,14,15,16,17,18,19,20,21,22,	 NoSound	40	2	227982906
227983109	Triggered	1,14,15,16,17,18,19,20,21,22,	 PureTone-7kHz	40	2	227983109
227986114	Triggered	6,47,48,49,50,51,	 NoSound	40	2	227986114
227986316	Triggered	6,47,48,49,50,51,	 File_beep2	40	2	227986316
227994537	Triggered	1,14,15,16,17,18,19,20,21,22,	 NoSound	40	2	227994537
227994740	Triggered	1,14,15,16,17,18,19,20,21,22,	 PureTone-5kHz	40	2	227994740
227998214	Triggered	6,47,48,49,50,51,	 NoSound	40	2	227998214
227998416	Triggered	6,47,48,49,50,51,	 File_beep2	40	2	227998416
228006033	Triggered	1,14,15,16,17,18,19,20,21,22,	 NoSound	40	2	228006033
228006234	Triggered	1,14,15,16,17,18,19,20,21,22,	 PureTone-3kHz	40	2	228006234
228009442	Triggered	6,47,48,49,50,51,	 NoSound	40	2	228009442
228009643	Triggered	6,47,48,49,50,51,	 File_beep2	40	2	228009643
228018267	Triggered	1,14,15,16,17,18,19,20,21,22,	 NoSound	40	2	228018267
228018470	Triggered	1,14,15,16,17,18,19,20,21,22,	 PureTone-2kHz	40	2	228018470
228021674	Triggered	6,47,48,49,50,51,	 NoSound	40	2	228021674
228021875	Triggered	6,47,48,49,50,51,	 File_beep2	40	2	228021875
228044534	Triggered	1,14,15,16,17,18,19,20,21,22,	 NoSound	40	2	228044534
228044735	Triggered	1,14,15,16,17,18,19,20,21,22,	 PureTone-1kHz	40	2	228044735
228050348	Triggered	6,47,48,49,50,51,	 NoSound	40	2	228050348
228050550	Triggered	6,47,48,49,50,51,	 File_beep2	40	2	228050550
228058705	Triggered	1,14,15,16,17,18,19,20,21,22,	 NoSound	40	2	228058705
228058906	Triggered	1,14,15,16,17,18,19,20,21,22,	 StopSoundShort	40	2	228058906
228069132	Triggered	5,23,24,25,26,27,28,29,30,31,	 NoSound	40	2	228069132
228073208	Triggered	2,37,38,39,40,41,	 NoSound	40	2	228073208
228073411	Triggered	2,37,38,39,40,41,	 File_beep3	40	2	228073411
228084975	Triggered	5,23,24,25,26,27,28,29,30,31,	 NoSound	40	2	228084975
228087647	Triggered	2,37,38,39,40,41,	 NoSound	40	2	228087647
228087849	Triggered	2,37,38,39,40,41,	 File_beep3	40	2	228087849
228097471	Triggered	5,23,24,25,26,27,28,29,30,31,	 NoSound	40	2	228097471
228100352	Triggered	2,37,38,39,40,41,	 NoSound	40	2	228100352
228100555	Triggered	2,37,38,39,40,41,	 File_beep3	40	2	228100555
228109906	Triggered	5,23,24,25,26,27,28,29,30,31,	 NoSound	40	2	228109906
228113646	Triggered	8,52,53,54,55,56,	 NoSound	40	2	228113646
228113847	Triggered	8,52,53,54,55,56,	 File_beep1	40	2	228113847
228120732	Triggered	5,23,24,25,26,27,28,29,30,31,	 NoSound	40	2	228120732
228120934	Triggered	5,23,24,25,26,27,28,29,30,31,	 PureTone-1kHz	40	2	228120934
228124743	Triggered	8,52,53,54,55,56,	 NoSound	40	2	228124743
228124943	Triggered	8,52,53,54,55,56,	 File_beep1	40	2	228124943
228131161	Triggered	5,23,24,25,26,27,28,29,30,31,	 NoSound	40	2	228131161
228131362	Triggered	5,23,24,25,26,27,28,29,30,31,	 StopSoundLong	40	2	228131362
228148136	Triggered	1,14,15,16,17,18,19,20,21,22,	 NoSound	40	2	228148136
228151084	Triggered	6,47,48,49,50,51,	 NoSound	40	2	228151084
228151285	Triggered	6,47,48,49,50,51,	 File_beep3	40	2	228151285
228160972	Triggered	1,14,15,16,17,18,19,20,21,22,	 NoSound	40	2	228160972
228163911	Triggered	6,47,48,49,50,51,	 NoSound	40	2	228163911
228164113	Triggered	6,47,48,49,50,51,	 File_beep3	40	2	228164113
228173805	Triggered	1,14,15,16,17,18,19,20,21,22,	 NoSound	40	2	228173805
228176745	Triggered	6,47,48,49,50,51,	 NoSound	40	2	228176745
228176947	Triggered	6,47,48,49,50,51,	 File_beep3	40	2	228176947
228188509	Triggered	1,14,15,16,17,18,19,20,21,22,	 NoSound	40	2	228188509
228191449	Triggered	6,47,48,49,50,51,	 NoSound	40	2	228191449
228191663	Triggered	6,47,48,49,50,51,	 File_beep3	40	2	228191663
228204157	Triggered	1,14,15,16,17,18,19,20,21,22,	 NoSound	40	2	228204157
228204360	Triggered	1,14,15,16,17,18,19,20,21,22,	 PureTone-9kHz	40	2	228204360
228207293	Triggered	4,42,43,44,45,46,	 NoSound	40	2	228207293
228207494	Triggered	4,42,43,44,45,46,	 File_beep1	40	2	228207494
228214309	Triggered	1,14,15,16,17,18,19,20,21,22,	 NoSound	40	2	228214309
228214513	Triggered	1,14,15,16,17,18,19,20,21,22,	 PureTone-7kHz	40	2	228214513
228217718	Triggered	4,42,43,44,45,46,	 NoSound	40	2	228217718
228217919	Triggered	4,42,43,44,45,46,	 File_beep1	40	2	228217919
228225539	Triggered	1,14,15,16,17,18,19,20,21,22,	 NoSound	40	2	228225539
228225741	Triggered	1,14,15,16,17,18,19,20,21,22,	 PureTone-5kHz	40	2	228225741
228228815	Triggered	6,47,48,49,50,51,	 NoSound	40	2	228228815
228229017	Triggered	6,47,48,49,50,51,	 File_beep3	40	2	228229017
228239308	Triggered	1,14,15,16,17,18,19,20,21,22,	 NoSound	40	2	228239308
228239511	Triggered	1,14,15,16,17,18,19,20,21,22,	 PureTone-3kHz	40	2	228239511
228242316	Triggered	6,47,48,49,50,51,	 NoSound	40	2	228242316
228242517	Triggered	6,47,48,49,50,51,	 File_beep3	40	2	228242517
228252210	Triggered	1,14,15,16,17,18,19,20,21,22,	 NoSound	40	2	228252210
228252413	Triggered	1,14,15,16,17,18,19,20,21,22,	 PureTone-2kHz	40	2	228252413
228255217	Triggered	6,47,48,49,50,51,	 NoSound	40	2	228255217
228255421	Triggered	6,47,48,49,50,51,	 File_beep3	40	2	228255421
228265643	Triggered	1,14,15,16,17,18,19,20,21,22,	 NoSound	40	2	228265643
228265844	Triggered	1,14,15,16,17,18,19,20,21,22,	 PureTone-1kHz	40	2	228265844
228269186	Triggered	6,47,48,49,50,51,	 NoSound	40	2	228269186
228269399	Triggered	6,47,48,49,50,51,	 File_beep3	40	2	228269399
228280014	Triggered	1,14,15,16,17,18,19,20,21,22,	 NoSound	40	2	228280014
228280215	Triggered	1,14,15,16,17,18,19,20,21,22,	 StopSoundShort	40	2	228280215
228293650	Triggered	5,23,24,25,26,27,28,29,30,31,	 NoSound	40	2	228293650
228296859	Triggered	8,52,53,54,55,56,	 NoSound	40	2	228296859
228297072	Triggered	8,52,53,54,55,56,	 File_beep3	40	2	228297072
228307018	Triggered	5,23,24,25,26,27,28,29,30,31,	 NoSound	40	2	228307018
228309759	Triggered	2,37,38,39,40,41,	 NoSound	40	2	228309759
228309959	Triggered	2,37,38,39,40,41,	 File_beep2	40	2	228309959
228318916	Triggered	5,23,24,25,26,27,28,29,30,31,	 NoSound	40	2	228318916
228322258	Triggered	8,52,53,54,55,56,	 NoSound	40	2	228322258
228322461	Triggered	8,52,53,54,55,56,	 File_beep3	40	2	228322461
228334022	Triggered	5,23,24,25,26,27,28,29,30,31,	 NoSound	40	2	228334022
228336896	Triggered	2,37,38,39,40,41,	 NoSound	40	2	228336896
228337097	Triggered	2,37,38,39,40,41,	 File_beep2	40	2	228337097
228345184	Triggered	5,23,24,25,26,27,28,29,30,31,	 NoSound	40	2	228345184
228345386	Triggered	5,23,24,25,26,27,28,29,30,31,	 PureTone-1kHz	40	2	228345386
228348660	Triggered	8,52,53,54,55,56,	 NoSound	40	2	228348660
228348861	Triggered	8,52,53,54,55,56,	 File_beep3	40	2	228348861
228359488	Triggered	5,23,24,25,26,27,28,29,30,31,	 NoSound	40	2	228359488
228359689	Triggered	5,23,24,25,26,27,28,29,30,31,	 StopSoundLong	40	2	228359689
228372321	Triggered	1,14,15,16,17,18,19,20,21,22,	 NoSound	40	2	228372321
228375195	Triggered	6,47,48,49,50,51,	 NoSound	40	2	228375195
228375397	Triggered	6,47,48,49,50,51,	 File_beep2	40	2	228375397
228385222	Triggered	1,14,15,16,17,18,19,20,21,22,	 NoSound	40	2	228385222
228388029	Triggered	6,47,48,49,50,51,	 NoSound	40	2	228388029
228388230	Triggered	6,47,48,49,50,51,	 File_beep2	40	2	228388230
228398523	Triggered	1,14,15,16,17,18,19,20,21,22,	 NoSound	40	2	228398523
228401531	Triggered	4,42,43,44,45,46,	 NoSound	40	2	228401531
228401732	Triggered	4,42,43,44,45,46,	 File_beep1	40	2	228401732
228409486	Triggered	1,14,15,16,17,18,19,20,21,22,	 NoSound	40	2	228409486
228412827	Triggered	6,47,48,49,50,51,	 NoSound	40	2	228412827
228413029	Triggered	6,47,48,49,50,51,	 File_beep2	40	2	228413029
228422453	Triggered	1,14,15,16,17,18,19,20,21,22,	 NoSound	40	2	228422453
228422656	Triggered	1,14,15,16,17,18,19,20,21,22,	 PureTone-9kHz	40	2	228422656
228425474	Triggered	6,47,48,49,50,51,	 NoSound	40	2	228425474
228425679	Triggered	6,47,48,49,50,51,	 File_beep2	40	2	228425679
228434283	Triggered	1,14,15,16,17,18,19,20,21,22,	 NoSound	40	2	228434283
228434486	Triggered	1,14,15,16,17,18,19,20,21,22,	 PureTone-7kHz	40	2	228434486
228437291	Triggered	6,47,48,49,50,51,	 NoSound	40	2	228437291
228437493	Triggered	6,47,48,49,50,51,	 File_beep2	40	2	228437493
228465765	Triggered	1,14,15,16,17,18,19,20,21,22,	 NoSound	40	2	228465765
228465968	Triggered	1,14,15,16,17,18,19,20,21,22,	 PureTone-5kHz	40	2	228465968
228468907	Triggered	6,47,48,49,50,51,	 NoSound	40	2	228468907
228469107	Triggered	6,47,48,49,50,51,	 File_beep2	40	2	228469107
228478534	Triggered	1,14,15,16,17,18,19,20,21,22,	 NoSound	40	2	228478534
228478737	Triggered	1,14,15,16,17,18,19,20,21,22,	 PureTone-3kHz	40	2	228478737
228481672	Triggered	6,47,48,49,50,51,	 NoSound	40	2	228481672
228481875	Triggered	6,47,48,49,50,51,	 File_beep2	40	2	228481875
228490630	Triggered	1,14,15,16,17,18,19,20,21,22,	 NoSound	40	2	228490630
228490833	Triggered	1,14,15,16,17,18,19,20,21,22,	 PureTone-2kHz	40	2	228490833
228493838	Triggered	6,47,48,49,50,51,	 NoSound	40	2	228493838
228494041	Triggered	6,47,48,49,50,51,	 File_beep2	40	2	228494041
228503397	Triggered	1,14,15,16,17,18,19,20,21,22,	 NoSound	40	2	228503397
228503599	Triggered	1,14,15,16,17,18,19,20,21,22,	 PureTone-1kHz	40	2	228503599
228506538	Triggered	6,47,48,49,50,51,	 NoSound	40	2	228506538
228506740	Triggered	6,47,48,49,50,51,	 File_beep2	40	2	228506740
228529666	Triggered	1,14,15,16,17,18,19,20,21,22,	 NoSound	40	2	228529666
228529867	Triggered	1,14,15,16,17,18,19,20,21,22,	 StopSoundShort	40	2	228529867
228542706	Triggered	5,23,24,25,26,27,28,29,30,31,	 NoSound	40	2	228542706
228559348	Triggered	8,52,53,54,55,56,	 NoSound	40	2	228559348
228559549	Triggered	8,52,53,54,55,56,	 File_beep3	40	2	228559549
228570778	Triggered	5,23,24,25,26,27,28,29,30,31,	 NoSound	40	2	228570778
228578926	Triggered	8,52,53,54,55,56,	 NoSound	40	2	228578926
228579127	Triggered	8,52,53,54,55,56,	 File_beep3	40	2	228579127
228589956	Triggered	5,23,24,25,26,27,28,29,30,31,	 NoSound	40	2	228589956
228592896	Triggered	2,37,38,39,40,41,	 NoSound	40	2	228592896
228593097	Triggered	2,37,38,39,40,41,	 File_beep1	40	2	228593097
228601119	Triggered	5,23,24,25,26,27,28,29,30,31,	 NoSound	40	2	228601119
228604794	Triggered	8,52,53,54,55,56,	 NoSound	40	2	228604794
228604996	Triggered	8,52,53,54,55,56,	 File_beep3	40	2	228604996
228616091	Triggered	5,23,24,25,26,27,28,29,30,31,	 NoSound	40	2	228616091
228616293	Triggered	5,23,24,25,26,27,28,29,30,31,	 PureTone-1kHz	40	2	228616293
228622908	Triggered	2,37,38,39,40,41,	 NoSound	40	2	228622908
228623108	Triggered	2,37,38,39,40,41,	 File_beep1	40	2	228623108
228629325	Triggered	5,23,24,25,26,27,28,29,30,31,	 NoSound	40	2	228629325
228629527	Triggered	5,23,24,25,26,27,28,29,30,31,	 StopSoundLong	40	2	228629527
228646571	Triggered	1,14,15,16,17,18,19,20,21,22,	 NoSound	40	2	228646571
228649912	Triggered	4,42,43,44,45,46,	 NoSound	40	2	228649912
228650114	Triggered	4,42,43,44,45,46,	 File_beep2	40	2	228650114
228658735	Triggered	1,14,15,16,17,18,19,20,21,22,	 NoSound	40	2	228658735
228662477	Triggered	6,47,48,49,50,51,	 NoSound	40	2	228662477
228662680	Triggered	6,47,48,49,50,51,	 File_beep3	40	2	228662680
228673642	Triggered	1,14,15,16,17,18,19,20,21,22,	 NoSound	40	2	228673642
228676649	Triggered	4,42,43,44,45,46,	 NoSound	40	2	228676649
228676850	Triggered	4,42,43,44,45,46,	 File_beep2	40	2	228676850
228685738	Triggered	1,14,15,16,17,18,19,20,21,22,	 NoSound	40	2	228685738
228688880	Triggered	6,47,48,49,50,51,	 NoSound	40	2	228688880
228689082	Triggered	6,47,48,49,50,51,	 File_beep3	40	2	228689082
228700445	Triggered	1,14,15,16,17,18,19,20,21,22,	 NoSound	40	2	228700445
228700647	Triggered	1,14,15,16,17,18,19,20,21,22,	 PureTone-9kHz	40	2	228700647
228704386	Triggered	6,47,48,49,50,51,	 NoSound	40	2	228704386
228704588	Triggered	6,47,48,49,50,51,	 File_beep3	40	2	228704588
228716152	Triggered	1,14,15,16,17,18,19,20,21,22,	 NoSound	40	2	228716152
228716356	Triggered	1,14,15,16,17,18,19,20,21,22,	 PureTone-7kHz	40	2	228716356
228719493	Triggered	6,47,48,49,50,51,	 NoSound	40	2	228719493
228719696	Triggered	6,47,48,49,50,51,	 File_beep3	40	2	228719696
228730996	Triggered	1,14,15,16,17,18,19,20,21,22,	 NoSound	40	2	228730996
228731199	Triggered	1,14,15,16,17,18,19,20,21,22,	 PureTone-5kHz	40	2	228731199
228734399	Triggered	6,47,48,49,50,51,	 NoSound	40	2	228734399
228734601	Triggered	6,47,48,49,50,51,	 File_beep3	40	2	228734601
228778647	Triggered	1,14,15,16,17,18,19,20,21,22,	 NoSound	40	2	228778647
228778849	Triggered	1,14,15,16,17,18,19,20,21,22,	 PureTone-3kHz	40	2	228778849
228782458	Triggered	6,47,48,49,50,51,	 NoSound	40	2	228782458
228782660	Triggered	6,47,48,49,50,51,	 File_beep3	40	2	228782660
228795760	Triggered	1,14,15,16,17,18,19,20,21,22,	 NoSound	40	2	228795760
228795974	Triggered	1,14,15,16,17,18,19,20,21,22,	 PureTone-2kHz	40	2	228795974
228799502	Triggered	6,47,48,49,50,51,	 NoSound	40	2	228799502
228799703	Triggered	6,47,48,49,50,51,	 File_beep3	40	2	228799703
228813873	Triggered	1,14,15,16,17,18,19,20,21,22,	 NoSound	40	2	228813873
228814087	Triggered	1,14,15,16,17,18,19,20,21,22,	 PureTone-1kHz	40	2	228814087
228817749	Triggered	6,47,48,49,50,51,	 NoSound	40	2	228817749
228817950	Triggered	6,47,48,49,50,51,	 File_beep3	40	2	228817950
228828979	Triggered	1,14,15,16,17,18,19,20,21,22,	 NoSound	40	2	228828979
228829180	Triggered	1,14,15,16,17,18,19,20,21,22,	 StopSoundShort	40	2	228829180
228849371	Triggered	5,23,24,25,26,27,28,29,30,31,	 NoSound	40	2	228849371
228854845	Triggered	2,37,38,39,40,41,	 NoSound	40	2	228854845
228855047	Triggered	2,37,38,39,40,41,	 File_beep1	40	2	228855047
228862532	Triggered	5,23,24,25,26,27,28,29,30,31,	 NoSound	40	2	228862532
228870620	Triggered	8,52,53,54,55,56,	 NoSound	40	2	228870620
228870822	Triggered	8,52,53,54,55,56,	 File_beep3	40	2	228870822
228883789	Triggered	5,23,24,25,26,27,28,29,30,31,	 NoSound	40	2	228883789
228890672	Triggered	2,37,38,39,40,41,	 NoSound	40	2	228890672
228890873	Triggered	2,37,38,39,40,41,	 File_beep1	40	2	228890873
228898237	Triggered	5,23,24,25,26,27,28,29,30,31,	 NoSound	40	2	228898237
228904377	Triggered	2,37,38,39,40,41,	 NoSound	40	2	228904377
228904578	Triggered	2,37,38,39,40,41,	 File_beep1	40	2	228904578
228913067	Triggered	5,23,24,25,26,27,28,29,30,31,	 NoSound	40	2	228913067
228913268	Triggered	5,23,24,25,26,27,28,29,30,31,	 PureTone-1kHz	40	2	228913268
228919482	Triggered	8,52,53,54,55,56,	 NoSound	40	2	228919482
228919684	Triggered	8,52,53,54,55,56,	 File_beep3	40	2	228919684
228930317	Triggered	5,23,24,25,26,27,28,29,30,31,	 NoSound	40	2	228930317
228930518	Triggered	5,23,24,25,26,27,28,29,30,31,	 StopSoundLong	40	2	228930518
228954172	Triggered	1,14,15,16,17,18,19,20,21,22,	 NoSound	40	2	228954172
228959318	Triggered	6,47,48,49,50,51,	 NoSound	40	2	228959318
228959520	Triggered	6,47,48,49,50,51,	 File_beep3	40	2	228959520
228979173	Triggered	1,14,15,16,17,18,19,20,21,22,	 NoSound	40	2	228979173
228982579	Triggered	6,47,48,49,50,51,	 NoSound	40	2	228982579
228982780	Triggered	6,47,48,49,50,51,	 File_beep3	40	2	228982780
229012390	Triggered	1,14,15,16,17,18,19,20,21,22,	 NoSound	40	2	229012390
229016668	Triggered	4,42,43,44,45,46,	 NoSound	40	2	229016668
229016870	Triggered	4,42,43,44,45,46,	 File_beep2	40	2	229016870
229027162	Triggered	1,14,15,16,17,18,19,20,21,22,	 NoSound	40	2	229027162
229032976	Triggered	6,47,48,49,50,51,	 NoSound	40	2	229032976
229033178	Triggered	6,47,48,49,50,51,	 File_beep3	40	2	229033178
229201082	Triggered	1,14,15,16,17,18,19,20,21,22,	 NoSound	40	2	229201082
229201287	Triggered	1,14,15,16,17,18,19,20,21,22,	 PureTone-9kHz	40	2	229201287
229206696	Triggered	4,42,43,44,45,46,	 NoSound	40	2	229206696
229206898	Triggered	4,42,43,44,45,46,	 File_beep2	40	2	229206898
229215791	Triggered	1,14,15,16,17,18,19,20,21,22,	 NoSound	40	2	229215791
229215994	Triggered	1,14,15,16,17,18,19,20,21,22,	 PureTone-7kHz	40	2	229215994
229220132	Triggered	6,47,48,49,50,51,	 NoSound	40	2	229220132
229220334	Triggered	6,47,48,49,50,51,	 File_beep3	40	2	229220334
229241187	Triggered	1,14,15,16,17,18,19,20,21,22,	 NoSound	40	2	229241187
229241389	Triggered	1,14,15,16,17,18,19,20,21,22,	 PureTone-5kHz	40	2	229241389
229245131	Triggered	6,47,48,49,50,51,	 NoSound	40	2	229245131
229245333	Triggered	6,47,48,49,50,51,	 File_beep3	40	2	229245333
229736545	Triggered	1,14,15,16,17,18,19,20,21,22,	 NoSound	40	2	229736545
229736759	Triggered	1,14,15,16,17,18,19,20,21,22,	 PureTone-3kHz	40	2	229736759
229741958	Triggered	6,47,48,49,50,51,	 NoSound	40	2	229741958
229742160	Triggered	6,47,48,49,50,51,	 File_beep3	40	2	229742160
229759204	Triggered	1,14,15,16,17,18,19,20,21,22,	 NoSound	40	2	229759204
229759405	Triggered	1,14,15,16,17,18,19,20,21,22,	 PureTone-2kHz	40	2	229759405
229763950	Triggered	6,47,48,49,50,51,	 NoSound	40	2	229763950
229764152	Triggered	6,47,48,49,50,51,	 File_beep3	40	2	229764152
229796768	Triggered	1,14,15,16,17,18,19,20,21,22,	 NoSound	40	2	229796768
229796969	Triggered	1,14,15,16,17,18,19,20,21,22,	 PureTone-1kHz	40	2	229796969
229800712	Triggered	6,47,48,49,50,51,	 NoSound	40	2	229800712
229800914	Triggered	6,47,48,49,50,51,	 File_beep3	40	2	229800914
229859332	Triggered	1,14,15,16,17,18,19,20,21,22,	 NoSound	40	2	229859332
229859533	Triggered	1,14,15,16,17,18,19,20,21,22,	 StopSoundShort	40	2	229859533
229869625	Triggered	5,23,24,25,26,27,28,29,30,31,	 NoSound	40	2	229869625
229873768	Triggered	8,52,53,54,55,56,	 NoSound	40	2	229873768
229873969	Triggered	8,52,53,54,55,56,	 File_beep1	40	2	229873969
229883794	Triggered	5,23,24,25,26,27,28,29,30,31,	 NoSound	40	2	229883794
229887271	Triggered	8,52,53,54,55,56,	 NoSound	40	2	229887271
229887473	Triggered	8,52,53,54,55,56,	 File_beep1	40	2	229887473
229907528	Triggered	5,23,24,25,26,27,28,29,30,31,	 NoSound	40	2	229907528
229911200	Triggered	2,37,38,39,40,41,	 NoSound	40	2	229911200
229911402	Triggered	2,37,38,39,40,41,	 File_beep2	40	2	229911402
229920424	Triggered	5,23,24,25,26,27,28,29,30,31,	 NoSound	40	2	229920424
229923699	Triggered	2,37,38,39,40,41,	 NoSound	40	2	229923699
229923900	Triggered	2,37,38,39,40,41,	 File_beep2	40	2	229923900
229935462	Triggered	5,23,24,25,26,27,28,29,30,31,	 NoSound	40	2	229935462
229935664	Triggered	5,23,24,25,26,27,28,29,30,31,	 PureTone-1kHz	40	2	229935664
229939141	Triggered	8,52,53,54,55,56,	 NoSound	40	2	229939141
229939341	Triggered	8,52,53,54,55,56,	 File_beep1	40	2	229939341
229951371	Triggered	5,23,24,25,26,27,28,29,30,31,	 NoSound	40	2	229951371
229951572	Triggered	5,23,24,25,26,27,28,29,30,31,	 StopSoundLong	40	2	229951572
229962334	Triggered	1,14,15,16,17,18,19,20,21,22,	 NoSound	40	2	229962334
229965608	Triggered	4,42,43,44,45,46,	 NoSound	40	2	229965608
229965808	Triggered	4,42,43,44,45,46,	 File_beep1	40	2	229965808
229975707	Triggered	1,14,15,16,17,18,19,20,21,22,	 NoSound	40	2	229975707
229979044	Triggered	6,47,48,49,50,51,	 NoSound	40	2	229979044
229979247	Triggered	6,47,48,49,50,51,	 File_beep2	40	2	229979247
229996222	Triggered	1,14,15,16,17,18,19,20,21,22,	 NoSound	40	2	229996222
230000498	Triggered	6,47,48,49,50,51,	 NoSound	40	2	230000498
230000700	Triggered	6,47,48,49,50,51,	 File_beep2	40	2	230000700
230016087	Triggered	1,14,15,16,17,18,19,20,21,22,	 NoSound	40	2	230016087
230019816	Triggered	4,42,43,44,45,46,	 NoSound	40	2	230019816
230020017	Triggered	4,42,43,44,45,46,	 File_beep1	40	2	230020017
230031313	Triggered	1,14,15,16,17,18,19,20,21,22,	 NoSound	40	2	230031313
230031516	Triggered	1,14,15,16,17,18,19,20,21,22,	 PureTone-9kHz	40	2	230031516
230034656	Triggered	6,47,48,49,50,51,	 NoSound	40	2	230034656
230034857	Triggered	6,47,48,49,50,51,	 File_beep2	40	2	230034857
230076497	Triggered	1,14,15,16,17,18,19,20,21,22,	 NoSound	40	2	230076497
230076701	Triggered	1,14,15,16,17,18,19,20,21,22,	 PureTone-7kHz	40	2	230076701
230079907	Triggered	6,47,48,49,50,51,	 NoSound	40	2	230079907
230080108	Triggered	6,47,48,49,50,51,	 File_beep2	40	2	230080108
230104236	Triggered	1,14,15,16,17,18,19,20,21,22,	 NoSound	40	2	230104236
230104450	Triggered	1,14,15,16,17,18,19,20,21,22,	 PureTone-5kHz	40	2	230104450
230107580	Triggered	6,47,48,49,50,51,	 NoSound	40	2	230107580
230107782	Triggered	6,47,48,49,50,51,	 File_beep2	40	2	230107782
230119543	Triggered	1,14,15,16,17,18,19,20,21,22,	 NoSound	40	2	230119543
230119745	Triggered	1,14,15,16,17,18,19,20,21,22,	 PureTone-3kHz	40	2	230119745
230122818	Triggered	6,47,48,49,50,51,	 NoSound	40	2	230122818
230123020	Triggered	6,47,48,49,50,51,	 File_beep2	40	2	230123020
230133513	Triggered	1,14,15,16,17,18,19,20,21,22,	 NoSound	40	2	230133513
230133715	Triggered	1,14,15,16,17,18,19,20,21,22,	 PureTone-2kHz	40	2	230133715
230136863	Triggered	6,47,48,49,50,51,	 NoSound	40	2	230136863
230137064	Triggered	6,47,48,49,50,51,	 File_beep2	40	2	230137064
230147684	Triggered	1,14,15,16,17,18,19,20,21,22,	 NoSound	40	2	230147684
230147885	Triggered	1,14,15,16,17,18,19,20,21,22,	 PureTone-1kHz	40	2	230147885
230151294	Triggered	6,47,48,49,50,51,	 NoSound	40	2	230151294
230151496	Triggered	6,47,48,49,50,51,	 File_beep2	40	2	230151496
230165329	Triggered	1,14,15,16,17,18,19,20,21,22,	 NoSound	40	2	230165329
230165529	Triggered	1,14,15,16,17,18,19,20,21,22,	 StopSoundShort	40	2	230165529
230184981	Triggered	5,23,24,25,26,27,28,29,30,31,	 NoSound	40	2	230184981
230187655	Triggered	2,37,38,39,40,41,	 NoSound	40	2	230187655
230187857	Triggered	2,37,38,39,40,41,	 File_beep3	40	2	230187857
230202091	Triggered	5,23,24,25,26,27,28,29,30,31,	 NoSound	40	2	230202091
230204965	Triggered	2,37,38,39,40,41,	 NoSound	40	2	230204965
230205179	Triggered	2,37,38,39,40,41,	 File_beep3	40	2	230205179
230219536	Triggered	5,23,24,25,26,27,28,29,30,31,	 NoSound	40	2	230219536
230223547	Triggered	8,52,53,54,55,56,	 NoSound	40	2	230223547
230223760	Triggered	8,52,53,54,55,56,	 File_beep1	40	2	230223760
230232504	Triggered	5,23,24,25,26,27,28,29,30,31,	 NoSound	40	2	230232504
230235779	Triggered	2,37,38,39,40,41,	 NoSound	40	2	230235779
230235980	Triggered	2,37,38,39,40,41,	 File_beep3	40	2	230235980
230251690	Triggered	5,23,24,25,26,27,28,29,30,31,	 NoSound	40	2	230251690
230251892	Triggered	5,23,24,25,26,27,28,29,30,31,	 PureTone-1kHz	40	2	230251892
230254828	Triggered	2,37,38,39,40,41,	 NoSound	40	2	230254828
230255030	Triggered	2,37,38,39,40,41,	 File_beep3	40	2	230255030
230269668	Triggered	5,23,24,25,26,27,28,29,30,31,	 NoSound	40	2	230269668
230269870	Triggered	5,23,24,25,26,27,28,29,30,31,	 StopSoundLong	40	2	230269870
230292261	Triggered	1,14,15,16,17,18,19,20,21,22,	 NoSound	40	2	230292261
230295335	Triggered	6,47,48,49,50,51,	 NoSound	40	2	230295335
230295536	Triggered	6,47,48,49,50,51,	 File_beep2	40	2	230295536
230306097	Triggered	1,14,15,16,17,18,19,20,21,22,	 NoSound	40	2	230306097
230309772	Triggered	4,42,43,44,45,46,	 NoSound	40	2	230309772
230309973	Triggered	4,42,43,44,45,46,	 File_beep3	40	2	230309973
230322340	Triggered	1,14,15,16,17,18,19,20,21,22,	 NoSound	40	2	230322340
230325748	Triggered	6,47,48,49,50,51,	 NoSound	40	2	230325748
230325949	Triggered	6,47,48,49,50,51,	 File_beep2	40	2	230325949
230347538	Triggered	1,14,15,16,17,18,19,20,21,22,	 NoSound	40	2	230347538
230351292	Triggered	6,47,48,49,50,51,	 NoSound	40	2	230351292
230351494	Triggered	6,47,48,49,50,51,	 File_beep2	40	2	230351494
