Ver1.3	153331752	StartFile	10/14/2020	1:49:18 PM	E:\BehavioralExperiments\Twenty\Horizon\RawData\101420\SoundData.txt	153331752
153647243	Triggered	5,23,24,25,26,27,28,29,30,31,	 NoSound	40	2	153647243
153647444	Triggered	5,23,24,25,26,27,28,29,30,31,	 StopSoundShort	40	2	153647444
153668772	Triggered	6,47,48,49,50,51,	 NoSound	40	2	153668772
153668975	Triggered	6,47,48,49,50,51,	 File_beep5	40	2	153668975
153695769	Triggered	1,14,15,16,17,18,19,20,21,22,	 NoSound	40	2	153695769
153699779	Triggered	6,47,48,49,50,51,	 NoSound	40	2	153699779
153699998	Triggered	6,47,48,49,50,51,	 File_beep5	40	2	153699998
153718899	Triggered	1,14,15,16,17,18,19,20,21,22,	 NoSound	40	2	153718899
153722840	Triggered	6,47,48,49,50,51,	 NoSound	40	2	153722840
153723042	Triggered	6,47,48,49,50,51,	 File_beep5	40	2	153723042
153743498	Triggered	1,14,15,16,17,18,19,20,21,22,	 NoSound	40	2	153743498
153743703	Triggered	1,14,15,16,17,18,19,20,21,22,	 PureTone-11kHz	40	2	153743703
153747237	Triggered	6,47,48,49,50,51,	 NoSound	40	2	153747237
153747439	Triggered	6,47,48,49,50,51,	 File_beep5	40	2	153747439
153774508	Triggered	1,14,15,16,17,18,19,20,21,22,	 NoSound	40	2	153774508
153774711	Triggered	1,14,15,16,17,18,19,20,21,22,	 PureTone-11kHz	40	2	153774711
153778652	Triggered	6,47,48,49,50,51,	 NoSound	40	2	153778652
153778855	Triggered	6,47,48,49,50,51,	 File_beep5	40	2	153778855
153791285	Triggered	1,14,15,16,17,18,19,20,21,22,	 NoSound	40	2	153791285
153791488	Triggered	1,14,15,16,17,18,19,20,21,22,	 PureTone-11kHz	40	2	153791488
153795028	Triggered	6,47,48,49,50,51,	 NoSound	40	2	153795028
153795231	Triggered	6,47,48,49,50,51,	 File_beep5	40	2	153795231
153810002	Triggered	1,14,15,16,17,18,19,20,21,22,	 NoSound	40	2	153810002
153810205	Triggered	1,14,15,16,17,18,19,20,21,22,	 PureTone-11kHz	40	2	153810205
153813744	Triggered	6,47,48,49,50,51,	 NoSound	40	2	153813744
153813947	Triggered	6,47,48,49,50,51,	 File_beep5	40	2	153813947
153848235	Triggered	1,14,15,16,17,18,19,20,21,22,	 NoSound	40	2	153848235
153848438	Triggered	1,14,15,16,17,18,19,20,21,22,	 PureTone-11kHz	40	2	153848438
153852177	Triggered	4,42,43,44,45,46,	 NoSound	40	2	153852177
153852379	Triggered	4,42,43,44,45,46,	 File_beep5	40	2	153852379
153866347	Triggered	1,14,15,16,17,18,19,20,21,22,	 NoSound	40	2	153866347
153866550	Triggered	1,14,15,16,17,18,19,20,21,22,	 PureTone-11kHz	40	2	153866550
153869355	Triggered	6,47,48,49,50,51,	 NoSound	40	2	153869355
153869559	Triggered	6,47,48,49,50,51,	 File_beep5	40	2	153869559
153884327	Triggered	1,14,15,16,17,18,19,20,21,22,	 NoSound	40	2	153884327
153884530	Triggered	1,14,15,16,17,18,19,20,21,22,	 PureTone-11kHz	40	2	153884530
153887268	Triggered	6,47,48,49,50,51,	 NoSound	40	2	153887268
153887471	Triggered	6,47,48,49,50,51,	 File_beep5	40	2	153887471
153898899	Triggered	1,14,15,16,17,18,19,20,21,22,	 NoSound	40	2	153898899
153899101	Triggered	1,14,15,16,17,18,19,20,21,22,	 PureTone-11kHz	40	2	153899101
153902040	Triggered	6,47,48,49,50,51,	 NoSound	40	2	153902040
153902242	Triggered	6,47,48,49,50,51,	 File_beep5	40	2	153902242
153917213	Triggered	1,14,15,16,17,18,19,20,21,22,	 NoSound	40	2	153917213
153917416	Triggered	1,14,15,16,17,18,19,20,21,22,	 PureTone-11kHz	40	2	153917416
153920222	Triggered	6,47,48,49,50,51,	 NoSound	40	2	153920222
153920425	Triggered	6,47,48,49,50,51,	 File_beep5	40	2	153920425
153933588	Triggered	1,14,15,16,17,18,19,20,21,22,	 NoSound	40	2	153933588
153933793	Triggered	1,14,15,16,17,18,19,20,21,22,	 PureTone-9kHz	40	2	153933793
153936598	Triggered	6,47,48,49,50,51,	 NoSound	40	2	153936598
153936799	Triggered	6,47,48,49,50,51,	 File_beep5	40	2	153936799
153949096	Triggered	1,14,15,16,17,18,19,20,21,22,	 NoSound	40	2	153949096
153949299	Triggered	1,14,15,16,17,18,19,20,21,22,	 PureTone-7kHz	40	2	153949299
153952439	Triggered	6,47,48,49,50,51,	 NoSound	40	2	153952439
153952641	Triggered	6,47,48,49,50,51,	 File_beep5	40	2	153952641
153967344	Triggered	1,14,15,16,17,18,19,20,21,22,	 NoSound	40	2	153967344
153967545	Triggered	1,14,15,16,17,18,19,20,21,22,	 PureTone-5kHz	40	2	153967545
153970552	Triggered	6,47,48,49,50,51,	 NoSound	40	2	153970552
153970756	Triggered	6,47,48,49,50,51,	 File_beep5	40	2	153970756
153994551	Triggered	1,14,15,16,17,18,19,20,21,22,	 NoSound	40	2	153994551
153994754	Triggered	1,14,15,16,17,18,19,20,21,22,	 PureTone-3kHz	40	2	153994754
153997758	Triggered	6,47,48,49,50,51,	 NoSound	40	2	153997758
153997960	Triggered	6,47,48,49,50,51,	 File_beep5	40	2	153997960
154010189	Triggered	1,14,15,16,17,18,19,20,21,22,	 NoSound	40	2	154010189
154010392	Triggered	1,14,15,16,17,18,19,20,21,22,	 PureTone-2kHz	40	2	154010392
154013532	Triggered	6,47,48,49,50,51,	 NoSound	40	2	154013532
154013734	Triggered	6,47,48,49,50,51,	 File_beep5	40	2	154013734
154027568	Triggered	1,14,15,16,17,18,19,20,21,22,	 NoSound	40	2	154027568
154027783	Triggered	1,14,15,16,17,18,19,20,21,22,	 PureTone-1kHz	40	2	154027783
154031185	Triggered	4,42,43,44,45,46,	 NoSound	40	2	154031185
154031388	Triggered	4,42,43,44,45,46,	 File_beep5	40	2	154031388
154046818	Triggered	1,14,15,16,17,18,19,20,21,22,	 NoSound	40	2	154046818
154047019	Triggered	1,14,15,16,17,18,19,20,21,22,	 StopSoundShort	40	2	154047019
154059985	Triggered	5,23,24,25,26,27,28,29,30,31,	 NoSound	40	2	154059985
154063929	Triggered	2,37,38,39,40,41,	 NoSound	40	2	154063929
154064131	Triggered	2,37,38,39,40,41,	 File_beep2	40	2	154064131
154073754	Triggered	5,23,24,25,26,27,28,29,30,31,	 NoSound	40	2	154073754
154077831	Triggered	2,37,38,39,40,41,	 NoSound	40	2	154077831
154078033	Triggered	2,37,38,39,40,41,	 File_beep2	40	2	154078033
154085050	Triggered	5,23,24,25,26,27,28,29,30,31,	 NoSound	40	2	154085050
154089062	Triggered	2,37,38,39,40,41,	 NoSound	40	2	154089062
154089263	Triggered	2,37,38,39,40,41,	 File_beep2	40	2	154089263
154097350	Triggered	5,23,24,25,26,27,28,29,30,31,	 NoSound	40	2	154097350
154097567	Triggered	5,23,24,25,26,27,28,29,30,31,	 PureTone-11kHz	40	2	154097567
154101227	Triggered	8,52,53,54,55,56,	 NoSound	40	2	154101227
154101429	Triggered	8,52,53,54,55,56,	 File_beep4	40	2	154101429
154111788	Triggered	5,23,24,25,26,27,28,29,30,31,	 NoSound	40	2	154111788
154111993	Triggered	5,23,24,25,26,27,28,29,30,31,	 PureTone-11kHz	40	2	154111993
154133184	Triggered	8,52,53,54,55,56,	 NoSound	40	2	154133184
154133388	Triggered	8,52,53,54,55,56,	 File_beep4	40	2	154133388
154145074	Triggered	5,23,24,25,26,27,28,29,30,31,	 NoSound	40	2	154145074
154145278	Triggered	5,23,24,25,26,27,28,29,30,31,	 PureTone-11kHz	40	2	154145278
154148616	Triggered	8,52,53,54,55,56,	 NoSound	40	2	154148616
154148819	Triggered	8,52,53,54,55,56,	 File_beep4	40	2	154148819
154158643	Triggered	5,23,24,25,26,27,28,29,30,31,	 NoSound	40	2	154158643
154158847	Triggered	5,23,24,25,26,27,28,29,30,31,	 PureTone-11kHz	40	2	154158847
154162394	Triggered	8,52,53,54,55,56,	 NoSound	40	2	154162394
154162603	Triggered	8,52,53,54,55,56,	 File_beep4	40	2	154162603
154174817	Triggered	5,23,24,25,26,27,28,29,30,31,	 NoSound	40	2	154174817
154175022	Triggered	5,23,24,25,26,27,28,29,30,31,	 PureTone-11kHz	40	2	154175022
154178429	Triggered	8,52,53,54,55,56,	 NoSound	40	2	154178429
154178630	Triggered	8,52,53,54,55,56,	 File_beep4	40	2	154178630
154189523	Triggered	5,23,24,25,26,27,28,29,30,31,	 NoSound	40	2	154189523
154189726	Triggered	5,23,24,25,26,27,28,29,30,31,	 PureTone-11kHz	40	2	154189726
154192932	Triggered	8,52,53,54,55,56,	 NoSound	40	2	154192932
154193134	Triggered	8,52,53,54,55,56,	 File_beep4	40	2	154193134
154203893	Triggered	5,23,24,25,26,27,28,29,30,31,	 NoSound	40	2	154203893
154204096	Triggered	5,23,24,25,26,27,28,29,30,31,	 PureTone-11kHz	40	2	154204096
154207303	Triggered	8,52,53,54,55,56,	 NoSound	40	2	154207303
154207506	Triggered	8,52,53,54,55,56,	 File_beep4	40	2	154207506
154217330	Triggered	5,23,24,25,26,27,28,29,30,31,	 NoSound	40	2	154217330
154217532	Triggered	5,23,24,25,26,27,28,29,30,31,	 PureTone-11kHz	40	2	154217532
154220871	Triggered	8,52,53,54,55,56,	 NoSound	40	2	154220871
154221074	Triggered	8,52,53,54,55,56,	 File_beep4	40	2	154221074
154231366	Triggered	5,23,24,25,26,27,28,29,30,31,	 NoSound	40	2	154231366
154231569	Triggered	5,23,24,25,26,27,28,29,30,31,	 PureTone-11kHz	40	2	154231569
154235375	Triggered	8,52,53,54,55,56,	 NoSound	40	2	154235375
154235578	Triggered	8,52,53,54,55,56,	 File_beep4	40	2	154235578
154246672	Triggered	5,23,24,25,26,27,28,29,30,31,	 NoSound	40	2	154246672
154246875	Triggered	5,23,24,25,26,27,28,29,30,31,	 PureTone-9kHz	40	2	154246875
154250281	Triggered	8,52,53,54,55,56,	 NoSound	40	2	154250281
154250484	Triggered	8,52,53,54,55,56,	 File_beep4	40	2	154250484
154260373	Triggered	5,23,24,25,26,27,28,29,30,31,	 NoSound	40	2	154260373
154260589	Triggered	5,23,24,25,26,27,28,29,30,31,	 PureTone-7kHz	40	2	154260589
154264118	Triggered	8,52,53,54,55,56,	 NoSound	40	2	154264118
154264321	Triggered	8,52,53,54,55,56,	 File_beep4	40	2	154264321
154274746	Triggered	5,23,24,25,26,27,28,29,30,31,	 NoSound	40	2	154274746
154274949	Triggered	5,23,24,25,26,27,28,29,30,31,	 PureTone-5kHz	40	2	154274949
154279492	Triggered	8,52,53,54,55,56,	 NoSound	40	2	154279492
154279694	Triggered	8,52,53,54,55,56,	 File_beep4	40	2	154279694
154289717	Triggered	5,23,24,25,26,27,28,29,30,31,	 NoSound	40	2	154289717
154289919	Triggered	5,23,24,25,26,27,28,29,30,31,	 PureTone-3kHz	40	2	154289919
154293326	Triggered	8,52,53,54,55,56,	 NoSound	40	2	154293326
154293527	Triggered	8,52,53,54,55,56,	 File_beep4	40	2	154293527
154305025	Triggered	5,23,24,25,26,27,28,29,30,31,	 NoSound	40	2	154305025
154305228	Triggered	5,23,24,25,26,27,28,29,30,31,	 PureTone-2kHz	40	2	154305228
154308308	Triggered	8,52,53,54,55,56,	 NoSound	40	2	154308308
154308510	Triggered	8,52,53,54,55,56,	 File_beep4	40	2	154308510
154319461	Triggered	5,23,24,25,26,27,28,29,30,31,	 NoSound	40	2	154319461
154319663	Triggered	5,23,24,25,26,27,28,29,30,31,	 PureTone-1kHz	40	2	154319663
154323138	Triggered	8,52,53,54,55,56,	 NoSound	40	2	154323138
154323339	Triggered	8,52,53,54,55,56,	 File_beep4	40	2	154323339
154333765	Triggered	5,23,24,25,26,27,28,29,30,31,	 NoSound	40	2	154333765
154333966	Triggered	5,23,24,25,26,27,28,29,30,31,	 StopSoundShort	40	2	154333966
154348069	Triggered	1,14,15,16,17,18,19,20,21,22,	 NoSound	40	2	154348069
154351077	Triggered	6,47,48,49,50,51,	 NoSound	40	2	154351077
154351278	Triggered	6,47,48,49,50,51,	 File_beep3	40	2	154351278
154363324	Triggered	1,14,15,16,17,18,19,20,21,22,	 NoSound	40	2	154363324
154366450	Triggered	6,47,48,49,50,51,	 NoSound	40	2	154366450
154366652	Triggered	6,47,48,49,50,51,	 File_beep3	40	2	154366652
154396663	Triggered	1,14,15,16,17,18,19,20,21,22,	 NoSound	40	2	154396663
154400072	Triggered	6,47,48,49,50,51,	 NoSound	40	2	154400072
154400273	Triggered	6,47,48,49,50,51,	 File_beep3	40	2	154400273
154412236	Triggered	1,14,15,16,17,18,19,20,21,22,	 NoSound	40	2	154412236
154412455	Triggered	1,14,15,16,17,18,19,20,21,22,	 PureTone-11kHz	40	2	154412455
154416715	Triggered	4,42,43,44,45,46,	 NoSound	40	2	154416715
154422129	Triggered	1,14,15,16,17,18,19,20,21,22,	 NoSound	40	2	154422129
154422334	Triggered	1,14,15,16,17,18,19,20,21,22,	 PureTone-11kHz	40	2	154422334
154427477	Triggered	6,47,48,49,50,51,	 NoSound	40	2	154427477
154427680	Triggered	6,47,48,49,50,51,	 File_beep3	40	2	154427680
154437835	Triggered	1,14,15,16,17,18,19,20,21,22,	 NoSound	40	2	154437835
154438038	Triggered	1,14,15,16,17,18,19,20,21,22,	 PureTone-11kHz	40	2	154438038
154440911	Triggered	6,47,48,49,50,51,	 NoSound	40	2	154440911
154441113	Triggered	6,47,48,49,50,51,	 File_beep3	40	2	154441113
154451473	Triggered	1,14,15,16,17,18,19,20,21,22,	 NoSound	40	2	154451473
154451675	Triggered	1,14,15,16,17,18,19,20,21,22,	 PureTone-11kHz	40	2	154451675
154454622	Triggered	6,47,48,49,50,51,	 NoSound	40	2	154454622
154454824	Triggered	6,47,48,49,50,51,	 File_beep3	40	2	154454824
154466779	Triggered	1,14,15,16,17,18,19,20,21,22,	 NoSound	40	2	154466779
154466983	Triggered	1,14,15,16,17,18,19,20,21,22,	 PureTone-11kHz	40	2	154466983
154469921	Triggered	6,47,48,49,50,51,	 NoSound	40	2	154469921
154470122	Triggered	6,47,48,49,50,51,	 File_beep3	40	2	154470122
154480146	Triggered	1,14,15,16,17,18,19,20,21,22,	 NoSound	40	2	154480146
154480349	Triggered	1,14,15,16,17,18,19,20,21,22,	 PureTone-11kHz	40	2	154480349
154483624	Triggered	6,47,48,49,50,51,	 NoSound	40	2	154483624
154483825	Triggered	6,47,48,49,50,51,	 File_beep3	40	2	154483825
154500734	Triggered	1,14,15,16,17,18,19,20,21,22,	 NoSound	40	2	154500734
154500950	Triggered	1,14,15,16,17,18,19,20,21,22,	 PureTone-11kHz	40	2	154500950
154504144	Triggered	6,47,48,49,50,51,	 NoSound	40	2	154504144
154504345	Triggered	6,47,48,49,50,51,	 File_beep3	40	2	154504345
154514102	Triggered	1,14,15,16,17,18,19,20,21,22,	 NoSound	40	2	154514102
154514305	Triggered	1,14,15,16,17,18,19,20,21,22,	 PureTone-11kHz	40	2	154514305
154518392	Triggered	4,42,43,44,45,46,	 NoSound	40	2	154518392
154529943	Triggered	1,14,15,16,17,18,19,20,21,22,	 NoSound	40	2	154529943
154530145	Triggered	1,14,15,16,17,18,19,20,21,22,	 PureTone-11kHz	40	2	154530145
154533620	Triggered	6,47,48,49,50,51,	 NoSound	40	2	154533620
154533821	Triggered	6,47,48,49,50,51,	 File_beep3	40	2	154533821
154546386	Triggered	1,14,15,16,17,18,19,20,21,22,	 NoSound	40	2	154546386
154546589	Triggered	1,14,15,16,17,18,19,20,21,22,	 PureTone-9kHz	40	2	154546589
154549594	Triggered	6,47,48,49,50,51,	 NoSound	40	2	154549594
154549796	Triggered	6,47,48,49,50,51,	 File_beep3	40	2	154549796
154558686	Triggered	1,14,15,16,17,18,19,20,21,22,	 NoSound	40	2	154558686
154558889	Triggered	1,14,15,16,17,18,19,20,21,22,	 PureTone-7kHz	40	2	154558889
154562227	Triggered	6,47,48,49,50,51,	 NoSound	40	2	154562227
154562429	Triggered	6,47,48,49,50,51,	 File_beep3	40	2	154562429
154572387	Triggered	1,14,15,16,17,18,19,20,21,22,	 NoSound	40	2	154572387
154572591	Triggered	1,14,15,16,17,18,19,20,21,22,	 PureTone-5kHz	40	2	154572591
154575995	Triggered	6,47,48,49,50,51,	 NoSound	40	2	154575995
154576197	Triggered	6,47,48,49,50,51,	 File_beep3	40	2	154576197
154597118	Triggered	1,14,15,16,17,18,19,20,21,22,	 NoSound	40	2	154597118
154597333	Triggered	1,14,15,16,17,18,19,20,21,22,	 PureTone-3kHz	40	2	154597333
154601196	Triggered	6,47,48,49,50,51,	 NoSound	40	2	154601196
154601398	Triggered	6,47,48,49,50,51,	 File_beep3	40	2	154601398
154611689	Triggered	1,14,15,16,17,18,19,20,21,22,	 NoSound	40	2	154611689
154611892	Triggered	1,14,15,16,17,18,19,20,21,22,	 PureTone-2kHz	40	2	154611892
154615097	Triggered	6,47,48,49,50,51,	 NoSound	40	2	154615097
154615299	Triggered	6,47,48,49,50,51,	 File_beep3	40	2	154615299
154627064	Triggered	1,14,15,16,17,18,19,20,21,22,	 NoSound	40	2	154627064
154627265	Triggered	1,14,15,16,17,18,19,20,21,22,	 PureTone-1kHz	40	2	154627265
154630741	Triggered	6,47,48,49,50,51,	 NoSound	40	2	154630741
154630943	Triggered	6,47,48,49,50,51,	 File_beep3	40	2	154630943
154642103	Triggered	1,14,15,16,17,18,19,20,21,22,	 NoSound	40	2	154642103
154642304	Triggered	1,14,15,16,17,18,19,20,21,22,	 StopSoundShort	40	2	154642304
154660751	Triggered	5,23,24,25,26,27,28,29,30,31,	 NoSound	40	2	154660751
154664696	Triggered	2,37,38,39,40,41,	 NoSound	40	2	154664696
154664898	Triggered	2,37,38,39,40,41,	 File_beep4	40	2	154664898
154676191	Triggered	5,23,24,25,26,27,28,29,30,31,	 NoSound	40	2	154676191
154680404	Triggered	2,37,38,39,40,41,	 NoSound	40	2	154680404
154680606	Triggered	2,37,38,39,40,41,	 File_beep4	40	2	154680606
154694036	Triggered	5,23,24,25,26,27,28,29,30,31,	 NoSound	40	2	154694036
154697921	Triggered	2,37,38,39,40,41,	 NoSound	40	2	154697921
154698123	Triggered	2,37,38,39,40,41,	 File_beep4	40	2	154698123
154709611	Triggered	5,23,24,25,26,27,28,29,30,31,	 NoSound	40	2	154709611
154709814	Triggered	5,23,24,25,26,27,28,29,30,31,	 PureTone-11kHz	40	2	154709814
154713287	Triggered	8,52,53,54,55,56,	 NoSound	40	2	154713287
154713490	Triggered	8,52,53,54,55,56,	 File_beep2	40	2	154713490
154722177	Triggered	5,23,24,25,26,27,28,29,30,31,	 NoSound	40	2	154722177
154722394	Triggered	5,23,24,25,26,27,28,29,30,31,	 PureTone-11kHz	40	2	154722394
154725920	Triggered	8,52,53,54,55,56,	 NoSound	40	2	154725920
154726121	Triggered	8,52,53,54,55,56,	 File_beep2	40	2	154726121
154736482	Triggered	5,23,24,25,26,27,28,29,30,31,	 NoSound	40	2	154736482
154736686	Triggered	5,23,24,25,26,27,28,29,30,31,	 PureTone-11kHz	40	2	154736686
154740559	Triggered	8,52,53,54,55,56,	 NoSound	40	2	154740559
154740761	Triggered	8,52,53,54,55,56,	 File_beep2	40	2	154740761
154766025	Triggered	5,23,24,25,26,27,28,29,30,31,	 NoSound	40	2	154766025
154766229	Triggered	5,23,24,25,26,27,28,29,30,31,	 PureTone-11kHz	40	2	154766229
154769769	Triggered	8,52,53,54,55,56,	 NoSound	40	2	154769769
154769971	Triggered	8,52,53,54,55,56,	 File_beep2	40	2	154769971
154781934	Triggered	5,23,24,25,26,27,28,29,30,31,	 NoSound	40	2	154781934
154782137	Triggered	5,23,24,25,26,27,28,29,30,31,	 PureTone-11kHz	40	2	154782137
154786411	Triggered	8,52,53,54,55,56,	 NoSound	40	2	154786411
154786613	Triggered	8,52,53,54,55,56,	 File_beep2	40	2	154786613
154797508	Triggered	5,23,24,25,26,27,28,29,30,31,	 NoSound	40	2	154797508
154797711	Triggered	5,23,24,25,26,27,28,29,30,31,	 PureTone-11kHz	40	2	154797711
154801584	Triggered	8,52,53,54,55,56,	 NoSound	40	2	154801584
154801784	Triggered	8,52,53,54,55,56,	 File_beep2	40	2	154801784
154813014	Triggered	5,23,24,25,26,27,28,29,30,31,	 NoSound	40	2	154813014
154813216	Triggered	5,23,24,25,26,27,28,29,30,31,	 PureTone-11kHz	40	2	154813216
154818766	Triggered	2,37,38,39,40,41,	 NoSound	40	2	154818766
154818968	Triggered	2,37,38,39,40,41,	 File_beep4	40	2	154818968
154832666	Triggered	5,23,24,25,26,27,28,29,30,31,	 NoSound	40	2	154832666
154832869	Triggered	5,23,24,25,26,27,28,29,30,31,	 PureTone-11kHz	40	2	154832869
154836276	Triggered	8,52,53,54,55,56,	 NoSound	40	2	154836276
154836477	Triggered	8,52,53,54,55,56,	 File_beep2	40	2	154836477
154845432	Triggered	5,23,24,25,26,27,28,29,30,31,	 NoSound	40	2	154845432
154845637	Triggered	5,23,24,25,26,27,28,29,30,31,	 PureTone-11kHz	40	2	154845637
154849843	Triggered	8,52,53,54,55,56,	 NoSound	40	2	154849843
154850057	Triggered	8,52,53,54,55,56,	 File_beep2	40	2	154850057
154860005	Triggered	5,23,24,25,26,27,28,29,30,31,	 NoSound	40	2	154860005
154860209	Triggered	5,23,24,25,26,27,28,29,30,31,	 PureTone-9kHz	40	2	154860209
154864349	Triggered	8,52,53,54,55,56,	 NoSound	40	2	154864349
154864550	Triggered	8,52,53,54,55,56,	 File_beep2	40	2	154864550
154874375	Triggered	5,23,24,25,26,27,28,29,30,31,	 NoSound	40	2	154874375
154874576	Triggered	5,23,24,25,26,27,28,29,30,31,	 PureTone-7kHz	40	2	154874576
154882395	Triggered	2,37,38,39,40,41,	 NoSound	40	2	154882395
154882612	Triggered	2,37,38,39,40,41,	 File_beep4	40	2	154882612
154895095	Triggered	5,23,24,25,26,27,28,29,30,31,	 NoSound	40	2	154895095
154895297	Triggered	5,23,24,25,26,27,28,29,30,31,	 PureTone-5kHz	40	2	154895297
154899105	Triggered	8,52,53,54,55,56,	 NoSound	40	2	154899105
154899307	Triggered	8,52,53,54,55,56,	 File_beep2	40	2	154899307
154909198	Triggered	5,23,24,25,26,27,28,29,30,31,	 NoSound	40	2	154909198
154909400	Triggered	5,23,24,25,26,27,28,29,30,31,	 PureTone-3kHz	40	2	154909400
154913275	Triggered	8,52,53,54,55,56,	 NoSound	40	2	154913275
154913477	Triggered	8,52,53,54,55,56,	 File_beep2	40	2	154913477
154922299	Triggered	5,23,24,25,26,27,28,29,30,31,	 NoSound	40	2	154922299
154922501	Triggered	5,23,24,25,26,27,28,29,30,31,	 PureTone-2kHz	40	2	154922501
154926777	Triggered	8,52,53,54,55,56,	 NoSound	40	2	154926777
154926977	Triggered	8,52,53,54,55,56,	 File_beep2	40	2	154926977
154938612	Triggered	5,23,24,25,26,27,28,29,30,31,	 NoSound	40	2	154938612
154938814	Triggered	5,23,24,25,26,27,28,29,30,31,	 PureTone-1kHz	40	2	154938814
154943421	Triggered	2,37,38,39,40,41,	 NoSound	40	2	154943421
154943623	Triggered	2,37,38,39,40,41,	 File_beep4	40	2	154943623
154955586	Triggered	5,23,24,25,26,27,28,29,30,31,	 NoSound	40	2	154955586
154955801	Triggered	5,23,24,25,26,27,28,29,30,31,	 StopSoundShort	40	2	154955801
154985998	Triggered	1,14,15,16,17,18,19,20,21,22,	 NoSound	40	2	154985998
154989676	Triggered	4,42,43,44,45,46,	 NoSound	40	2	154989676
154989877	Triggered	4,42,43,44,45,46,	 File_beep2	40	2	154989877
155012734	Triggered	1,14,15,16,17,18,19,20,21,22,	 NoSound	40	2	155012734
155017164	Triggered	4,42,43,44,45,46,	 NoSound	40	2	155017164
155017366	Triggered	4,42,43,44,45,46,	 File_beep2	40	2	155017366
155034592	Triggered	1,14,15,16,17,18,19,20,21,22,	 NoSound	40	2	155034592
155691503	Triggered	4,42,43,44,45,46,	 NoSound	40	2	155691503
155691705	Triggered	4,42,43,44,45,46,	 File_beep2	40	2	155691705
155713494	Triggered	1,14,15,16,17,18,19,20,21,22,	 NoSound	40	2	155713494
155713696	Triggered	1,14,15,16,17,18,19,20,21,22,	 PureTone-11kHz	40	2	155713696
155718841	Triggered	6,47,48,49,50,51,	 NoSound	40	2	155718841
155764158	Triggered	1,14,15,16,17,18,19,20,21,22,	 NoSound	40	2	155764158
155764362	Triggered	1,14,15,16,17,18,19,20,21,22,	 PureTone-11kHz	40	2	155764362
155768444	Triggered	6,47,48,49,50,51,	 NoSound	40	2	155768444
155775522	Triggered	1,14,15,16,17,18,19,20,21,22,	 NoSound	40	2	155775522
155775725	Triggered	1,14,15,16,17,18,19,20,21,22,	 PureTone-11kHz	40	2	155775725
155779734	Triggered	4,42,43,44,45,46,	 NoSound	40	2	155779734
155779935	Triggered	4,42,43,44,45,46,	 File_beep2	40	2	155779935
155791631	Triggered	1,14,15,16,17,18,19,20,21,22,	 NoSound	40	2	155791631
155791849	Triggered	1,14,15,16,17,18,19,20,21,22,	 PureTone-11kHz	40	2	155791849
155795709	Triggered	4,42,43,44,45,46,	 NoSound	40	2	155795709
155795910	Triggered	4,42,43,44,45,46,	 File_beep2	40	2	155795910
155810748	Triggered	1,14,15,16,17,18,19,20,21,22,	 NoSound	40	2	155810748
155810951	Triggered	1,14,15,16,17,18,19,20,21,22,	 PureTone-11kHz	40	2	155810951
155814824	Triggered	6,47,48,49,50,51,	 NoSound	40	2	155814824
155820713	Triggered	1,14,15,16,17,18,19,20,21,22,	 NoSound	40	2	155820713
155820917	Triggered	1,14,15,16,17,18,19,20,21,22,	 PureTone-11kHz	40	2	155820917
155824784	Triggered	4,42,43,44,45,46,	 NoSound	40	2	155824784
155824985	Triggered	4,42,43,44,45,46,	 File_beep2	40	2	155824985
155837086	Triggered	1,14,15,16,17,18,19,20,21,22,	 NoSound	40	2	155837086
155837289	Triggered	1,14,15,16,17,18,19,20,21,22,	 PureTone-11kHz	40	2	155837289
155842163	Triggered	6,47,48,49,50,51,	 NoSound	40	2	155842163
155846375	Triggered	1,14,15,16,17,18,19,20,21,22,	 NoSound	40	2	155846375
155846578	Triggered	1,14,15,16,17,18,19,20,21,22,	 PureTone-11kHz	40	2	155846578
155849984	Triggered	4,42,43,44,45,46,	 NoSound	40	2	155849984
155850196	Triggered	4,42,43,44,45,46,	 File_beep2	40	2	155850196
155861747	Triggered	1,14,15,16,17,18,19,20,21,22,	 NoSound	40	2	155861747
155861949	Triggered	1,14,15,16,17,18,19,20,21,22,	 PureTone-11kHz	40	2	155861949
155866626	Triggered	4,42,43,44,45,46,	 NoSound	40	2	155866626
155866826	Triggered	4,42,43,44,45,46,	 File_beep2	40	2	155866826
155880462	Triggered	1,14,15,16,17,18,19,20,21,22,	 NoSound	40	2	155880462
155880665	Triggered	1,14,15,16,17,18,19,20,21,22,	 PureTone-9kHz	40	2	155880665
155883937	Triggered	4,42,43,44,45,46,	 NoSound	40	2	155883937
155884138	Triggered	4,42,43,44,45,46,	 File_beep2	40	2	155884138
155900982	Triggered	1,14,15,16,17,18,19,20,21,22,	 NoSound	40	2	155900982
155901185	Triggered	1,14,15,16,17,18,19,20,21,22,	 PureTone-7kHz	40	2	155901185
155905127	Triggered	4,42,43,44,45,46,	 NoSound	40	2	155905127
155905329	Triggered	4,42,43,44,45,46,	 File_beep2	40	2	155905329
155934269	Triggered	1,14,15,16,17,18,19,20,21,22,	 NoSound	40	2	155934269
155934472	Triggered	1,14,15,16,17,18,19,20,21,22,	 PureTone-5kHz	40	2	155934472
155939282	Triggered	4,42,43,44,45,46,	 NoSound	40	2	155939282
155939483	Triggered	4,42,43,44,45,46,	 File_beep2	40	2	155939483
155953318	Triggered	1,14,15,16,17,18,19,20,21,22,	 NoSound	40	2	155953318
155953520	Triggered	1,14,15,16,17,18,19,20,21,22,	 PureTone-3kHz	40	2	155953520
155958332	Triggered	4,42,43,44,45,46,	 NoSound	40	2	155958332
155958533	Triggered	4,42,43,44,45,46,	 File_beep2	40	2	155958534
155973372	Triggered	1,14,15,16,17,18,19,20,21,22,	 NoSound	40	2	155973372
155973588	Triggered	1,14,15,16,17,18,19,20,21,22,	 PureTone-2kHz	40	2	155973588
155976848	Triggered	4,42,43,44,45,46,	 NoSound	40	2	155976848
155977049	Triggered	4,42,43,44,45,46,	 File_beep2	40	2	155977050
155992155	Triggered	1,14,15,16,17,18,19,20,21,22,	 NoSound	40	2	155992155
155992357	Triggered	1,14,15,16,17,18,19,20,21,22,	 PureTone-1kHz	40	2	155992357
155996899	Triggered	6,47,48,49,50,51,	 NoSound	40	2	155996899
156002522	Triggered	1,14,15,16,17,18,19,20,21,22,	 NoSound	40	2	156002522
156002722	Triggered	1,14,15,16,17,18,19,20,21,22,	 StopSoundShort	40	2	156002722
156039477	Triggered	5,23,24,25,26,27,28,29,30,31,	 NoSound	40	2	156039477
156042753	Triggered	8,52,53,54,55,56,	 NoSound	40	2	156042753
156051175	Triggered	5,23,24,25,26,27,28,29,30,31,	 NoSound	40	2	156051175
156055318	Triggered	8,52,53,54,55,56,	 NoSound	40	2	156055318
156075582	Triggered	5,23,24,25,26,27,28,29,30,31,	 NoSound	40	2	156075582
156079915	Triggered	8,52,53,54,55,56,	 NoSound	40	2	156079915
156088605	Triggered	5,23,24,25,26,27,28,29,30,31,	 NoSound	40	2	156088605
156088808	Triggered	5,23,24,25,26,27,28,29,30,31,	 PureTone-11kHz	40	2	156088808
156094694	Triggered	8,52,53,54,55,56,	 NoSound	40	2	156094694
156100441	Triggered	5,23,24,25,26,27,28,29,30,31,	 NoSound	40	2	156100441
156100643	Triggered	5,23,24,25,26,27,28,29,30,31,	 PureTone-11kHz	40	2	156100643
156104914	Triggered	2,37,38,39,40,41,	 NoSound	40	2	156104914
156105118	Triggered	2,37,38,39,40,41,	 File_beep5	40	2	156105118
156122160	Triggered	5,23,24,25,26,27,28,29,30,31,	 NoSound	40	2	156122160
156122364	Triggered	5,23,24,25,26,27,28,29,30,31,	 PureTone-11kHz	40	2	156122364
156126703	Triggered	2,37,38,39,40,41,	 NoSound	40	2	156126703
156126905	Triggered	2,37,38,39,40,41,	 File_beep5	40	2	156126905
156143215	Triggered	5,23,24,25,26,27,28,29,30,31,	 NoSound	40	2	156143215
156143419	Triggered	5,23,24,25,26,27,28,29,30,31,	 PureTone-11kHz	40	2	156143419
156147157	Triggered	2,37,38,39,40,41,	 NoSound	40	2	156147157
156147360	Triggered	2,37,38,39,40,41,	 File_beep5	40	2	156147360
156161327	Triggered	5,23,24,25,26,27,28,29,30,31,	 NoSound	40	2	156161327
156161532	Triggered	5,23,24,25,26,27,28,29,30,31,	 PureTone-11kHz	40	2	156161532
156165351	Triggered	2,37,38,39,40,41,	 NoSound	40	2	156165351
156165553	Triggered	2,37,38,39,40,41,	 File_beep5	40	2	156165553
156180110	Triggered	5,23,24,25,26,27,28,29,30,31,	 NoSound	40	2	156180110
156180316	Triggered	5,23,24,25,26,27,28,29,30,31,	 PureTone-11kHz	40	2	156180316
156183719	Triggered	2,37,38,39,40,41,	 NoSound	40	2	156183719
156183921	Triggered	2,37,38,39,40,41,	 File_beep5	40	2	156183921
156199092	Triggered	5,23,24,25,26,27,28,29,30,31,	 NoSound	40	2	156199092
156199309	Triggered	5,23,24,25,26,27,28,29,30,31,	 PureTone-11kHz	40	2	156199309
156203036	Triggered	2,37,38,39,40,41,	 NoSound	40	2	156203036
156203239	Triggered	2,37,38,39,40,41,	 File_beep5	40	2	156203239
156219612	Triggered	5,23,24,25,26,27,28,29,30,31,	 NoSound	40	2	156219612
156219818	Triggered	5,23,24,25,26,27,28,29,30,31,	 PureTone-11kHz	40	2	156219818
156225427	Triggered	2,37,38,39,40,41,	 NoSound	40	2	156225427
156225630	Triggered	2,37,38,39,40,41,	 File_beep5	40	2	156225630
156243007	Triggered	5,23,24,25,26,27,28,29,30,31,	 NoSound	40	2	156243007
156243212	Triggered	5,23,24,25,26,27,28,29,30,31,	 PureTone-11kHz	40	2	156243212
156246550	Triggered	2,37,38,39,40,41,	 NoSound	40	2	156246550
156246751	Triggered	2,37,38,39,40,41,	 File_beep5	40	2	156246751
156261388	Triggered	5,23,24,25,26,27,28,29,30,31,	 NoSound	40	2	156261388
156261591	Triggered	5,23,24,25,26,27,28,29,30,31,	 PureTone-9kHz	40	2	156261591
156265264	Triggered	2,37,38,39,40,41,	 NoSound	40	2	156265264
156265467	Triggered	2,37,38,39,40,41,	 File_beep5	40	2	156265467
156284782	Triggered	5,23,24,25,26,27,28,29,30,31,	 NoSound	40	2	156284782
156284987	Triggered	5,23,24,25,26,27,28,29,30,31,	 PureTone-7kHz	40	2	156284987
156289795	Triggered	2,37,38,39,40,41,	 NoSound	40	2	156289795
156289997	Triggered	2,37,38,39,40,41,	 File_beep5	40	2	156289997
156312120	Triggered	5,23,24,25,26,27,28,29,30,31,	 NoSound	40	2	156312120
156312323	Triggered	5,23,24,25,26,27,28,29,30,31,	 PureTone-5kHz	40	2	156312323
156317001	Triggered	2,37,38,39,40,41,	 NoSound	40	2	156317001
156317203	Triggered	2,37,38,39,40,41,	 File_beep5	40	2	156317203
156332454	Triggered	5,23,24,25,26,27,28,29,30,31,	 NoSound	40	2	156332454
156332655	Triggered	5,23,24,25,26,27,28,29,30,31,	 PureTone-3kHz	40	2	156332655
156336116	Triggered	2,37,38,39,40,41,	 NoSound	40	2	156336116
156336318	Triggered	2,37,38,39,40,41,	 File_beep5	40	2	156336318
156353696	Triggered	5,23,24,25,26,27,28,29,30,31,	 NoSound	40	2	156353696
156353899	Triggered	5,23,24,25,26,27,28,29,30,31,	 PureTone-2kHz	40	2	156353899
156358040	Triggered	2,37,38,39,40,41,	 NoSound	40	2	156358040
156358241	Triggered	2,37,38,39,40,41,	 File_beep5	40	2	156358241
156374690	Triggered	5,23,24,25,26,27,28,29,30,31,	 NoSound	40	2	156374690
156374892	Triggered	5,23,24,25,26,27,28,29,30,31,	 PureTone-1kHz	40	2	156374892
156379042	Triggered	2,37,38,39,40,41,	 NoSound	40	2	156379042
156379245	Triggered	2,37,38,39,40,41,	 File_beep5	40	2	156379245
156480292	Triggered	5,23,24,25,26,27,28,29,30,31,	 NoSound	40	2	156480292
156480493	Triggered	5,23,24,25,26,27,28,29,30,31,	 StopSoundShort	40	2	156480493
156513713	Triggered	1,14,15,16,17,18,19,20,21,22,	 NoSound	40	2	156513713
156522936	Triggered	6,47,48,49,50,51,	 NoSound	40	2	156522936
156523137	Triggered	6,47,48,49,50,51,	 File_beep1	40	2	156523137
156540181	Triggered	1,14,15,16,17,18,19,20,21,22,	 NoSound	40	2	156540181
156546864	Triggered	6,47,48,49,50,51,	 NoSound	40	2	156546864
156547065	Triggered	6,47,48,49,50,51,	 File_beep1	40	2	156547065
156565915	Triggered	1,14,15,16,17,18,19,20,21,22,	 NoSound	40	2	156565915
