Ver1.3	768130534	StartFile	4/6/2021	10:40:27 AM	E:\BehavioralExperiments\Twenty\Horizon\RawData\040621\SoundData.txt	768130534
768466750	Triggered	5,23,24,25,26,27,28,29,30,31,	 NoSound	40	2	768466750
768466952	Triggered	5,23,24,25,26,27,28,29,30,31,	 StopSoundLong	40	2	768466952
768478917	Triggered	1,14,15,16,17,18,19,20,21,22,	 NoSound	40	2	768478917
768479121	Triggered	1,14,15,16,17,18,19,20,21,22,	 PureTone-11kHz	40	2	768479121
768485269	Triggered	6,47,48,49,50,51,	 NoSound	40	2	768485269
768485470	Triggered	6,47,48,49,50,51,	 File_beep5	40	2	768485470
768497765	Triggered	1,14,15,16,17,18,19,20,21,22,	 NoSound	40	2	768497765
768497968	Triggered	1,14,15,16,17,18,19,20,21,22,	 PureTone-9kHz	40	2	768497968
768501509	Triggered	6,47,48,49,50,51,	 NoSound	40	2	768501509
768501725	Triggered	6,47,48,49,50,51,	 File_beep5	40	2	768501725
768515211	Triggered	1,14,15,16,17,18,19,20,21,22,	 NoSound	40	2	768515211
768515413	Triggered	1,14,15,16,17,18,19,20,21,22,	 PureTone-7kHz	40	2	768515413
768518553	Triggered	6,47,48,49,50,51,	 NoSound	40	2	768518553
768518755	Triggered	6,47,48,49,50,51,	 File_beep5	40	2	768518755
768531055	Triggered	1,14,15,16,17,18,19,20,21,22,	 NoSound	40	2	768531055
768531270	Triggered	1,14,15,16,17,18,19,20,21,22,	 PureTone-5kHz	40	2	768531270
768534261	Triggered	6,47,48,49,50,51,	 NoSound	40	2	768534261
768534463	Triggered	6,47,48,49,50,51,	 File_beep5	40	2	768534463
768548230	Triggered	1,14,15,16,17,18,19,20,21,22,	 NoSound	40	2	768548230
768548431	Triggered	1,14,15,16,17,18,19,20,21,22,	 PureTone-3kHz	40	2	768548431
768551439	Triggered	6,47,48,49,50,51,	 NoSound	40	2	768551439
768551640	Triggered	6,47,48,49,50,51,	 File_beep5	40	2	768551640
768564205	Triggered	1,14,15,16,17,18,19,20,21,22,	 NoSound	40	2	768564205
768564408	Triggered	1,14,15,16,17,18,19,20,21,22,	 PureTone-2kHz	40	2	768564408
768567882	Triggered	6,47,48,49,50,51,	 NoSound	40	2	768567882
768568083	Triggered	6,47,48,49,50,51,	 File_beep5	40	2	768568083
768582052	Triggered	1,14,15,16,17,18,19,20,21,22,	 NoSound	40	2	768582052
768582254	Triggered	1,14,15,16,17,18,19,20,21,22,	 PureTone-1kHz	40	2	768582254
768585060	Triggered	6,47,48,49,50,51,	 NoSound	40	2	768585060
768585262	Triggered	6,47,48,49,50,51,	 File_beep5	40	2	768585262
768598168	Triggered	1,14,15,16,17,18,19,20,21,22,	 NoSound	40	2	768598168
768598368	Triggered	1,14,15,16,17,18,19,20,21,22,	 StopSoundShort	40	2	768598368
768620218	Triggered	5,23,24,25,26,27,28,29,30,31,	 NoSound	40	2	768620218
768620433	Triggered	5,23,24,25,26,27,28,29,30,31,	 PureTone-2kHz	40	2	768620433
768623693	Triggered	8,52,53,54,55,56,	 NoSound	40	2	768623693
768623907	Triggered	8,52,53,54,55,56,	 File_beep4	40	2	768623907
768641541	Triggered	5,23,24,25,26,27,28,29,30,31,	 NoSound	40	2	768641541
768641743	Triggered	5,23,24,25,26,27,28,29,30,31,	 PureTone-1kHz	40	2	768641743
768644815	Triggered	8,52,53,54,55,56,	 NoSound	40	2	768644815
768645017	Triggered	8,52,53,54,55,56,	 File_beep4	40	2	768645017
768657649	Triggered	5,23,24,25,26,27,28,29,30,31,	 NoSound	40	2	768657649
768657850	Triggered	5,23,24,25,26,27,28,29,30,31,	 StopSoundLong	40	2	768657850
768676644	Triggered	1,14,15,16,17,18,19,20,21,22,	 NoSound	40	2	768676644
768676849	Triggered	1,14,15,16,17,18,19,20,21,22,	 PureTone-11kHz	40	2	768676849
768679706	Triggered	4,42,43,44,45,46,	 NoSound	40	2	768679706
768679907	Triggered	4,42,43,44,45,46,	 File_beep3	40	2	768679907
768688864	Triggered	1,14,15,16,17,18,19,20,21,22,	 NoSound	40	2	768688864
768689067	Triggered	1,14,15,16,17,18,19,20,21,22,	 PureTone-9kHz	40	2	768689067
768692339	Triggered	6,47,48,49,50,51,	 NoSound	40	2	768692339
768692554	Triggered	6,47,48,49,50,51,	 File_beep1	40	2	768692554
768698489	Triggered	1,14,15,16,17,18,19,20,21,22,	 NoSound	40	2	768698489
768698690	Triggered	1,14,15,16,17,18,19,20,21,22,	 PureTone-7kHz	40	2	768698690
768701363	Triggered	6,47,48,49,50,51,	 NoSound	40	2	768701363
768701564	Triggered	6,47,48,49,50,51,	 File_beep1	40	2	768701564
768714598	Triggered	1,14,15,16,17,18,19,20,21,22,	 NoSound	40	2	768714598
768714800	Triggered	1,14,15,16,17,18,19,20,21,22,	 PureTone-5kHz	40	2	768714800
768717538	Triggered	4,42,43,44,45,46,	 NoSound	40	2	768717538
768717740	Triggered	4,42,43,44,45,46,	 File_beep3	40	2	768717740
768726963	Triggered	1,14,15,16,17,18,19,20,21,22,	 NoSound	40	2	768726963
768727165	Triggered	1,14,15,16,17,18,19,20,21,22,	 PureTone-3kHz	40	2	768727165
768730037	Triggered	6,47,48,49,50,51,	 NoSound	40	2	768730037
768730238	Triggered	6,47,48,49,50,51,	 File_beep1	40	2	768730238
768735117	Triggered	1,14,15,16,17,18,19,20,21,22,	 NoSound	40	2	768735117
768735318	Triggered	1,14,15,16,17,18,19,20,21,22,	 PureTone-2kHz	40	2	768735318
768738132	Triggered	6,47,48,49,50,51,	 NoSound	40	2	768738132
768738333	Triggered	6,47,48,49,50,51,	 File_beep1	40	2	768738333
768744216	Triggered	1,14,15,16,17,18,19,20,21,22,	 NoSound	40	2	768744216
768744418	Triggered	1,14,15,16,17,18,19,20,21,22,	 PureTone-1kHz	40	2	768744418
768748552	Triggered	4,42,43,44,45,46,	 NoSound	40	2	768748552
768748753	Triggered	4,42,43,44,45,46,	 File_beep3	40	2	768748753
768763992	Triggered	1,14,15,16,17,18,19,20,21,22,	 NoSound	40	2	768763992
768764194	Triggered	1,14,15,16,17,18,19,20,21,22,	 StopSoundShort	40	2	768764194
768778965	Triggered	5,23,24,25,26,27,28,29,30,31,	 NoSound	40	2	768778965
768779169	Triggered	5,23,24,25,26,27,28,29,30,31,	 PureTone-2kHz	40	2	768779169
768781972	Triggered	8,52,53,54,55,56,	 NoSound	40	2	768781972
768782174	Triggered	8,52,53,54,55,56,	 File_beep5	40	2	768782174
768808508	Triggered	5,23,24,25,26,27,28,29,30,31,	 NoSound	40	2	768808508
768808710	Triggered	5,23,24,25,26,27,28,29,30,31,	 PureTone-1kHz	40	2	768808710
768813054	Triggered	8,52,53,54,55,56,	 NoSound	40	2	768813054
768813256	Triggered	8,52,53,54,55,56,	 File_beep5	40	2	768813256
768845068	Triggered	5,23,24,25,26,27,28,29,30,31,	 NoSound	40	2	768845068
768845269	Triggered	5,23,24,25,26,27,28,29,30,31,	 StopSoundLong	40	2	768845269
768859842	Triggered	1,14,15,16,17,18,19,20,21,22,	 NoSound	40	2	768859842
768860047	Triggered	1,14,15,16,17,18,19,20,21,22,	 PureTone-11kHz	40	2	768860047
768862716	Triggered	6,47,48,49,50,51,	 NoSound	40	2	768862716
768862918	Triggered	6,47,48,49,50,51,	 File_beep3	40	2	768862918
768870737	Triggered	1,14,15,16,17,18,19,20,21,22,	 NoSound	40	2	768870737
768870941	Triggered	1,14,15,16,17,18,19,20,21,22,	 PureTone-9kHz	40	2	768870941
768873544	Triggered	4,42,43,44,45,46,	 NoSound	40	2	768873544
768873746	Triggered	4,42,43,44,45,46,	 File_beep4	40	2	768873746
768886044	Triggered	1,14,15,16,17,18,19,20,21,22,	 NoSound	40	2	768886044
768886246	Triggered	1,14,15,16,17,18,19,20,21,22,	 PureTone-7kHz	40	2	768886246
768888985	Triggered	6,47,48,49,50,51,	 NoSound	40	2	768888985
768889187	Triggered	6,47,48,49,50,51,	 File_beep3	40	2	768889187
768899550	Triggered	1,14,15,16,17,18,19,20,21,22,	 NoSound	40	2	768899550
768899752	Triggered	1,14,15,16,17,18,19,20,21,22,	 PureTone-5kHz	40	2	768899752
768902562	Triggered	4,42,43,44,45,46,	 NoSound	40	2	768902562
768902763	Triggered	4,42,43,44,45,46,	 File_beep4	40	2	768902763
768912513	Triggered	1,14,15,16,17,18,19,20,21,22,	 NoSound	40	2	768912513
768912715	Triggered	1,14,15,16,17,18,19,20,21,22,	 PureTone-3kHz	40	2	768912715
768916723	Triggered	6,47,48,49,50,51,	 NoSound	40	2	768916723
768916925	Triggered	6,47,48,49,50,51,	 File_beep3	40	2	768916925
768926282	Triggered	1,14,15,16,17,18,19,20,21,22,	 NoSound	40	2	768926282
768926484	Triggered	1,14,15,16,17,18,19,20,21,22,	 PureTone-2kHz	40	2	768926484
768929023	Triggered	6,47,48,49,50,51,	 NoSound	40	2	768929023
768929224	Triggered	6,47,48,49,50,51,	 File_beep3	40	2	768929224
768939584	Triggered	1,14,15,16,17,18,19,20,21,22,	 NoSound	40	2	768939584
768939785	Triggered	1,14,15,16,17,18,19,20,21,22,	 PureTone-1kHz	40	2	768939785
768942926	Triggered	4,42,43,44,45,46,	 NoSound	40	2	768942926
768943127	Triggered	4,42,43,44,45,46,	 File_beep4	40	2	768943127
768953887	Triggered	1,14,15,16,17,18,19,20,21,22,	 NoSound	40	2	768953887
768954088	Triggered	1,14,15,16,17,18,19,20,21,22,	 StopSoundShort	40	2	768954088
768989244	Triggered	5,23,24,25,26,27,28,29,30,31,	 NoSound	40	2	768989244
768989449	Triggered	5,23,24,25,26,27,28,29,30,31,	 PureTone-2kHz	40	2	768989450
768992797	Triggered	8,52,53,54,55,56,	 NoSound	40	2	768992797
768992999	Triggered	8,52,53,54,55,56,	 File_beep3	40	2	768992999
769005890	Triggered	5,23,24,25,26,27,28,29,30,31,	 NoSound	40	2	769005890
769006092	Triggered	5,23,24,25,26,27,28,29,30,31,	 PureTone-1kHz	40	2	769006092
769009631	Triggered	8,52,53,54,55,56,	 NoSound	40	2	769009631
769009833	Triggered	8,52,53,54,55,56,	 File_beep3	40	2	769009833
769025139	Triggered	5,23,24,25,26,27,28,29,30,31,	 NoSound	40	2	769025139
769025340	Triggered	5,23,24,25,26,27,28,29,30,31,	 StopSoundLong	40	2	769025340
769036635	Triggered	1,14,15,16,17,18,19,20,21,22,	 NoSound	40	2	769036635
769036841	Triggered	1,14,15,16,17,18,19,20,21,22,	 PureTone-11kHz	40	2	769036841
769039382	Triggered	6,47,48,49,50,51,	 NoSound	40	2	769039382
769039584	Triggered	6,47,48,49,50,51,	 File_beep4	40	2	769039584
769048800	Triggered	1,14,15,16,17,18,19,20,21,22,	 NoSound	40	2	769048800
769049004	Triggered	1,14,15,16,17,18,19,20,21,22,	 PureTone-9kHz	40	2	769049004
769051674	Triggered	6,47,48,49,50,51,	 NoSound	40	2	769051674
769051876	Triggered	6,47,48,49,50,51,	 File_beep4	40	2	769051876
769062302	Triggered	1,14,15,16,17,18,19,20,21,22,	 NoSound	40	2	769062302
769062505	Triggered	1,14,15,16,17,18,19,20,21,22,	 PureTone-7kHz	40	2	769062505
769065311	Triggered	6,47,48,49,50,51,	 NoSound	40	2	769065311
769065514	Triggered	6,47,48,49,50,51,	 File_beep4	40	2	769065514
769080817	Triggered	1,14,15,16,17,18,19,20,21,22,	 NoSound	40	2	769080817
769081020	Triggered	1,14,15,16,17,18,19,20,21,22,	 PureTone-5kHz	40	2	769081020
769083959	Triggered	4,42,43,44,45,46,	 NoSound	40	2	769083959
769089371	Triggered	1,14,15,16,17,18,19,20,21,22,	 NoSound	40	2	769089371
769089585	Triggered	1,14,15,16,17,18,19,20,21,22,	 PureTone-3kHz	40	2	769089585
769092379	Triggered	6,47,48,49,50,51,	 NoSound	40	2	769092379
769092581	Triggered	6,47,48,49,50,51,	 File_beep4	40	2	769092581
769103944	Triggered	1,14,15,16,17,18,19,20,21,22,	 NoSound	40	2	769103944
769104146	Triggered	1,14,15,16,17,18,19,20,21,22,	 PureTone-2kHz	40	2	769104146
769106885	Triggered	6,47,48,49,50,51,	 NoSound	40	2	769106885
769107086	Triggered	6,47,48,49,50,51,	 File_beep4	40	2	769107086
769116643	Triggered	1,14,15,16,17,18,19,20,21,22,	 NoSound	40	2	769116643
769116844	Triggered	1,14,15,16,17,18,19,20,21,22,	 PureTone-1kHz	40	2	769116844
769119650	Triggered	6,47,48,49,50,51,	 NoSound	40	2	769119650
769119853	Triggered	6,47,48,49,50,51,	 File_beep4	40	2	769119853
769130947	Triggered	1,14,15,16,17,18,19,20,21,22,	 NoSound	40	2	769130947
769131148	Triggered	1,14,15,16,17,18,19,20,21,22,	 StopSoundShort	40	2	769131148
769143513	Triggered	5,23,24,25,26,27,28,29,30,31,	 NoSound	40	2	769143513
769143716	Triggered	5,23,24,25,26,27,28,29,30,31,	 PureTone-2kHz	40	2	769143716
769146454	Triggered	8,52,53,54,55,56,	 NoSound	40	2	769146454
769146657	Triggered	8,52,53,54,55,56,	 File_beep4	40	2	769146657
769166172	Triggered	5,23,24,25,26,27,28,29,30,31,	 NoSound	40	2	769166172
769166373	Triggered	5,23,24,25,26,27,28,29,30,31,	 PureTone-1kHz	40	2	769166373
769169046	Triggered	8,52,53,54,55,56,	 NoSound	40	2	769169046
769169248	Triggered	8,52,53,54,55,56,	 File_beep4	40	2	769169248
769183763	Triggered	5,23,24,25,26,27,28,29,30,31,	 NoSound	40	2	769183763
769183963	Triggered	5,23,24,25,26,27,28,29,30,31,	 StopSoundLong	40	2	769183963
769194177	Triggered	1,14,15,16,17,18,19,20,21,22,	 NoSound	40	2	769194177
769194382	Triggered	1,14,15,16,17,18,19,20,21,22,	 PureTone-11kHz	40	2	769194382
769197921	Triggered	6,47,48,49,50,51,	 NoSound	40	2	769197921
769198123	Triggered	6,47,48,49,50,51,	 File_beep5	40	2	769198123
769208214	Triggered	1,14,15,16,17,18,19,20,21,22,	 NoSound	40	2	769208214
769208429	Triggered	1,14,15,16,17,18,19,20,21,22,	 PureTone-9kHz	40	2	769208429
769211022	Triggered	6,47,48,49,50,51,	 NoSound	40	2	769211022
769211224	Triggered	6,47,48,49,50,51,	 File_beep5	40	2	769211224
769222652	Triggered	1,14,15,16,17,18,19,20,21,22,	 NoSound	40	2	769222652
769222856	Triggered	1,14,15,16,17,18,19,20,21,22,	 PureTone-7kHz	40	2	769222856
769225399	Triggered	6,47,48,49,50,51,	 NoSound	40	2	769225399
769225602	Triggered	6,47,48,49,50,51,	 File_beep5	40	2	769225602
769238761	Triggered	1,14,15,16,17,18,19,20,21,22,	 NoSound	40	2	769238761
769238963	Triggered	1,14,15,16,17,18,19,20,21,22,	 PureTone-5kHz	40	2	769238963
769241702	Triggered	6,47,48,49,50,51,	 NoSound	40	2	769241702
769241914	Triggered	6,47,48,49,50,51,	 File_beep5	40	2	769241914
769255416	Triggered	1,14,15,16,17,18,19,20,21,22,	 NoSound	40	2	769255416
769255619	Triggered	1,14,15,16,17,18,19,20,21,22,	 PureTone-3kHz	40	2	769255619
769258279	Triggered	6,47,48,49,50,51,	 NoSound	40	2	769258279
769258482	Triggered	6,47,48,49,50,51,	 File_beep5	40	2	769258482
769273317	Triggered	1,14,15,16,17,18,19,20,21,22,	 NoSound	40	2	769273317
769273520	Triggered	1,14,15,16,17,18,19,20,21,22,	 PureTone-2kHz	40	2	769273520
769276195	Triggered	6,47,48,49,50,51,	 NoSound	40	2	769276195
769276398	Triggered	6,47,48,49,50,51,	 File_beep5	40	2	769276398
769289694	Triggered	1,14,15,16,17,18,19,20,21,22,	 NoSound	40	2	769289694
769289895	Triggered	1,14,15,16,17,18,19,20,21,22,	 PureTone-1kHz	40	2	769289895
769292837	Triggered	6,47,48,49,50,51,	 NoSound	40	2	769292837
769293041	Triggered	6,47,48,49,50,51,	 File_beep5	40	2	769293041
769306809	Triggered	1,14,15,16,17,18,19,20,21,22,	 NoSound	40	2	769306809
769307010	Triggered	1,14,15,16,17,18,19,20,21,22,	 StopSoundShort	40	2	769307010
769325321	Triggered	5,23,24,25,26,27,28,29,30,31,	 NoSound	40	2	769325321
769325525	Triggered	5,23,24,25,26,27,28,29,30,31,	 PureTone-2kHz	40	2	769325525
769328195	Triggered	8,52,53,54,55,56,	 NoSound	40	2	769328195
769328395	Triggered	8,52,53,54,55,56,	 File_beep2	40	2	769328395
769343839	Triggered	5,23,24,25,26,27,28,29,30,31,	 NoSound	40	2	769343839
769344041	Triggered	5,23,24,25,26,27,28,29,30,31,	 PureTone-1kHz	40	2	769344041
769347110	Triggered	8,52,53,54,55,56,	 NoSound	40	2	769347110
769347313	Triggered	8,52,53,54,55,56,	 File_beep2	40	2	769347313
769368097	Triggered	5,23,24,25,26,27,28,29,30,31,	 NoSound	40	2	769368097
769368299	Triggered	5,23,24,25,26,27,28,29,30,31,	 StopSoundLong	40	2	769368299
769390032	Triggered	1,14,15,16,17,18,19,20,21,22,	 NoSound	40	2	769390032
769390237	Triggered	1,14,15,16,17,18,19,20,21,22,	 PureTone-11kHz	40	2	769390237
769392832	Triggered	6,47,48,49,50,51,	 NoSound	40	2	769392832
769393033	Triggered	6,47,48,49,50,51,	 File_beep1	40	2	769393033
769400385	Triggered	1,14,15,16,17,18,19,20,21,22,	 NoSound	40	2	769400385
769400588	Triggered	1,14,15,16,17,18,19,20,21,22,	 PureTone-9kHz	40	2	769400588
769403725	Triggered	6,47,48,49,50,51,	 NoSound	40	2	769403725
769403938	Triggered	6,47,48,49,50,51,	 File_beep1	40	2	769403938
769411747	Triggered	1,14,15,16,17,18,19,20,21,22,	 NoSound	40	2	769411747
769411949	Triggered	1,14,15,16,17,18,19,20,21,22,	 PureTone-7kHz	40	2	769411949
769415290	Triggered	4,42,43,44,45,46,	 NoSound	40	2	769415290
769427254	Triggered	1,14,15,16,17,18,19,20,21,22,	 NoSound	40	2	769427254
769427456	Triggered	1,14,15,16,17,18,19,20,21,22,	 PureTone-5kHz	40	2	769427456
769430462	Triggered	6,47,48,49,50,51,	 NoSound	40	2	769430462
769430664	Triggered	6,47,48,49,50,51,	 File_beep1	40	2	769430664
769438817	Triggered	1,14,15,16,17,18,19,20,21,22,	 NoSound	40	2	769438817
769439019	Triggered	1,14,15,16,17,18,19,20,21,22,	 PureTone-3kHz	40	2	769439019
769442025	Triggered	4,42,43,44,45,46,	 NoSound	40	2	769442025
769461008	Triggered	1,14,15,16,17,18,19,20,21,22,	 NoSound	40	2	769461008
769461210	Triggered	1,14,15,16,17,18,19,20,21,22,	 PureTone-2kHz	40	2	769461210
769464216	Triggered	6,47,48,49,50,51,	 NoSound	40	2	769464216
769464417	Triggered	6,47,48,49,50,51,	 File_beep1	40	2	769464417
769475780	Triggered	1,14,15,16,17,18,19,20,21,22,	 NoSound	40	2	769475780
769475982	Triggered	1,14,15,16,17,18,19,20,21,22,	 PureTone-1kHz	40	2	769475982
769479457	Triggered	4,42,43,44,45,46,	 NoSound	40	2	769479457
769490485	Triggered	1,14,15,16,17,18,19,20,21,22,	 NoSound	40	2	769490485
769490686	Triggered	1,14,15,16,17,18,19,20,21,22,	 StopSoundShort	40	2	769490686
769505056	Triggered	5,23,24,25,26,27,28,29,30,31,	 NoSound	40	2	769505056
769505259	Triggered	5,23,24,25,26,27,28,29,30,31,	 PureTone-2kHz	40	2	769505259
769508398	Triggered	8,52,53,54,55,56,	 NoSound	40	2	769508398
769508599	Triggered	8,52,53,54,55,56,	 File_beep5	40	2	769508599
769527180	Triggered	5,23,24,25,26,27,28,29,30,31,	 NoSound	40	2	769527180
769527382	Triggered	5,23,24,25,26,27,28,29,30,31,	 PureTone-1kHz	40	2	769527382
769530456	Triggered	8,52,53,54,55,56,	 NoSound	40	2	769530456
769530672	Triggered	8,52,53,54,55,56,	 File_beep5	40	2	769530672
769549239	Triggered	5,23,24,25,26,27,28,29,30,31,	 NoSound	40	2	769549239
769549439	Triggered	5,23,24,25,26,27,28,29,30,31,	 StopSoundLong	40	2	769549439
769568688	Triggered	1,14,15,16,17,18,19,20,21,22,	 NoSound	40	2	769568688
769568893	Triggered	1,14,15,16,17,18,19,20,21,22,	 PureTone-11kHz	40	2	769568893
769571697	Triggered	4,42,43,44,45,46,	 NoSound	40	2	769571697
769576442	Triggered	1,14,15,16,17,18,19,20,21,22,	 NoSound	40	2	769576442
769576644	Triggered	1,14,15,16,17,18,19,20,21,22,	 PureTone-9kHz	40	2	769576644
769579388	Triggered	6,47,48,49,50,51,	 NoSound	40	2	769579388
769579590	Triggered	6,47,48,49,50,51,	 File_beep3	40	2	769579590
769591815	Triggered	1,14,15,16,17,18,19,20,21,22,	 NoSound	40	2	769591815
769592018	Triggered	1,14,15,16,17,18,19,20,21,22,	 PureTone-7kHz	40	2	769592018
769594690	Triggered	6,47,48,49,50,51,	 NoSound	40	2	769594690
769594892	Triggered	6,47,48,49,50,51,	 File_beep3	40	2	769594892
769607188	Triggered	1,14,15,16,17,18,19,20,21,22,	 NoSound	40	2	769607188
769607391	Triggered	1,14,15,16,17,18,19,20,21,22,	 PureTone-5kHz	40	2	769607391
769610130	Triggered	6,47,48,49,50,51,	 NoSound	40	2	769610130
769610331	Triggered	6,47,48,49,50,51,	 File_beep3	40	2	769610331
769622028	Triggered	1,14,15,16,17,18,19,20,21,22,	 NoSound	40	2	769622028
769622230	Triggered	1,14,15,16,17,18,19,20,21,22,	 PureTone-3kHz	40	2	769622230
769625169	Triggered	6,47,48,49,50,51,	 NoSound	40	2	769625169
769625371	Triggered	6,47,48,49,50,51,	 File_beep3	40	2	769625371
769637936	Triggered	1,14,15,16,17,18,19,20,21,22,	 NoSound	40	2	769637936
769638138	Triggered	1,14,15,16,17,18,19,20,21,22,	 PureTone-2kHz	40	2	769638138
769641144	Triggered	6,47,48,49,50,51,	 NoSound	40	2	769641144
769641346	Triggered	6,47,48,49,50,51,	 File_beep3	40	2	769641346
769656318	Triggered	1,14,15,16,17,18,19,20,21,22,	 NoSound	40	2	769656318
769656534	Triggered	1,14,15,16,17,18,19,20,21,22,	 PureTone-1kHz	40	2	769656534
769659458	Triggered	6,47,48,49,50,51,	 NoSound	40	2	769659458
769659661	Triggered	6,47,48,49,50,51,	 File_beep3	40	2	769659661
769671221	Triggered	1,14,15,16,17,18,19,20,21,22,	 NoSound	40	2	769671221
769671422	Triggered	1,14,15,16,17,18,19,20,21,22,	 StopSoundShort	40	2	769671422
769694216	Triggered	5,23,24,25,26,27,28,29,30,31,	 NoSound	40	2	769694216
769694420	Triggered	5,23,24,25,26,27,28,29,30,31,	 PureTone-2kHz	40	2	769694420
769697893	Triggered	8,52,53,54,55,56,	 NoSound	40	2	769697893
769710391	Triggered	5,23,24,25,26,27,28,29,30,31,	 NoSound	40	2	769710391
769710592	Triggered	5,23,24,25,26,27,28,29,30,31,	 PureTone-1kHz	40	2	769710592
769713800	Triggered	2,37,38,39,40,41,	 NoSound	40	2	769713800
769714001	Triggered	2,37,38,39,40,41,	 File_beep2	40	2	769714001
769727502	Triggered	5,23,24,25,26,27,28,29,30,31,	 NoSound	40	2	769727502
769727703	Triggered	5,23,24,25,26,27,28,29,30,31,	 StopSoundLong	40	2	769727703
769740201	Triggered	1,14,15,16,17,18,19,20,21,22,	 NoSound	40	2	769740201
769740410	Triggered	1,14,15,16,17,18,19,20,21,22,	 PureTone-11kHz	40	2	769740410
769743208	Triggered	6,47,48,49,50,51,	 NoSound	40	2	769743208
769743410	Triggered	6,47,48,49,50,51,	 File_beep2	40	2	769743410
769754838	Triggered	1,14,15,16,17,18,19,20,21,22,	 NoSound	40	2	769754838
769755044	Triggered	1,14,15,16,17,18,19,20,21,22,	 PureTone-9kHz	40	2	769755044
769758314	Triggered	6,47,48,49,50,51,	 NoSound	40	2	769758314
769758516	Triggered	6,47,48,49,50,51,	 File_beep2	40	2	769758516
769779169	Triggered	1,14,15,16,17,18,19,20,21,22,	 NoSound	40	2	769779169
769779373	Triggered	1,14,15,16,17,18,19,20,21,22,	 PureTone-7kHz	40	2	769779373
769782647	Triggered	6,47,48,49,50,51,	 NoSound	40	2	769782647
769782848	Triggered	6,47,48,49,50,51,	 File_beep2	40	2	769782848
769833850	Triggered	1,14,15,16,17,18,19,20,21,22,	 NoSound	40	2	769833850
769834054	Triggered	1,14,15,16,17,18,19,20,21,22,	 PureTone-5kHz	40	2	769834054
769837121	Triggered	4,42,43,44,45,46,	 NoSound	40	2	769837121
769837323	Triggered	4,42,43,44,45,46,	 File_beep3	40	2	769837323
769851492	Triggered	1,14,15,16,17,18,19,20,21,22,	 NoSound	40	2	769851492
769851694	Triggered	1,14,15,16,17,18,19,20,21,22,	 PureTone-3kHz	40	2	769851694
769854834	Triggered	4,42,43,44,45,46,	 NoSound	40	2	769854834
769855035	Triggered	4,42,43,44,45,46,	 File_beep3	40	2	769855035
769868403	Triggered	1,14,15,16,17,18,19,20,21,22,	 NoSound	40	2	769868403
769868605	Triggered	1,14,15,16,17,18,19,20,21,22,	 PureTone-2kHz	40	2	769868605
769872012	Triggered	6,47,48,49,50,51,	 NoSound	40	2	769872012
769872228	Triggered	6,47,48,49,50,51,	 File_beep2	40	2	769872228
769885848	Triggered	1,14,15,16,17,18,19,20,21,22,	 NoSound	40	2	769885848
769886049	Triggered	1,14,15,16,17,18,19,20,21,22,	 PureTone-1kHz	40	2	769886049
769889927	Triggered	4,42,43,44,45,46,	 NoSound	40	2	769889927
769890129	Triggered	4,42,43,44,45,46,	 File_beep3	40	2	769890129
769905232	Triggered	1,14,15,16,17,18,19,20,21,22,	 NoSound	40	2	769905232
769905434	Triggered	1,14,15,16,17,18,19,20,21,22,	 StopSoundShort	40	2	769905434
769943663	Triggered	5,23,24,25,26,27,28,29,30,31,	 NoSound	40	2	769943663
769943869	Triggered	5,23,24,25,26,27,28,29,30,31,	 PureTone-2kHz	40	2	769943869
769947075	Triggered	8,52,53,54,55,56,	 NoSound	40	2	769947075
769952822	Triggered	5,23,24,25,26,27,28,29,30,31,	 NoSound	40	2	769952822
769953023	Triggered	5,23,24,25,26,27,28,29,30,31,	 PureTone-1kHz	40	2	769953023
769957100	Triggered	2,37,38,39,40,41,	 NoSound	40	2	769957100
769957300	Triggered	2,37,38,39,40,41,	 File_beep1	40	2	769957300
769967059	Triggered	5,23,24,25,26,27,28,29,30,31,	 NoSound	40	2	769967059
769967260	Triggered	5,23,24,25,26,27,28,29,30,31,	 StopSoundLong	40	2	769967260
769977306	Triggered	1,14,15,16,17,18,19,20,21,22,	 NoSound	40	2	769977306
769977513	Triggered	1,14,15,16,17,18,19,20,21,22,	 PureTone-11kHz	40	2	769977513
769987113	Triggered	6,47,48,49,50,51,	 NoSound	40	2	769987113
769987315	Triggered	6,47,48,49,50,51,	 File_beep5	40	2	769987315
770000481	Triggered	1,14,15,16,17,18,19,20,21,22,	 NoSound	40	2	770000481
770000697	Triggered	1,14,15,16,17,18,19,20,21,22,	 PureTone-9kHz	40	2	770000697
770003554	Triggered	6,47,48,49,50,51,	 NoSound	40	2	770003554
770003756	Triggered	6,47,48,49,50,51,	 File_beep5	40	2	770003756
770019262	Triggered	1,14,15,16,17,18,19,20,21,22,	 NoSound	40	2	770019262
770019465	Triggered	1,14,15,16,17,18,19,20,21,22,	 PureTone-7kHz	40	2	770019465
770022472	Triggered	6,47,48,49,50,51,	 NoSound	40	2	770022472
770022673	Triggered	6,47,48,49,50,51,	 File_beep5	40	2	770022673
770063509	Triggered	1,14,15,16,17,18,19,20,21,22,	 NoSound	40	2	770063509
770063712	Triggered	1,14,15,16,17,18,19,20,21,22,	 PureTone-5kHz	40	2	770063712
770066586	Triggered	6,47,48,49,50,51,	 NoSound	40	2	770066586
770066788	Triggered	6,47,48,49,50,51,	 File_beep5	40	2	770066788
770083830	Triggered	1,14,15,16,17,18,19,20,21,22,	 NoSound	40	2	770083830
770084032	Triggered	1,14,15,16,17,18,19,20,21,22,	 PureTone-3kHz	40	2	770084032
770086771	Triggered	6,47,48,49,50,51,	 NoSound	40	2	770086771
770086973	Triggered	6,47,48,49,50,51,	 File_beep5	40	2	770086973
770105821	Triggered	1,14,15,16,17,18,19,20,21,22,	 NoSound	40	2	770105821
770106035	Triggered	1,14,15,16,17,18,19,20,21,22,	 PureTone-2kHz	40	2	770106035
770108830	Triggered	6,47,48,49,50,51,	 NoSound	40	2	770108830
770109032	Triggered	6,47,48,49,50,51,	 File_beep5	40	2	770109032
770124277	Triggered	1,14,15,16,17,18,19,20,21,22,	 NoSound	40	2	770124277
770124480	Triggered	1,14,15,16,17,18,19,20,21,22,	 PureTone-1kHz	40	2	770124480
770127410	Triggered	6,47,48,49,50,51,	 NoSound	40	2	770127410
770127612	Triggered	6,47,48,49,50,51,	 File_beep5	40	2	770127612
770145792	Triggered	1,14,15,16,17,18,19,20,21,22,	 NoSound	40	2	770145792
770145992	Triggered	1,14,15,16,17,18,19,20,21,22,	 StopSoundShort	40	2	770145992
770165577	Triggered	5,23,24,25,26,27,28,29,30,31,	 NoSound	40	2	770165577
770165781	Triggered	5,23,24,25,26,27,28,29,30,31,	 PureTone-2kHz	40	2	770165781
770169186	Triggered	8,52,53,54,55,56,	 NoSound	40	2	770169186
770169388	Triggered	8,52,53,54,55,56,	 File_beep5	40	2	770169388
770192379	Triggered	5,23,24,25,26,27,28,29,30,31,	 NoSound	40	2	770192379
770192582	Triggered	5,23,24,25,26,27,28,29,30,31,	 PureTone-1kHz	40	2	770192582
770195923	Triggered	8,52,53,54,55,56,	 NoSound	40	2	770195923
770196124	Triggered	8,52,53,54,55,56,	 File_beep5	40	2	770196124
770222324	Triggered	5,23,24,25,26,27,28,29,30,31,	 NoSound	40	2	770222324
770222525	Triggered	5,23,24,25,26,27,28,29,30,31,	 StopSoundLong	40	2	770222525
770237699	Triggered	1,14,15,16,17,18,19,20,21,22,	 NoSound	40	2	770237699
770237904	Triggered	1,14,15,16,17,18,19,20,21,22,	 PureTone-11kHz	40	2	770237904
770240907	Triggered	6,47,48,49,50,51,	 NoSound	40	2	770240907
770241108	Triggered	6,47,48,49,50,51,	 File_beep5	40	2	770241108
770255946	Triggered	1,14,15,16,17,18,19,20,21,22,	 NoSound	40	2	770255946
770256148	Triggered	1,14,15,16,17,18,19,20,21,22,	 PureTone-9kHz	40	2	770256148
770259020	Triggered	6,47,48,49,50,51,	 NoSound	40	2	770259020
770259222	Triggered	6,47,48,49,50,51,	 File_beep5	40	2	770259222
770276531	Triggered	1,14,15,16,17,18,19,20,21,22,	 NoSound	40	2	770276531
770276734	Triggered	1,14,15,16,17,18,19,20,21,22,	 PureTone-7kHz	40	2	770276734
770279674	Triggered	6,47,48,49,50,51,	 NoSound	40	2	770279674
770279875	Triggered	6,47,48,49,50,51,	 File_beep5	40	2	770279875
770297988	Triggered	1,14,15,16,17,18,19,20,21,22,	 NoSound	40	2	770297988
770298190	Triggered	1,14,15,16,17,18,19,20,21,22,	 PureTone-5kHz	40	2	770298190
770300869	Triggered	6,47,48,49,50,51,	 NoSound	40	2	770300869
770301072	Triggered	6,47,48,49,50,51,	 File_beep5	40	2	770301072
770320248	Triggered	1,14,15,16,17,18,19,20,21,22,	 NoSound	40	2	770320248
770320450	Triggered	1,14,15,16,17,18,19,20,21,22,	 PureTone-3kHz	40	2	770320450
770323388	Triggered	6,47,48,49,50,51,	 NoSound	40	2	770323388
770323590	Triggered	6,47,48,49,50,51,	 File_beep5	40	2	770323590
770343172	Triggered	1,14,15,16,17,18,19,20,21,22,	 NoSound	40	2	770343172
770343373	Triggered	1,14,15,16,17,18,19,20,21,22,	 PureTone-2kHz	40	2	770343373
770346447	Triggered	6,47,48,49,50,51,	 NoSound	40	2	770346447
770346649	Triggered	6,47,48,49,50,51,	 File_beep5	40	2	770346649
770367035	Triggered	1,14,15,16,17,18,19,20,21,22,	 NoSound	40	2	770367035
770367236	Triggered	1,14,15,16,17,18,19,20,21,22,	 PureTone-1kHz	40	2	770367236
770370711	Triggered	6,47,48,49,50,51,	 NoSound	40	2	770370711
770370913	Triggered	6,47,48,49,50,51,	 File_beep5	40	2	770370913
770499044	Triggered	1,14,15,16,17,18,19,20,21,22,	 NoSound	40	2	770499044
770499245	Triggered	1,14,15,16,17,18,19,20,21,22,	 StopSoundShort	40	2	770499245
770518096	Triggered	5,23,24,25,26,27,28,29,30,31,	 NoSound	40	2	770518096
770518299	Triggered	5,23,24,25,26,27,28,29,30,31,	 PureTone-2kHz	40	2	770518299
770521504	Triggered	8,52,53,54,55,56,	 NoSound	40	2	770521504
770521706	Triggered	8,52,53,54,55,56,	 File_beep4	40	2	770521706
770542157	Triggered	5,23,24,25,26,27,28,29,30,31,	 NoSound	40	2	770542157
770542359	Triggered	5,23,24,25,26,27,28,29,30,31,	 PureTone-1kHz	40	2	770542359
770545638	Triggered	8,52,53,54,55,56,	 NoSound	40	2	770545638
770545840	Triggered	8,52,53,54,55,56,	 File_beep4	40	2	770545840
770570964	Triggered	5,23,24,25,26,27,28,29,30,31,	 NoSound	40	2	770570964
770571176	Triggered	5,23,24,25,26,27,28,29,30,31,	 StopSoundLong	40	2	770571176
770584335	Triggered	1,14,15,16,17,18,19,20,21,22,	 NoSound	40	2	770584335
770584540	Triggered	1,14,15,16,17,18,19,20,21,22,	 PureTone-11kHz	40	2	770584540
770587743	Triggered	6,47,48,49,50,51,	 NoSound	40	2	770587743
770587945	Triggered	6,47,48,49,50,51,	 File_beep3	40	2	770587945
770601778	Triggered	1,14,15,16,17,18,19,20,21,22,	 NoSound	40	2	770601778
770601981	Triggered	1,14,15,16,17,18,19,20,21,22,	 PureTone-9kHz	40	2	770601981
770605122	Triggered	6,47,48,49,50,51,	 NoSound	40	2	770605122
770605337	Triggered	6,47,48,49,50,51,	 File_beep3	40	2	770605337
770621439	Triggered	1,14,15,16,17,18,19,20,21,22,	 NoSound	40	2	770621439
770621642	Triggered	1,14,15,16,17,18,19,20,21,22,	 PureTone-7kHz	40	2	770621642
770624974	Triggered	6,47,48,49,50,51,	 NoSound	40	2	770624974
770625175	Triggered	6,47,48,49,50,51,	 File_beep3	40	2	770625175
770649042	Triggered	1,14,15,16,17,18,19,20,21,22,	 NoSound	40	2	770649042
770649244	Triggered	1,14,15,16,17,18,19,20,21,22,	 PureTone-5kHz	40	2	770649244
770652712	Triggered	6,47,48,49,50,51,	 NoSound	40	2	770652712
770652914	Triggered	6,47,48,49,50,51,	 File_beep3	40	2	770652914
770720688	Triggered	6,47,48,49,50,51,	 NoSound	40	2	770720688
770720890	Triggered	6,47,48,49,50,51,	 File_beep3	40	2	770720890
770737266	Triggered	1,14,15,16,17,18,19,20,21,22,	 NoSound	40	2	770737266
770737469	Triggered	1,14,15,16,17,18,19,20,21,22,	 PureTone-2kHz	40	2	770737469
770741809	Triggered	4,42,43,44,45,46,	 NoSound	40	2	770741809
770742011	Triggered	4,42,43,44,45,46,	 File_beep2	40	2	770742011
770765805	Triggered	1,14,15,16,17,18,19,20,21,22,	 NoSound	40	2	770765805
770766008	Triggered	1,14,15,16,17,18,19,20,21,22,	 PureTone-1kHz	40	2	770766008
770770754	Triggered	6,47,48,49,50,51,	 NoSound	40	2	770770754
770770956	Triggered	6,47,48,49,50,51,	 File_beep3	40	2	770770956
770790680	Triggered	1,14,15,16,17,18,19,20,21,22,	 NoSound	40	2	770790680
770790881	Triggered	1,14,15,16,17,18,19,20,21,22,	 StopSoundShort	40	2	770790881
770965661	Triggered	5,23,24,25,26,27,28,29,30,31,	 NoSound	40	2	770965661
770965865	Triggered	5,23,24,25,26,27,28,29,30,31,	 PureTone-2kHz	40	2	770965865
770969538	Triggered	8,52,53,54,55,56,	 NoSound	40	2	770969538
770969738	Triggered	8,52,53,54,55,56,	 File_beep2	40	2	770969738
770986514	Triggered	5,23,24,25,26,27,28,29,30,31,	 NoSound	40	2	770986514
770986716	Triggered	5,23,24,25,26,27,28,29,30,31,	 PureTone-1kHz	40	2	770986716
770990392	Triggered	8,52,53,54,55,56,	 NoSound	40	2	770990392
770990593	Triggered	8,52,53,54,55,56,	 File_beep2	40	2	770990593
771010778	Triggered	5,23,24,25,26,27,28,29,30,31,	 NoSound	40	2	771010778
771010980	Triggered	5,23,24,25,26,27,28,29,30,31,	 StopSoundLong	40	2	771010980
771031833	Triggered	1,14,15,16,17,18,19,20,21,22,	 NoSound	40	2	771031833
771032039	Triggered	1,14,15,16,17,18,19,20,21,22,	 PureTone-11kHz	40	2	771032039
771035375	Triggered	4,42,43,44,45,46,	 NoSound	40	2	771035375
771035575	Triggered	4,42,43,44,45,46,	 File_beep1	40	2	771035575
771062244	Triggered	1,14,15,16,17,18,19,20,21,22,	 NoSound	40	2	771062244
771062448	Triggered	1,14,15,16,17,18,19,20,21,22,	 PureTone-9kHz	40	2	771062448
771065788	Triggered	6,47,48,49,50,51,	 NoSound	40	2	771065788
771084302	Triggered	1,14,15,16,17,18,19,20,21,22,	 NoSound	40	2	771084302
771084505	Triggered	1,14,15,16,17,18,19,20,21,22,	 PureTone-7kHz	40	2	771084505
771088314	Triggered	4,42,43,44,45,46,	 NoSound	40	2	771088314
771088515	Triggered	4,42,43,44,45,46,	 File_beep1	40	2	771088515
771099276	Triggered	1,14,15,16,17,18,19,20,21,22,	 NoSound	40	2	771099276
771099477	Triggered	1,14,15,16,17,18,19,20,21,22,	 PureTone-5kHz	40	2	771099477
771110172	Triggered	6,47,48,49,50,51,	 NoSound	40	2	771110172
771116989	Triggered	1,14,15,16,17,18,19,20,21,22,	 NoSound	40	2	771116989
771117191	Triggered	1,14,15,16,17,18,19,20,21,22,	 PureTone-3kHz	40	2	771117191
771123873	Triggered	4,42,43,44,45,46,	 NoSound	40	2	771123873
771124074	Triggered	4,42,43,44,45,46,	 File_beep1	40	2	771124074
771189843	Triggered	1,14,15,16,17,18,19,20,21,22,	 NoSound	40	2	771189843
771190046	Triggered	1,14,15,16,17,18,19,20,21,22,	 PureTone-2kHz	40	2	771190046
771193454	Triggered	6,47,48,49,50,51,	 NoSound	40	2	771193454
771234293	Triggered	1,14,15,16,17,18,19,20,21,22,	 NoSound	40	2	771234293
771234496	Triggered	1,14,15,16,17,18,19,20,21,22,	 PureTone-1kHz	40	2	771234496
771238037	Triggered	6,47,48,49,50,51,	 NoSound	40	2	771238037
771261162	Triggered	1,14,15,16,17,18,19,20,21,22,	 NoSound	40	2	771261162
771261363	Triggered	1,14,15,16,17,18,19,20,21,22,	 StopSoundShort	40	2	771261363
771286443	Triggered	5,23,24,25,26,27,28,29,30,31,	 NoSound	40	2	771286443
771286647	Triggered	5,23,24,25,26,27,28,29,30,31,	 PureTone-2kHz	40	2	771286647
771290238	Triggered	8,52,53,54,55,56,	 NoSound	40	2	771290239
771290440	Triggered	8,52,53,54,55,56,	 File_beep3	40	2	771290440
771309555	Triggered	5,23,24,25,26,27,28,29,30,31,	 NoSound	40	2	771309555
771309756	Triggered	5,23,24,25,26,27,28,29,30,31,	 PureTone-1kHz	40	2	771309756
771312897	Triggered	8,52,53,54,55,56,	 NoSound	40	2	771312897
771313099	Triggered	8,52,53,54,55,56,	 File_beep3	40	2	771313099
771331814	Triggered	5,23,24,25,26,27,28,29,30,31,	 NoSound	40	2	771331814
771332016	Triggered	5,23,24,25,26,27,28,29,30,31,	 StopSoundLong	40	2	771332016
771342842	Triggered	1,14,15,16,17,18,19,20,21,22,	 NoSound	40	2	771342842
771343048	Triggered	1,14,15,16,17,18,19,20,21,22,	 PureTone-11kHz	40	2	771343048
771346318	Triggered	6,47,48,49,50,51,	 NoSound	40	2	771346318
771346519	Triggered	6,47,48,49,50,51,	 File_beep2	40	2	771346519
771358751	Triggered	1,14,15,16,17,18,19,20,21,22,	 NoSound	40	2	771358751
771358955	Triggered	1,14,15,16,17,18,19,20,21,22,	 PureTone-9kHz	40	2	771358955
771362225	Triggered	6,47,48,49,50,51,	 NoSound	40	2	771362226
771362428	Triggered	6,47,48,49,50,51,	 File_beep2	40	2	771362428
771372519	Triggered	1,14,15,16,17,18,19,20,21,22,	 NoSound	40	2	771372519
771372722	Triggered	1,14,15,16,17,18,19,20,21,22,	 PureTone-7kHz	40	2	771372722
771404269	Triggered	4,42,43,44,45,46,	 NoSound	40	2	771404269
771404481	Triggered	4,42,43,44,45,46,	 File_beep3	40	2	771404481
771453797	Triggered	1,14,15,16,17,18,19,20,21,22,	 NoSound	40	2	771453797
771454001	Triggered	1,14,15,16,17,18,19,20,21,22,	 PureTone-5kHz	40	2	771454001
771457409	Triggered	6,47,48,49,50,51,	 NoSound	40	2	771457409
771457609	Triggered	6,47,48,49,50,51,	 File_beep2	40	2	771457609
771485547	Triggered	1,14,15,16,17,18,19,20,21,22,	 NoSound	40	2	771485547
771485749	Triggered	1,14,15,16,17,18,19,20,21,22,	 PureTone-3kHz	40	2	771485749
771489492	Triggered	6,47,48,49,50,51,	 NoSound	40	2	771489492
771489706	Triggered	6,47,48,49,50,51,	 File_beep2	40	2	771489706
771500120	Triggered	1,14,15,16,17,18,19,20,21,22,	 NoSound	40	2	771500120
771500322	Triggered	1,14,15,16,17,18,19,20,21,22,	 PureTone-2kHz	40	2	771500322
771505534	Triggered	6,47,48,49,50,51,	 NoSound	40	2	771505534
771505735	Triggered	6,47,48,49,50,51,	 File_beep2	40	2	771505735
771517231	Triggered	1,14,15,16,17,18,19,20,21,22,	 NoSound	40	2	771517231
771517433	Triggered	1,14,15,16,17,18,19,20,21,22,	 PureTone-1kHz	40	2	771517433
771522779	Triggered	6,47,48,49,50,51,	 NoSound	40	2	771522779
771522979	Triggered	6,47,48,49,50,51,	 File_beep2	40	2	771522979
771534878	Triggered	1,14,15,16,17,18,19,20,21,22,	 NoSound	40	2	771534878
771535078	Triggered	1,14,15,16,17,18,19,20,21,22,	 StopSoundShort	40	2	771535078
