Monday, June 29, 2020	3:17:20 PM	Game1.txt	57496529
Cued	Now	57526458
9	BlinkStart	57526488
9	BlinkEnd	57747118
24,5	BlinkStart	57747222
24,5	BlinkEnd	57754627
5	0DropFeed	57754707
24	NoFeedAbort	57754787
1	BlinkStart	57764804
1	BlinkEnd	57769064
1	NoFeedLowProb	57769144
6,47	BlinkStart	57769185
6,47	BlinkEnd	57773075
6	Feed	57773155
47	Feed	57773235
1	BlinkStart	57773338
1	BlinkEnd	57780093
1	NoFeedLowProb	57780173
4	BlinkStart	57780204
4	BlinkEnd	57783971
4	0DropFeed	57784051
1	BlinkStart	57784155
1	BlinkEnd	57798608
1	NoFeedLowProb	57798688
4	BlinkStart	57798719
4	BlinkEnd	57802953
4	0DropFeed	57803033
1	BlinkStart	57803120
1	BlinkEnd	57809776
1	NoFeedLowProb	57809857
4	BlinkStart	57809879
4	BlinkEnd	57815184
4	0DropFeed	57815264
21,1	BlinkStart	57815368
21,1	BlinkEnd	57820132
1	0DropFeed	57820212
21	Feed	57820292
6,47,4	BlinkStart	57820402
6,47,4	BlinkEnd	57823607
6	Feed	57823687
47	Feed	57823767
20,1	BlinkStart	57823868
20,1	BlinkEnd	57829622
1	0DropFeed	57829702
20	Feed	57829782
6,47,4	BlinkStart	57829875
6,47,4	BlinkEnd	57835103
6	Feed	57835183
47	Feed	57835263
19,1	BlinkStart	57835352
19,1	BlinkEnd	57842189
1	0DropFeed	57842269
19	Feed	57842349
6,47,4	BlinkStart	57842453
6,47,4	BlinkEnd	57845733
6	Feed	57845813
47	Feed	57845894
18,1	BlinkStart	57845991
18,1	BlinkEnd	57852147
1	0DropFeed	57852227
18	Feed	57852307
6,47,4	BlinkStart	57852389
6,47,4	BlinkEnd	57855490
4	0DropFeed	57855571
17,1	BlinkStart	57855654
17,1	BlinkEnd	57862174
1	0DropFeed	57862254
17	Feed	57862334
6,47,4	BlinkStart	57862417
6,47,4	BlinkEnd	57866726
6	Feed	57866806
47	Feed	57866886
16,1	BlinkStart	57866968
16,1	BlinkEnd	57872535
1	0DropFeed	57872615
16	Feed	57872695
6,47,4	BlinkStart	57872778
6,47,4	BlinkEnd	57876144
4	0DropFeed	57876224
14,1	BlinkStart	57876312
14,1	BlinkEnd	57881692
1	0DropFeed	57881773
14	NoFeedAbort	57881853
5	BlinkStart	57891864
5	BlinkEnd	57897265
5	NoFeedLowProb	57897346
2,39	BlinkStart	57897356
2,39	BlinkEnd	57901009
2	Feed	57901090
39	Feed	57901170
5	BlinkStart	57901252
5	BlinkEnd	57910768
5	NoFeedLowProb	57910848
2,39	BlinkStart	57910871
2,39	BlinkEnd	57914711
2	Feed	57914791
39	Feed	57914871
5	BlinkStart	57914953
5	BlinkEnd	57921729
5	NoFeedLowProb	57921809
2,39	BlinkStart	57921834
2,39	BlinkEnd	57925204
2	Feed	57925284
39	Feed	57925365
5	BlinkStart	57925493
5	BlinkEnd	57932558
5	NoFeedLowProb	57932638
2,39	BlinkStart	57932706
2,39	BlinkEnd	57935907
2	Feed	57935987
39	Feed	57936067
25,5	BlinkStart	57936207
25,5	BlinkEnd	57943387
5	0DropFeed	57943467
25	Feed	57943547
8,53,2,39	BlinkStart	57943701
8,53,2,39	BlinkEnd	57946593
2	Feed	57946673
39	Feed	57946753
24,5	BlinkStart	57946895
24,5	BlinkEnd	57954815
5	0DropFeed	57954895
24	NoFeedAbort	57954975
1	BlinkStart	57965034
1	BlinkEnd	57969788
1	NoFeedLowProb	57969868
6,47	BlinkStart	57969946
6,47	BlinkEnd	57973063
6	Feed	57973143
47	Feed	57973223
1	BlinkStart	57973359
1	BlinkEnd	57979346
1	NoFeedLowProb	57979426
4	BlinkStart	57979527
4	BlinkEnd	57996793
4	0DropFeed	57996873
1	BlinkStart	57997013
1	BlinkEnd	58002406
1	NoFeedLowProb	58002486
4	BlinkStart	58002570
4	BlinkEnd	58009425
4	0DropFeed	58009505
1	BlinkStart	58009664
1	BlinkEnd	58013703
1	NoFeedLowProb	58013784
6,47	BlinkStart	58013837
6,47	BlinkEnd	58017512
6	Feed	58017592
47	Feed	58017672
21,1	BlinkStart	58017807
21,1	BlinkEnd	58032151
1	0DropFeed	58032231
21	Feed	58032311
6,47,4	BlinkStart	58032448
6,47,4	BlinkEnd	58035693
6	Feed	58035773
47	Feed	58035854
20,1	BlinkStart	58036009
20,1	BlinkEnd	58042044
1	0DropFeed	58042124
20	Feed	58042204
6,47,4	BlinkStart	58042350
6,47,4	BlinkEnd	58045319
6	Feed	58045399
47	Feed	58045479
19,1	BlinkStart	58045619
19,1	BlinkEnd	58050867
1	0DropFeed	58050947
19	Feed	58051027
6,47,4	BlinkStart	58051158
6,47,4	BlinkEnd	58054075
6	Feed	58054155
47	Feed	58054235
18,1	BlinkStart	58054392
18,1	BlinkEnd	58059557
1	0DropFeed	58059637
18	Feed	58059718
6,47,4	BlinkStart	58059862
6,47,4	BlinkEnd	58069047
6	Feed	58069127
47	Feed	58069207
17,1	BlinkStart	58069350
17,1	BlinkEnd	58076280
1	0DropFeed	58076360
17	Feed	58076440
6,47,4	BlinkStart	58076571
6,47,4	BlinkEnd	58079946
6	Feed	58080027
47	Feed	58080107
16,1	BlinkStart	58080248
16,1	BlinkEnd	58086300
1	0DropFeed	58086380
16	Feed	58086460
6,47,4	BlinkStart	58086600
6,47,4	BlinkEnd	58090235
6	Feed	58090315
47	Feed	58090395
14,1	BlinkStart	58090526
14,1	BlinkEnd	58101933
1	0DropFeed	58102013
14	NoFeedAbort	58102093
5	BlinkStart	58112155
5	BlinkEnd	58120053
5	NoFeedLowProb	58120133
8,55	BlinkStart	58120168
8,55	BlinkEnd	58123459
8	Feed	58123539
55	Feed	58123619
5	BlinkStart	58123763
5	BlinkEnd	58134618
5	NoFeedLowProb	58134698
8,55	BlinkStart	58134793
8,55	BlinkEnd	58138026
8	Feed	58138106
55	Feed	58138186
5	BlinkStart	58138360
5	BlinkEnd	58148921
5	NoFeedLowProb	58149001
8,55	BlinkStart	58149088
8,55	BlinkEnd	58153801
8	Feed	58153881
55	Feed	58153961
5	BlinkStart	58154103
5	BlinkEnd	58164363
5	NoFeedLowProb	58164443
2,38	BlinkStart	58164530
2,38	BlinkEnd	58168439
2	Feed	58168520
38	Feed	58168600
25,5	BlinkStart	58168743
25,5	BlinkEnd	58175792
5	0DropFeed	58175872
25	Feed	58175952
8,55,2,38	BlinkStart	58176121
8,55,2,38	BlinkEnd	58179134
2	Feed	58179214
38	Feed	58179294
24,5	BlinkStart	58179443
24,5	BlinkEnd	58186285
5	0DropFeed	58186365
24	NoFeedAbort	58186445
1	BlinkStart	58196493
1	BlinkEnd	58199520
1	NoFeedLowProb	58199600
6,48	BlinkStart	58199678
6,48	BlinkEnd	58202662
6	Feed	58202742
48	Feed	58202822
1	BlinkStart	58202954
1	BlinkEnd	58209413
1	NoFeedLowProb	58209493
6,48	BlinkStart	58209568
6,48	BlinkEnd	58212888
6	Feed	58212968
48	Feed	58213049
1	BlinkStart	58213200
1	BlinkEnd	58220179
1	NoFeedLowProb	58220259
6,48	BlinkStart	58220344
6,48	BlinkEnd	58223183
6	Feed	58223263
48	Feed	58223343
1	BlinkStart	58223498
1	BlinkEnd	58229665
1	NoFeedLowProb	58229745
4,42	BlinkStart	58229819
4,42	BlinkEnd	58232406
4	Feed	58232486
42	Feed	58232566
21,1	BlinkStart	58232704
21,1	BlinkEnd	58241429
1	0DropFeed	58241509
21	Feed	58241589
6,48,4,42	BlinkStart	58241734
6,48,4,42	BlinkEnd	58244505
4	Feed	58244585
42	Feed	58244665
20,1	BlinkStart	58244789
20,1	BlinkEnd	58253862
1	0DropFeed	58253942
20	Feed	58254023
6,48,4,42	BlinkStart	58254164
6,48,4,42	BlinkEnd	58256670
4	Feed	58256750
42	Feed	58256831
19,1	BlinkStart	58256979
19,1	BlinkEnd	58264155
1	0DropFeed	58264235
19	Feed	58264315
6,48,4,42	BlinkStart	58264490
6,48,4,42	BlinkEnd	58276387
6	Feed	58276467
48	Feed	58276547
18,1	BlinkStart	58276690
18,1	BlinkEnd	58282470
1	0DropFeed	58282551
18	Feed	58282631
6,48,4,42	BlinkStart	58282762
6,48,4,42	BlinkEnd	58285478
4	Feed	58285558
42	Feed	58285638
17,1	BlinkStart	58285786
17,1	BlinkEnd	58293098
1	0DropFeed	58293178
17	Feed	58293258
6,48,4,42	BlinkStart	58293427
6,48,4,42	BlinkEnd	58296172
4	Feed	58296252
42	Feed	58296332
16,1	BlinkStart	58296478
16,1	BlinkEnd	58304193
1	0DropFeed	58304273
16	Feed	58304353
6,48,4,42	BlinkStart	58304501
6,48,4,42	BlinkEnd	58308003
4	Feed	58308083
42	Feed	58308163
14,1	BlinkStart	58308313
14,1	BlinkEnd	58315289
1	0DropFeed	58315370
14	NoFeedAbort	58315451
5	BlinkStart	58325508
5	BlinkEnd	58334407
5	NoFeedLowProb	58334487
2	BlinkStart	58334555
2	BlinkEnd	58337481
2	0DropFeed	58337562
5	BlinkStart	58337704
5	BlinkEnd	58343764
5	NoFeedLowProb	58343844
8,54	BlinkStart	58343918
8,54	BlinkEnd	58347372
8	Feed	58347452
54	Feed	58347532
5	BlinkStart	58347664
5	BlinkEnd	58357804
5	NoFeedLowProb	58357884
8,54	BlinkStart	58357972
8,54	BlinkEnd	58361945
8	Feed	58362025
54	Feed	58362105
5	BlinkStart	58362251
5	BlinkEnd	58371970
5	NoFeedLowProb	58372050
2	BlinkStart	58372112
2	BlinkEnd	58380794
2	0DropFeed	58380874
25,5	BlinkStart	58381032
25,5	BlinkEnd	58389483
5	0DropFeed	58389564
25	Feed	58389644
8,54,2	BlinkStart	58389792
8,54,2	BlinkEnd	58393292
2	0DropFeed	58393372
24,5	BlinkStart	58393549
24,5	BlinkEnd	58403386
5	0DropFeed	58403466
24	NoFeedAbort	58403546
1	BlinkStart	58413598
1	BlinkEnd	58418023
1	NoFeedLowProb	58418103
6,49	BlinkStart	58418189
6,49	BlinkEnd	58421238
6	Feed	58421318
49	Feed	58421398
1	BlinkStart	58421536
1	BlinkEnd	58428986
1	NoFeedLowProb	58429066
4,42	BlinkStart	58429145
4,42	BlinkEnd	58431525
4	Feed	58431605
42	Feed	58431685
1	BlinkStart	58431818
1	BlinkEnd	58438878
1	NoFeedLowProb	58438959
4,42	BlinkStart	58439044
4,42	BlinkEnd	58458865
4	Feed	58458945
42	Feed	58459025
1	BlinkStart	58459168
1	BlinkEnd	58467219
1	NoFeedLowProb	58467299
4,42	BlinkStart	58467378
4,42	BlinkEnd	58481997
4	Feed	58482077
42	Feed	58482157
21,1	BlinkStart	58482279
21,1	BlinkEnd	58489075
1	0DropFeed	58489155
21	Feed	58489236
4,42,6,49	BlinkStart	58489397
4,42,6,49	BlinkEnd	58492284
6	Feed	58492364
49	Feed	58492444
20,1	BlinkStart	58492570
20,1	BlinkEnd	58501575
1	0DropFeed	58501655
20	Feed	58501735
4,42,6,49	BlinkStart	58501873
4,42,6,49	BlinkEnd	58504449
6	Feed	58504529
49	Feed	58504609
19,1	BlinkStart	58504749
19,1	BlinkEnd	58513005
1	0DropFeed	58513085
19	Feed	58513165
4,42,6,49	BlinkStart	58513328
4,42,6,49	BlinkEnd	58515818
6	Feed	58515898
49	Feed	58515978
18,1	BlinkStart	58516127
18,1	BlinkEnd	58523098
1	0DropFeed	58523178
18	Feed	58523258
4,42,6,49	BlinkStart	58523423
4,42,6,49	BlinkEnd	58525771
6	Feed	58525851
49	Feed	58525931
17,1	BlinkStart	58526056
17,1	BlinkEnd	58533524
1	0DropFeed	58533604
17	Feed	58533684
4,42,6,49	BlinkStart	58533848
4,42,6,49	BlinkEnd	58536198
6	Feed	58536278
49	Feed	58536358
16,1	BlinkStart	58536525
16,1	BlinkEnd	58543550
1	0DropFeed	58543630
16	Feed	58543711
4,42,6,49	BlinkStart	58543849
4,42,6,49	BlinkEnd	58546157
6	Feed	58546237
49	Feed	58546317
14,1	BlinkStart	58546470
14,1	BlinkEnd	58554112
1	0DropFeed	58554192
14	NoFeedAbort	58554272
5	BlinkStart	58564325
5	BlinkEnd	58571623
5	NoFeedLowProb	58571703
2,39	BlinkStart	58571763
2,39	BlinkEnd	58575638
2	Feed	58575719
39	Feed	58575799
5	BlinkStart	58575936
5	BlinkEnd	58584532
5	NoFeedLowProb	58584612
8	BlinkStart	58584699
8	BlinkEnd	58588402
8	0DropFeed	58588482
5	BlinkStart	58588646
5	BlinkEnd	58597357
5	NoFeedLowProb	58597437
8	BlinkStart	58597521
8	BlinkEnd	58601503
8	0DropFeed	58601584
5	BlinkStart	58601736
5	BlinkEnd	58616340
5	NoFeedLowProb	58616421
8	BlinkStart	58616508
8	BlinkEnd	58691603
8	0DropFeed	58691683
25,5	BlinkStart	58691857
25,5	BlinkEnd	58695280
5	0DropFeed	58695361
25	Feed	58695441
2,39,8	BlinkStart	58695594
2,39,8	BlinkEnd	58699424
2	Feed	58699504
39	Feed	58699584
24,5	BlinkStart	58699722
24,5	BlinkEnd	58706845
5	0DropFeed	58706925
24	NoFeedAbort	58707005
1	BlinkStart	58717053
1	BlinkEnd	58722217
1	NoFeedLowProb	58722297
4,44	BlinkStart	58722402
4,44	BlinkEnd	58725894
4	Feed	58725974
44	Feed	58726055
1	BlinkStart	58726209
1	BlinkEnd	58733386
1	NoFeedLowProb	58733466
4,44	BlinkStart	58733551
4,44	BlinkEnd	58736320
4	Feed	58736400
44	Feed	58736481
1	BlinkStart	58736634
1	BlinkEnd	58748086
1	NoFeedLowProb	58748166
4,44	BlinkStart	58748258
4,44	BlinkEnd	58750959
4	Feed	58751039
44	Feed	58751119
1	BlinkStart	58751269
1	BlinkEnd	58761118
1	NoFeedLowProb	58761198
4,44	BlinkStart	58761270
4,44	BlinkEnd	58764593
4	Feed	58764673
44	Feed	58764753
21,1	BlinkStart	58764884
21,1	BlinkEnd	58773417
1	0DropFeed	58773497
21	Feed	58773577
6,50,4,44	BlinkStart	58773720
6,50,4,44	BlinkEnd	58777092
4	Feed	58777172
44	Feed	58777252
20,1	BlinkStart	58777403
20,1	BlinkEnd	58784382
1	0DropFeed	58784462
20	Feed	58784542
6,50,4,44	BlinkStart	58784688
6,50,4,44	BlinkEnd	58787321
4	Feed	58787401
44	Feed	58787481
19,1	BlinkStart	58787628
19,1	BlinkEnd	58794606
1	0DropFeed	58794686
19	Feed	58794767
6,50,4,44	BlinkStart	58794904
6,50,4,44	BlinkEnd	58798083
4	Feed	58798163
44	Feed	58798243
18,1	BlinkStart	58798400
18,1	BlinkEnd	58808576
1	0DropFeed	58808656
18	Feed	58808736
6,50,4,44	BlinkStart	58808904
6,50,4,44	BlinkEnd	58823548
6	Feed	58823628
50	Feed	58823708
17,1	BlinkStart	58823850
17,1	BlinkEnd	58832440
1	0DropFeed	58832520
17	Feed	58832600
6,50,4,44	BlinkStart	58832741
6,50,4,44	BlinkEnd	58863385
4	Feed	58863465
44	Feed	58863545
16,1	BlinkStart	58863676
16,1	BlinkEnd	58873545
1	0DropFeed	58873625
16	Feed	58873705
6,50,4,44	BlinkStart	58873849
6,50,4,44	BlinkEnd	58878759
4	Feed	58878839
44	Feed	58878919
14,1	BlinkStart	58879043
14,1	BlinkEnd	58886779
1	0DropFeed	58886859
14	NoFeedAbort	58886939
5	BlinkStart	58896985
5	BlinkEnd	58907299
5	NoFeedLowProb	58907380
8,52	BlinkStart	58907452
8,52	BlinkEnd	58911109
8	Feed	58911189
52	Feed	58911269
5	BlinkStart	58911410
5	BlinkEnd	58918796
5	NoFeedLowProb	58918876
8,52	BlinkStart	58918957
8,52	BlinkEnd	58922873
8	Feed	58922953
52	Feed	58923033
5	BlinkStart	58923170
5	BlinkEnd	58931163
5	NoFeedLowProb	58931243
2,41	BlinkStart	58931314
2,41	BlinkEnd	58935171
2	Feed	58935251
41	Feed	58935331
5	BlinkStart	58935467
5	BlinkEnd	58945199
5	NoFeedLowProb	58945279
8,52	BlinkStart	58945378
8,52	BlinkEnd	58949343
8	Feed	58949423
52	Feed	58949504
25,5	BlinkStart	58949636
25,5	BlinkEnd	58958298
5	0DropFeed	58958378
25	Feed	58958458
2,41,8,52	BlinkStart	58958613
2,41,8,52	BlinkEnd	58962643
2	Feed	58962723
41	Feed	58962803
24,5	BlinkStart	58962942
24,5	BlinkEnd	58976346
5	0DropFeed	58976427
24	NoFeedAbort	58976508
1	BlinkStart	58986564
1	BlinkEnd	58992526
1	NoFeedLowProb	58992606
4,44	BlinkStart	58992687
4,44	BlinkEnd	58995997
4	Feed	58996077
44	Feed	58996157
1	BlinkStart	58996293
1	BlinkEnd	59004354
1	NoFeedLowProb	59004434
4,44	BlinkStart	59004523
4,44	BlinkEnd	59008430
4	Feed	59008510
44	Feed	59008591
1	BlinkStart	59008747
1	BlinkEnd	59017654
1	NoFeedLowProb	59017734
4,44	BlinkStart	59017813
4,44	BlinkEnd	59021731
4	Feed	59021811
44	Feed	59021891
1	BlinkStart	59022043
1	BlinkEnd	59030422
1	NoFeedLowProb	59030502
6	BlinkStart	59030555
6	BlinkEnd	59033963
6	0DropFeed	59034043
21,1	BlinkStart	59034193
21,1	BlinkEnd	59042921
1	0DropFeed	59043001
21	Feed	59043081
4,44,6	BlinkStart	59043251
4,44,6	BlinkEnd	59046463
4	Feed	59046543
44	Feed	59046623
20,1	BlinkStart	59046745
20,1	BlinkEnd	59057899
1	0DropFeed	59057979
20	Feed	59058060
4,44,6	BlinkStart	59058192
4,44,6	BlinkEnd	59061439
4	Feed	59061520
44	Feed	59061600
19,1	BlinkStart	59061732
19,1	BlinkEnd	59069456
1	0DropFeed	59069536
19	Feed	59069616
4,44,6	BlinkStart	59069753
4,44,6	BlinkEnd	59073066
4	Feed	59073147
44	Feed	59073227
18,1	BlinkStart	59073381
18,1	BlinkEnd	59080753
1	0DropFeed	59080833
18	Feed	59080913
4,44,6	BlinkStart	59081070
4,44,6	BlinkEnd	59083760
4	Feed	59083840
44	Feed	59083920
17,1	BlinkStart	59084071
17,1	BlinkEnd	59094186
1	0DropFeed	59094266
17	Feed	59094347
4,44,6	BlinkStart	59094523
4,44,6	BlinkEnd	59097930
4	Feed	59098011
44	Feed	59098092
16,1	BlinkStart	59098219
16,1	BlinkEnd	59107292
1	0DropFeed	59107372
16	Feed	59107452
4,44,6	BlinkStart	59107605
4,44,6	BlinkEnd	59110496
4	Feed	59110576
44	Feed	59110656
14,1	BlinkStart	59110820
14,1	BlinkEnd	59121258
1	0DropFeed	59121338
14	NoFeedAbort	59121419
5	BlinkStart	59131491
5	BlinkEnd	59141644
5	NoFeedLowProb	59141724
8,56	BlinkStart	59141809
8,56	BlinkEnd	59145388
8	Feed	59145468
56	Feed	59145548
5	BlinkStart	59145697
5	BlinkEnd	59157886
5	NoFeedLowProb	59157966
2,40	BlinkStart	59158052
2,40	BlinkEnd	59161496
2	Feed	59161576
40	Feed	59161656
5	BlinkStart	59161815
5	BlinkEnd	59170920
5	NoFeedLowProb	59171001
8,56	BlinkStart	59171092
8,56	BlinkEnd	59175532
8	Feed	59175612
56	Feed	59175692
5	BlinkStart	59175833
5	BlinkEnd	59191508
5	NoFeedLowProb	59191588
8,56	BlinkStart	59191647
8,56	BlinkEnd	59195116
8	Feed	59195196
56	Feed	59195277
25,5	BlinkStart	59195433
25,5	BlinkEnd	59211561
5	0DropFeed	59211641
25	Feed	59211721
8,56,2,40	BlinkStart	59211903
8,56,2,40	BlinkEnd	59215570
8	Feed	59215650
56	Feed	59215730
24,5	BlinkStart	59215881
24,5	BlinkEnd	59228871
5	0DropFeed	59228951
24	NoFeedAbort	59229032
1	BlinkStart	59239078
1	BlinkEnd	59246652
1	NoFeedLowProb	59246733
6,49	BlinkStart	59246789
6,49	BlinkEnd	59250472
6	Feed	59250552
49	Feed	59250633
1	BlinkStart	59250783
1	BlinkEnd	59259151
1	NoFeedLowProb	59259232
6,49	BlinkStart	59259304
6,49	BlinkEnd	59262763
6	Feed	59262844
49	Feed	59262924
1	BlinkStart	59263060
1	BlinkEnd	59272853
1	NoFeedLowProb	59272933
4,42	BlinkStart	59273026
4,42	BlinkEnd	59275727
4	Feed	59275807
42	Feed	59275888
1	BlinkStart	59276055
1	BlinkEnd	59288502
1	NoFeedLowProb	59288582
4,42	BlinkStart	59288674
4,42	BlinkEnd	59291434
4	Feed	59291514
42	Feed	59291594
21,1	BlinkStart	59291738
21,1	BlinkEnd	59323585
1	0DropFeed	59323665
21	Feed	59323745
6,49,4,42	BlinkStart	59323909
6,49,4,42	BlinkEnd	59327600
4	Feed	59327681
42	Feed	59327761
20,1	BlinkStart	59327898
20,1	BlinkEnd	59334346
1	0DropFeed	59334427
20	Feed	59334508
6,49,4,42	BlinkStart	59334661
6,49,4,42	BlinkEnd	59338091
6	Feed	59338171
49	Feed	59338251
19,1	BlinkStart	59338390
19,1	BlinkEnd	59346980
1	0DropFeed	59347060
19	Feed	59347140
6,49,4,42	BlinkStart	59347291
6,49,4,42	BlinkEnd	59350522
6	Feed	59350602
49	Feed	59350682
18,1	BlinkStart	59350822
18,1	BlinkEnd	59359613
1	0DropFeed	59359693
18	Feed	59359773
6,49,4,42	BlinkStart	59359911
6,49,4,42	BlinkEnd	59363489
4	Feed	59363570
42	Feed	59363650
17,1	BlinkStart	59363793
17,1	BlinkEnd	59369906
1	0DropFeed	59369986
17	Feed	59370066
6,49,4,42	BlinkStart	59370226
6,49,4,42	BlinkEnd	59373716
4	Feed	59373796
42	Feed	59373876
16,1	BlinkStart	59374030
16,1	BlinkEnd	59380801
1	0DropFeed	59380881
16	Feed	59380961
6,49,4,42	BlinkStart	59381117
6,49,4,42	BlinkEnd	59385011
6	Feed	59385091
49	Feed	59385171
14,1	BlinkStart	59385296
14,1	BlinkEnd	59394035
1	0DropFeed	59394115
14	NoFeedAbort	59394195
5	BlinkStart	59404240
5	BlinkEnd	59406673
5	NoFeedLowProb	59406753
8,53	BlinkStart	59406788
8,53	BlinkEnd	59410479
8	Feed	59410559
53	Feed	59410639
5	BlinkStart	59410781
5	BlinkEnd	59420772
5	NoFeedLowProb	59420852
2,37	BlinkStart	59420926
2,37	BlinkEnd	59424856
2	Feed	59424936
37	Feed	59425016
5	BlinkStart	59425166
5	BlinkEnd	59433005
5	NoFeedLowProb	59433085
8,53	BlinkStart	59433166
8,53	BlinkEnd	59437216
8	Feed	59437296
53	Feed	59437376
5	BlinkStart	59437520
5	BlinkEnd	59449246
5	NoFeedLowProb	59449327
8,53	BlinkStart	59449415
8,53	BlinkEnd	59453858
8	Feed	59453938
53	Feed	59454019
25,5	BlinkStart	59454156
25,5	BlinkEnd	59467360
5	0DropFeed	59467440
25	Feed	59467520
8,53,2,37	BlinkStart	59467660
8,53,2,37	BlinkEnd	59471704
2	Feed	59471785
37	Feed	59471865
24,5	BlinkStart	59472014
24,5	BlinkEnd	59483201
5	0DropFeed	59483281
24	NoFeedAbort	59483362
1	BlinkStart	59493408
1	BlinkEnd	59504458
1	NoFeedLowProb	59504538
4,43	BlinkStart	59504615
4,43	BlinkEnd	59508136
4	Feed	59508217
43	Feed	59508297
1	BlinkStart	59508445
1	BlinkEnd	59518225
1	NoFeedLowProb	59518305
6,51	BlinkStart	59518396
6,51	BlinkEnd	59522036
6	Feed	59522116
51	Feed	59522196
1	BlinkStart	59522336
1	BlinkEnd	59533933
1	NoFeedLowProb	59534013
4,43	BlinkStart	59534112
4,43	BlinkEnd	59537476
4	Feed	59537556
43	Feed	59537637
1	BlinkStart	59537779
1	BlinkEnd	59550979
1	NoFeedLowProb	59551059
4,43	BlinkStart	59551158
4,43	BlinkEnd	59555724
4	Feed	59555804
43	Feed	59555884
21,1	BlinkStart	59556026
21,1	BlinkEnd	59568357
1	0DropFeed	59568437
21	Feed	59568517
6,51,4,43	BlinkStart	59568670
6,51,4,43	BlinkEnd	59571766
4	Feed	59571846
43	Feed	59571926
20,1	BlinkStart	59572062
20,1	BlinkEnd	59583129
1	0DropFeed	59583209
20	Feed	59583290
6,51,4,43	BlinkStart	59583433
6,51,4,43	BlinkEnd	59587072
4	Feed	59587152
43	Feed	59587233
19,1	BlinkStart	59587376
19,1	BlinkEnd	59595026
1	0DropFeed	59595107
19	Feed	59595187
6,51,4,43	BlinkStart	59595351
6,51,4,43	BlinkEnd	59598836
4	Feed	59598916
43	Feed	59598996
18,1	BlinkStart	59599158
18,1	BlinkEnd	59606790
1	0DropFeed	59606870
18	Feed	59606950
6,51,4,43	BlinkStart	59607084
6,51,4,43	BlinkEnd	59610667
4	Feed	59610747
43	Feed	59610827
17,1	BlinkStart	59610985
17,1	BlinkEnd	59619089
1	0DropFeed	59619169
17	Feed	59619249
6,51,4,43	BlinkStart	59619401
6,51,4,43	BlinkEnd	59623166
4	Feed	59623246
43	Feed	59623326
16,1	BlinkStart	59623480
16,1	BlinkEnd	59632925
1	0DropFeed	59633005
16	Feed	59633086
6,51,4,43	BlinkStart	59633249
6,51,4,43	BlinkEnd	59637070
4	Feed	59637150
43	Feed	59637231
14,1	BlinkStart	59637375
14,1	BlinkEnd	59645358
1	0DropFeed	59645438
14	NoFeedAbort	59645518
5	BlinkStart	59655564
5	BlinkEnd	59657256
5	NoFeedLowProb	59657336
2,40	BlinkStart	59657380
2,40	BlinkEnd	59661734
2	Feed	59661815
40	Feed	59661896
5	BlinkStart	59662067
5	BlinkEnd	59675703
5	NoFeedLowProb	59675783
8	BlinkStart	59675854
8	BlinkEnd	59680249
8	0DropFeed	59680329
5	BlinkStart	59680487
5	BlinkEnd	59688737
5	NoFeedLowProb	59688817
8	BlinkStart	59688893
8	BlinkEnd	59695556
8	0DropFeed	59695636
5	BlinkStart	59695802
5	BlinkEnd	59704712
5	NoFeedLowProb	59704792
8	BlinkStart	59704879
8	BlinkEnd	59710468
8	0DropFeed	59710548
25,5	BlinkStart	59710698
25,5	BlinkEnd	59718348
5	0DropFeed	59718428
25	Feed	59718508
2,40,8	BlinkStart	59718650
2,40,8	BlinkEnd	59722425
2	Feed	59722505
40	Feed	59722585
24,5	BlinkStart	59722732
24,5	BlinkEnd	59736662
5	0DropFeed	59736742
24	NoFeedAbort	59736823
1	BlinkStart	59746869
1	BlinkEnd	59761467
1	NoFeedLowProb	59761547
4,42	BlinkStart	59761594
4,42	BlinkEnd	59765204
4	Feed	59765284
42	Feed	59765364
1	BlinkStart	59765507
1	BlinkEnd	59773625
1	NoFeedLowProb	59773705
4,42	BlinkStart	59773794
4,42	BlinkEnd	59778918
4	Feed	59778998
42	Feed	59779078
1	BlinkStart	59779223
1	BlinkEnd	59789934
1	NoFeedLowProb	59790014
4,42	BlinkStart	59790102
4,42	BlinkEnd	59796418
4	Feed	59796498
42	Feed	59796578
1	BlinkStart	59796730
1	BlinkEnd	59806310
1	NoFeedLowProb	59806390
4,42	BlinkStart	59806460
4,42	BlinkEnd	59810989
4	Feed	59811070
42	Feed	59811150
21,1	BlinkStart	59811273
21,1	BlinkEnd	59824291
1	0DropFeed	59824371
21	Feed	59824451
4,42,6,50	BlinkStart	59824617
4,42,6,50	BlinkEnd	59829504
6	Feed	59829584
50	Feed	59829664
20,1	BlinkStart	59829820
20,1	BlinkEnd	59846615
1	0DropFeed	59846695
20	Feed	59846775
4,42,6,50	BlinkStart	59846914
4,42,6,50	BlinkEnd	59851495
6	Feed	59851575
50	Feed	59851655
19,1	BlinkStart	59851805
19,1	BlinkEnd	59866534
1	0DropFeed	59866614
19	Feed	59866694
4,42,6,50	BlinkStart	59866830
4,42,6,50	BlinkEnd	59870812
4	Feed	59870893
42	Feed	59870973
18,1	BlinkStart	59871114
18,1	BlinkEnd	59879635
1	0DropFeed	59879715
18	Feed	59879796
4,42,6,50	BlinkStart	59879936
4,42,6,50	BlinkEnd	59883780
6	Feed	59883860
50	Feed	59883941
17,1	BlinkStart	59884073
17,1	BlinkEnd	59897816
1	0DropFeed	59897897
17	Feed	59897978
4,42,6,50	BlinkStart	59898138
4,42,6,50	BlinkEnd	59902093
4	Feed	59902173
42	Feed	59902253
16,1	BlinkStart	59902392
16,1	BlinkEnd	59911251
1	0DropFeed	59911331
16	Feed	59911412
4,42,6,50	BlinkStart	59911571
4,42,6,50	BlinkEnd	59915796
6	Feed	59915876
50	Feed	59915956
14,1	BlinkStart	59916089
14,1	BlinkEnd	59935982
1	0DropFeed	59936062
14	NoFeedAbort	59936142
5	BlinkStart	59946189
5	BlinkEnd	59946453
5	NoFeedLowProb	59946533
8,53	BlinkStart	59946587
8,53	BlinkEnd	59950632
8	Feed	59950712
53	Feed	59950792
5	BlinkStart	59950952
5	BlinkEnd	59984442
5	NoFeedLowProb	59984522
8,53	BlinkStart	59984575
8,53	BlinkEnd	59989321
8	Feed	59989401
53	Feed	59989481
5	BlinkStart	59989634
5	BlinkEnd	60001022
5	NoFeedLowProb	60001102
8,53	BlinkStart	60001160
8,53	BlinkEnd	60005901
8	Feed	60005981
53	Feed	60006061
5	BlinkStart	60006188
5	BlinkEnd	60018664
5	NoFeedLowProb	60018744
2,37	BlinkStart	60018843
2,37	BlinkEnd	60023209
2	Feed	60023289
37	Feed	60023369
25,5	BlinkStart	60023506
25,5	BlinkEnd	60033636
5	0DropFeed	60033716
25	Feed	60033796
2,37,8,53	BlinkStart	60033950
2,37,8,53	BlinkEnd	60038116
8	Feed	60038196
53	Feed	60038276
24,5	BlinkStart	60038436
24,5	BlinkEnd	60048810
5	0DropFeed	60048890
24	NoFeedAbort	60048970
1	BlinkStart	60059016
1	BlinkEnd	60072672
1	NoFeedLowProb	60072752
4,46	BlinkStart	60072792
4,46	BlinkEnd	60076548
4	Feed	60076629
46	Feed	60076709
1	BlinkStart	60076837
1	BlinkEnd	60090452
1	NoFeedLowProb	60090532
6,50	BlinkStart	60090639
6,50	BlinkEnd	60094396
6	Feed	60094476
50	Feed	60094556
1	BlinkStart	60094714
1	BlinkEnd	60107763
1	NoFeedLowProb	60107843
4,46	BlinkStart	60107936
4,46	BlinkEnd	60111305
4	Feed	60111385
46	Feed	60111465
1	BlinkStart	60111605
1	BlinkEnd	60125677
1	NoFeedLowProb	60125757
6,50	BlinkStart	60125840
6,50	BlinkEnd	60129956
6	Feed	60130037
50	Feed	60130117
21,1	BlinkStart	60130261
21,1	BlinkEnd	60142923
1	0DropFeed	60143003
21	Feed	60143083
6,50,4,46	BlinkStart	60143225
6,50,4,46	BlinkEnd	60146599
6	Feed	60146679
50	Feed	60146759
20,1	BlinkStart	60146899
20,1	BlinkEnd	60157561
1	0DropFeed	60157641
20	Feed	60157721
6,50,4,46	BlinkStart	60157870
6,50,4,46	BlinkEnd	60161238
6	Feed	60161318
50	Feed	60161398
19,1	BlinkStart	60161550
19,1	BlinkEnd	60172532
1	0DropFeed	60172613
19	Feed	60172694
6,50,4,46	BlinkStart	60172856
6,50,4,46	BlinkEnd	60176208
6	Feed	60176288
50	Feed	60176368
18,1	BlinkStart	60176523
18,1	BlinkEnd	60188641
1	0DropFeed	60188721
18	Feed	60188801
6,50,4,46	BlinkStart	60188949
6,50,4,46	BlinkEnd	60192184
6	Feed	60192264
50	Feed	60192344
17,1	BlinkStart	60192485
17,1	BlinkEnd	60203480
1	0DropFeed	60203560
17	Feed	60203640
6,50,4,46	BlinkStart	60203795
6,50,4,46	BlinkEnd	60207023
6	Feed	60207104
50	Feed	60207184
16,1	BlinkStart	60207313
16,1	BlinkEnd	60220326
1	0DropFeed	60220406
16	Feed	60220487
6,50,4,46	BlinkStart	60220644
6,50,4,46	BlinkEnd	60224201
6	Feed	60224281
50	Feed	60224362
14,1	BlinkStart	60224503
14,1	BlinkEnd	60236499
1	0DropFeed	60236580
14	NoFeedAbort	60236660
5	BlinkStart	60246712
5	BlinkEnd	60246975
5	NoFeedLowProb	60247055
8	BlinkStart	60247129
8	BlinkEnd	60251338
8	0DropFeed	60251418
5	BlinkStart	60251568
5	BlinkEnd	60307017
5	NoFeedLowProb	60307097
2,38	BlinkStart	60307173
2,38	BlinkEnd	61421655
