Ver1.3	1208496472	StartFile	1/7/2021	1:18:12 PM	E:\BehavioralExperiments\Gerald\Horizon\RawData\010721\SoundData.txt	1208496472
1208838347	Triggered	5,23,24,25,26,27,28,29,30,31,	 NoSound	40	2	1208838347
1208838548	Triggered	5,23,24,25,26,27,28,29,30,31,	 StopSoundShort	40	2	1208838548
1208862233	Triggered	1,14,15,16,17,18,19,20,21,22,	 NoSound	40	2	1208862233
1208866086	Triggered	6,47,48,49,50,51,	 NoSound	40	2	1208866086
1208866287	Triggered	6,47,48,49,50,51,	 File_beep4	40	2	1208866287
1208881549	Triggered	1,14,15,16,17,18,19,20,21,22,	 NoSound	40	2	1208881549
1208884434	Triggered	6,47,48,49,50,51,	 NoSound	40	2	1208884434
1208884637	Triggered	6,47,48,49,50,51,	 File_beep4	40	2	1208884637
1208899235	Triggered	1,14,15,16,17,18,19,20,21,22,	 NoSound	40	2	1208899235
1208905733	Triggered	6,47,48,49,50,51,	 NoSound	40	2	1208905733
1208905936	Triggered	6,47,48,49,50,51,	 File_beep4	40	2	1208905936
1208919631	Triggered	1,14,15,16,17,18,19,20,21,22,	 NoSound	40	2	1208919631
1208919833	Triggered	1,14,15,16,17,18,19,20,21,22,	 PureTone-9kHz	40	2	1208919833
1208922760	Triggered	6,47,48,49,50,51,	 NoSound	40	2	1208922760
1208922963	Triggered	6,47,48,49,50,51,	 File_beep4	40	2	1208922963
1208938523	Triggered	1,14,15,16,17,18,19,20,21,22,	 NoSound	40	2	1208938523
1208938726	Triggered	1,14,15,16,17,18,19,20,21,22,	 PureTone-7kHz	40	2	1208938726
1208941472	Triggered	6,47,48,49,50,51,	 NoSound	40	2	1208941472
1208941683	Triggered	6,47,48,49,50,51,	 File_beep4	40	2	1208941683
1208954347	Triggered	1,14,15,16,17,18,19,20,21,22,	 NoSound	40	2	1208954347
1208954551	Triggered	1,14,15,16,17,18,19,20,21,22,	 PureTone-5kHz	40	2	1208954551
1208957596	Triggered	6,47,48,49,50,51,	 NoSound	40	2	1208957596
1208957799	Triggered	6,47,48,49,50,51,	 File_beep4	40	2	1208957799
1208971915	Triggered	1,14,15,16,17,18,19,20,21,22,	 NoSound	40	2	1208971915
1208972117	Triggered	1,14,15,16,17,18,19,20,21,22,	 PureTone-3kHz	40	2	1208972117
1208976307	Triggered	6,47,48,49,50,51,	 NoSound	40	2	1208976307
1208976509	Triggered	6,47,48,49,50,51,	 File_beep4	40	2	1208976509
1209012827	Triggered	1,14,15,16,17,18,19,20,21,22,	 NoSound	40	2	1209012827
1209013030	Triggered	1,14,15,16,17,18,19,20,21,22,	 PureTone-2kHz	40	2	1209013030
1209015837	Triggered	6,47,48,49,50,51,	 NoSound	40	2	1209015837
1209016039	Triggered	6,47,48,49,50,51,	 File_beep4	40	2	1209016039
1209029794	Triggered	1,14,15,16,17,18,19,20,21,22,	 NoSound	40	2	1209029794
1209029996	Triggered	1,14,15,16,17,18,19,20,21,22,	 PureTone-1kHz	40	2	1209029996
1209033104	Triggered	6,47,48,49,50,51,	 NoSound	40	2	1209033104
1209033307	Triggered	6,47,48,49,50,51,	 File_beep4	40	2	1209033307
1209047423	Triggered	1,14,15,16,17,18,19,20,21,22,	 NoSound	40	2	1209047423
1209047624	Triggered	1,14,15,16,17,18,19,20,21,22,	 StopSoundShort	40	2	1209047624
1209058915	Triggered	5,23,24,25,26,27,28,29,30,31,	 NoSound	40	2	1209058915
1209062163	Triggered	8,52,53,54,55,56,	 NoSound	40	2	1209062163
1209062365	Triggered	8,52,53,54,55,56,	 File_beep3	40	2	1209062365
1209069865	Triggered	5,23,24,25,26,27,28,29,30,31,	 NoSound	40	2	1209069865
1209073897	Triggered	8,52,53,54,55,56,	 NoSound	40	2	1209073897
1209074098	Triggered	8,52,53,54,55,56,	 File_beep3	40	2	1209074098
1209084667	Triggered	5,23,24,25,26,27,28,29,30,31,	 NoSound	40	2	1209084667
1209088035	Triggered	8,52,53,54,55,56,	 NoSound	40	2	1209088035
1209088238	Triggered	8,52,53,54,55,56,	 File_beep3	40	2	1209088238
1209096339	Triggered	5,23,24,25,26,27,28,29,30,31,	 NoSound	40	2	1209096339
1209096542	Triggered	5,23,24,25,26,27,28,29,30,31,	 PureTone-9kHz	40	2	1209096542
1209100189	Triggered	2,37,38,39,40,41,	 NoSound	40	2	1209100189
1209100389	Triggered	2,37,38,39,40,41,	 File_beep1	40	2	1209100389
1209106446	Triggered	5,23,24,25,26,27,28,29,30,31,	 NoSound	40	2	1209106446
1209106650	Triggered	5,23,24,25,26,27,28,29,30,31,	 PureTone-7kHz	40	2	1209106650
1209110839	Triggered	2,37,38,39,40,41,	 NoSound	40	2	1209110839
1209111039	Triggered	2,37,38,39,40,41,	 File_beep1	40	2	1209111039
1209121367	Triggered	5,23,24,25,26,27,28,29,30,31,	 NoSound	40	2	1209121367
1209121569	Triggered	5,23,24,25,26,27,28,29,30,31,	 PureTone-5kHz	40	2	1209121569
1209126362	Triggered	8,52,53,54,55,56,	 NoSound	40	2	1209126362
1209126563	Triggered	8,52,53,54,55,56,	 File_beep3	40	2	1209126563
1209136047	Triggered	5,23,24,25,26,27,28,29,30,31,	 NoSound	40	2	1209136047
1209136250	Triggered	5,23,24,25,26,27,28,29,30,31,	 PureTone-3kHz	40	2	1209136250
1209138997	Triggered	8,52,53,54,55,56,	 NoSound	40	2	1209138997
1209139200	Triggered	8,52,53,54,55,56,	 File_beep3	40	2	1209139200
1209146215	Triggered	5,23,24,25,26,27,28,29,30,31,	 NoSound	40	2	1209146215
1209146417	Triggered	5,23,24,25,26,27,28,29,30,31,	 PureTone-2kHz	40	2	1209146417
1209149645	Triggered	8,52,53,54,55,56,	 NoSound	40	2	1209149645
1209149847	Triggered	8,52,53,54,55,56,	 File_beep3	40	2	1209149847
1209157828	Triggered	5,23,24,25,26,27,28,29,30,31,	 NoSound	40	2	1209157828
1209158030	Triggered	5,23,24,25,26,27,28,29,30,31,	 PureTone-1kHz	40	2	1209158030
1209161199	Triggered	8,52,53,54,55,56,	 NoSound	40	2	1209161199
1209161401	Triggered	8,52,53,54,55,56,	 File_beep3	40	2	1209161401
1209172088	Triggered	5,23,24,25,26,27,28,29,30,31,	 NoSound	40	2	1209172088
1209172289	Triggered	5,23,24,25,26,27,28,29,30,31,	 StopSoundShort	40	2	1209172289
1209184302	Triggered	1,14,15,16,17,18,19,20,21,22,	 NoSound	40	2	1209184302
1209187008	Triggered	4,42,43,44,45,46,	 NoSound	40	2	1209187008
1209191524	Triggered	1,14,15,16,17,18,19,20,21,22,	 NoSound	40	2	1209191524
1209215587	Triggered	4,42,43,44,45,46,	 NoSound	40	2	1209215587
1209219257	Triggered	1,14,15,16,17,18,19,20,21,22,	 NoSound	40	2	1209219257
1209258485	Triggered	4,42,43,44,45,46,	 NoSound	40	2	1209258485
1209267329	Triggered	1,14,15,16,17,18,19,20,21,22,	 NoSound	40	2	1209267329
1209267533	Triggered	1,14,15,16,17,18,19,20,21,22,	 PureTone-9kHz	40	2	1209267533
1209274128	Triggered	6,47,48,49,50,51,	 NoSound	40	2	1209274128
1209274330	Triggered	6,47,48,49,50,51,	 File_beep2	40	2	1209274330
1209283033	Triggered	1,14,15,16,17,18,19,20,21,22,	 NoSound	40	2	1209283033
1209283237	Triggered	1,14,15,16,17,18,19,20,21,22,	 PureTone-7kHz	40	2	1209283237
1209286403	Triggered	6,47,48,49,50,51,	 NoSound	40	2	1209286403
1209286605	Triggered	6,47,48,49,50,51,	 File_beep2	40	2	1209286605
1209295306	Triggered	1,14,15,16,17,18,19,20,21,22,	 NoSound	40	2	1209295306
1209295509	Triggered	1,14,15,16,17,18,19,20,21,22,	 PureTone-5kHz	40	2	1209295509
1209298135	Triggered	6,47,48,49,50,51,	 NoSound	40	2	1209298135
1209298347	Triggered	6,47,48,49,50,51,	 File_beep2	40	2	1209298347
1209307099	Triggered	1,14,15,16,17,18,19,20,21,22,	 NoSound	40	2	1209307099
1209307300	Triggered	1,14,15,16,17,18,19,20,21,22,	 PureTone-3kHz	40	2	1209307300
1209310108	Triggered	6,47,48,49,50,51,	 NoSound	40	2	1209310108
1209310310	Triggered	6,47,48,49,50,51,	 File_beep2	40	2	1209310310
1209321418	Triggered	1,14,15,16,17,18,19,20,21,22,	 NoSound	40	2	1209321418
1209321618	Triggered	1,14,15,16,17,18,19,20,21,22,	 PureTone-2kHz	40	2	1209321618
1209324907	Triggered	6,47,48,49,50,51,	 NoSound	40	2	1209324907
1209325110	Triggered	6,47,48,49,50,51,	 File_beep2	40	2	1209325110
1209333812	Triggered	1,14,15,16,17,18,19,20,21,22,	 NoSound	40	2	1209333812
1209334014	Triggered	1,14,15,16,17,18,19,20,21,22,	 PureTone-1kHz	40	2	1209334014
1209337062	Triggered	6,47,48,49,50,51,	 NoSound	40	2	1209337062
1209337264	Triggered	6,47,48,49,50,51,	 File_beep2	40	2	1209337264
1209346508	Triggered	1,14,15,16,17,18,19,20,21,22,	 NoSound	40	2	1209346508
1209346708	Triggered	1,14,15,16,17,18,19,20,21,22,	 StopSoundShort	40	2	1209346708
1209357458	Triggered	5,23,24,25,26,27,28,29,30,31,	 NoSound	40	2	1209357458
1209360225	Triggered	2,37,38,39,40,41,	 NoSound	40	2	1209360225
1209360426	Triggered	2,37,38,39,40,41,	 File_beep2	40	2	1209360426
1209368228	Triggered	5,23,24,25,26,27,28,29,30,31,	 NoSound	40	2	1209368228
1209371235	Triggered	2,37,38,39,40,41,	 NoSound	40	2	1209371235
1209371446	Triggered	2,37,38,39,40,41,	 File_beep2	40	2	1209371446
1209378275	Triggered	5,23,24,25,26,27,28,29,30,31,	 NoSound	40	2	1209378275
1209382186	Triggered	2,37,38,39,40,41,	 NoSound	40	2	1209382186
1209382387	Triggered	2,37,38,39,40,41,	 File_beep2	40	2	1209382387
1209388623	Triggered	5,23,24,25,26,27,28,29,30,31,	 NoSound	40	2	1209388623
1209388826	Triggered	5,23,24,25,26,27,28,29,30,31,	 PureTone-9kHz	40	2	1209388826
1209392114	Triggered	8,52,53,54,55,56,	 NoSound	40	2	1209392114
1209392316	Triggered	8,52,53,54,55,56,	 File_beep5	40	2	1209392316
1209401921	Triggered	5,23,24,25,26,27,28,29,30,31,	 NoSound	40	2	1209401921
1209402125	Triggered	5,23,24,25,26,27,28,29,30,31,	 PureTone-7kHz	40	2	1209402125
1209405181	Triggered	8,52,53,54,55,56,	 NoSound	40	2	1209405181
1209405384	Triggered	8,52,53,54,55,56,	 File_beep5	40	2	1209405384
1209414435	Triggered	5,23,24,25,26,27,28,29,30,31,	 NoSound	40	2	1209414435
1209414639	Triggered	5,23,24,25,26,27,28,29,30,31,	 PureTone-5kHz	40	2	1209414639
1209417563	Triggered	8,52,53,54,55,56,	 NoSound	40	2	1209417563
1209417775	Triggered	8,52,53,54,55,56,	 File_beep5	40	2	1209417775
1209428393	Triggered	5,23,24,25,26,27,28,29,30,31,	 NoSound	40	2	1209428393
1209428596	Triggered	5,23,24,25,26,27,28,29,30,31,	 PureTone-3kHz	40	2	1209428596
1209431280	Triggered	8,52,53,54,55,56,	 NoSound	40	2	1209431280
1209431482	Triggered	8,52,53,54,55,56,	 File_beep5	40	2	1209431482
1209443736	Triggered	5,23,24,25,26,27,28,29,30,31,	 NoSound	40	2	1209443736
1209443951	Triggered	5,23,24,25,26,27,28,29,30,31,	 PureTone-2kHz	40	2	1209443951
1209446805	Triggered	2,37,38,39,40,41,	 NoSound	40	2	1209446805
1209447007	Triggered	2,37,38,39,40,41,	 File_beep2	40	2	1209447007
1209454024	Triggered	5,23,24,25,26,27,28,29,30,31,	 NoSound	40	2	1209454024
1209454225	Triggered	5,23,24,25,26,27,28,29,30,31,	 PureTone-1kHz	40	2	1209454225
1209457393	Triggered	2,37,38,39,40,41,	 NoSound	40	2	1209457393
1209457595	Triggered	2,37,38,39,40,41,	 File_beep2	40	2	1209457595
1209465455	Triggered	5,23,24,25,26,27,28,29,30,31,	 NoSound	40	2	1209465455
1209465655	Triggered	5,23,24,25,26,27,28,29,30,31,	 StopSoundShort	40	2	1209465655
1209481700	Triggered	1,14,15,16,17,18,19,20,21,22,	 NoSound	40	2	1209481700
1209485311	Triggered	4,42,43,44,45,46,	 NoSound	40	2	1209485311
1209485512	Triggered	4,42,43,44,45,46,	 File_beep1	40	2	1209485512
1209491326	Triggered	1,14,15,16,17,18,19,20,21,22,	 NoSound	40	2	1209491326
1209502999	Triggered	4,42,43,44,45,46,	 NoSound	40	2	1209502999
1209503199	Triggered	4,42,43,44,45,46,	 File_beep1	40	2	1209503199
1209509985	Triggered	1,14,15,16,17,18,19,20,21,22,	 NoSound	40	2	1209509985
1209513949	Triggered	4,42,43,44,45,46,	 NoSound	40	2	1209513949
1209514149	Triggered	4,42,43,44,45,46,	 File_beep1	40	2	1209514149
1209521591	Triggered	1,14,15,16,17,18,19,20,21,22,	 NoSound	40	2	1209521591
1209521794	Triggered	1,14,15,16,17,18,19,20,21,22,	 PureTone-9kHz	40	2	1209521794
1209525080	Triggered	6,47,48,49,50,51,	 NoSound	40	2	1209525080
1209525282	Triggered	6,47,48,49,50,51,	 File_beep4	40	2	1209525282
1209544393	Triggered	1,14,15,16,17,18,19,20,21,22,	 NoSound	40	2	1209544393
1209544595	Triggered	1,14,15,16,17,18,19,20,21,22,	 PureTone-7kHz	40	2	1209544595
1209547463	Triggered	6,47,48,49,50,51,	 NoSound	40	2	1209547463
1209547664	Triggered	6,47,48,49,50,51,	 File_beep4	40	2	1209547664
1209560037	Triggered	1,14,15,16,17,18,19,20,21,22,	 NoSound	40	2	1209560037
1209560239	Triggered	1,14,15,16,17,18,19,20,21,22,	 PureTone-5kHz	40	2	1209560239
1209562683	Triggered	6,47,48,49,50,51,	 NoSound	40	2	1209562683
1209562887	Triggered	6,47,48,49,50,51,	 File_beep4	40	2	1209562887
1209576461	Triggered	1,14,15,16,17,18,19,20,21,22,	 NoSound	40	2	1209576461
1209576663	Triggered	1,14,15,16,17,18,19,20,21,22,	 PureTone-3kHz	40	2	1209576663
1209579470	Triggered	6,47,48,49,50,51,	 NoSound	40	2	1209579470
1209579672	Triggered	6,47,48,49,50,51,	 File_beep4	40	2	1209579672
1209592050	Triggered	1,14,15,16,17,18,19,20,21,22,	 NoSound	40	2	1209592050
1209592252	Triggered	1,14,15,16,17,18,19,20,21,22,	 PureTone-2kHz	40	2	1209592252
1209594811	Triggered	6,47,48,49,50,51,	 NoSound	40	2	1209594811
1209595015	Triggered	6,47,48,49,50,51,	 File_beep4	40	2	1209595015
1209607627	Triggered	1,14,15,16,17,18,19,20,21,22,	 NoSound	40	2	1209607627
1209607829	Triggered	1,14,15,16,17,18,19,20,21,22,	 PureTone-1kHz	40	2	1209607829
1209610454	Triggered	6,47,48,49,50,51,	 NoSound	40	2	1209610454
1209610657	Triggered	6,47,48,49,50,51,	 File_beep4	40	2	1209610657
1209622970	Triggered	1,14,15,16,17,18,19,20,21,22,	 NoSound	40	2	1209622970
1209623182	Triggered	1,14,15,16,17,18,19,20,21,22,	 StopSoundShort	40	2	1209623182
1209637589	Triggered	8,52,53,54,55,56,	 NoSound	40	2	1209637589
1209637794	Triggered	8,52,53,54,55,56,	 File_beep4	40	2	1209637794
1209648238	Triggered	5,23,24,25,26,27,28,29,30,31,	 NoSound	40	2	1209648238
1209651916	Triggered	8,52,53,54,55,56,	 NoSound	40	2	1209651916
1209652118	Triggered	8,52,53,54,55,56,	 File_beep4	40	2	1209652118
1209661417	Triggered	5,23,24,25,26,27,28,29,30,31,	 NoSound	40	2	1209661417
1209664363	Triggered	8,52,53,54,55,56,	 NoSound	40	2	1209664363
1209664566	Triggered	8,52,53,54,55,56,	 File_beep4	40	2	1209664566
1209674891	Triggered	5,23,24,25,26,27,28,29,30,31,	 NoSound	40	2	1209674891
1209675095	Triggered	5,23,24,25,26,27,28,29,30,31,	 PureTone-9kHz	40	2	1209675095
1209677720	Triggered	8,52,53,54,55,56,	 NoSound	40	2	1209677720
1209677922	Triggered	8,52,53,54,55,56,	 File_beep4	40	2	1209677922
1209688610	Triggered	5,23,24,25,26,27,28,29,30,31,	 NoSound	40	2	1209688610
1209688814	Triggered	5,23,24,25,26,27,28,29,30,31,	 PureTone-7kHz	40	2	1209688814
1209691679	Triggered	8,52,53,54,55,56,	 NoSound	40	2	1209691679
1209691882	Triggered	8,52,53,54,55,56,	 File_beep4	40	2	1209691882
1209703411	Triggered	5,23,24,25,26,27,28,29,30,31,	 NoSound	40	2	1209703411
1209703614	Triggered	5,23,24,25,26,27,28,29,30,31,	 PureTone-5kHz	40	2	1209703614
1209706420	Triggered	8,52,53,54,55,56,	 NoSound	40	2	1209706420
1209706633	Triggered	8,52,53,54,55,56,	 File_beep4	40	2	1209706633
1209718573	Triggered	5,23,24,25,26,27,28,29,30,31,	 NoSound	40	2	1209718573
1209718775	Triggered	5,23,24,25,26,27,28,29,30,31,	 PureTone-3kHz	40	2	1209718775
1209721640	Triggered	8,52,53,54,55,56,	 NoSound	40	2	1209721640
1209721843	Triggered	8,52,53,54,55,56,	 File_beep4	40	2	1209721843
1209732591	Triggered	5,23,24,25,26,27,28,29,30,31,	 NoSound	40	2	1209732591
1209732794	Triggered	5,23,24,25,26,27,28,29,30,31,	 PureTone-2kHz	40	2	1209732794
1209736082	Triggered	2,37,38,39,40,41,	 NoSound	40	2	1209736082
1209736284	Triggered	2,37,38,39,40,41,	 File_beep3	40	2	1209736284
1209744203	Triggered	5,23,24,25,26,27,28,29,30,31,	 NoSound	40	2	1209744203
1209744404	Triggered	5,23,24,25,26,27,28,29,30,31,	 PureTone-1kHz	40	2	1209744404
1209747812	Triggered	2,37,38,39,40,41,	 NoSound	40	2	1209747812
1209748029	Triggered	2,37,38,39,40,41,	 File_beep3	40	2	1209748029
1209756418	Triggered	5,23,24,25,26,27,28,29,30,31,	 NoSound	40	2	1209756418
1209756618	Triggered	5,23,24,25,26,27,28,29,30,31,	 StopSoundShort	40	2	1209756618
1209772481	Triggered	1,14,15,16,17,18,19,20,21,22,	 NoSound	40	2	1209772481
1209775730	Triggered	6,47,48,49,50,51,	 NoSound	40	2	1209775730
1209808279	Triggered	1,14,15,16,17,18,19,20,21,22,	 NoSound	40	2	1209808279
1209811589	Triggered	6,47,48,49,50,51,	 NoSound	40	2	1209811589
1209819713	Triggered	1,14,15,16,17,18,19,20,21,22,	 NoSound	40	2	1209819713
1209828314	Triggered	6,47,48,49,50,51,	 NoSound	40	2	1209828314
1209838422	Triggered	1,14,15,16,17,18,19,20,21,22,	 NoSound	40	2	1209838422
1209838626	Triggered	1,14,15,16,17,18,19,20,21,22,	 PureTone-9kHz	40	2	1209838626
1209841975	Triggered	4,42,43,44,45,46,	 NoSound	40	2	1209841975
1209842177	Triggered	4,42,43,44,45,46,	 File_beep5	40	2	1209842177
1209855630	Triggered	1,14,15,16,17,18,19,20,21,22,	 NoSound	40	2	1209855630
1209855832	Triggered	1,14,15,16,17,18,19,20,21,22,	 PureTone-7kHz	40	2	1209855832
1209858760	Triggered	4,42,43,44,45,46,	 NoSound	40	2	1209858760
1209858963	Triggered	4,42,43,44,45,46,	 File_beep5	40	2	1209858963
1209874163	Triggered	1,14,15,16,17,18,19,20,21,22,	 NoSound	40	2	1209874163
1209874365	Triggered	1,14,15,16,17,18,19,20,21,22,	 PureTone-5kHz	40	2	1209874365
1209877411	Triggered	4,42,43,44,45,46,	 NoSound	40	2	1209877411
1209877613	Triggered	4,42,43,44,45,46,	 File_beep5	40	2	1209877613
1209892451	Triggered	1,14,15,16,17,18,19,20,21,22,	 NoSound	40	2	1209892451
1209892654	Triggered	1,14,15,16,17,18,19,20,21,22,	 PureTone-3kHz	40	2	1209892654
1209896123	Triggered	6,47,48,49,50,51,	 NoSound	40	2	1209896123
1209900815	Triggered	1,14,15,16,17,18,19,20,21,22,	 NoSound	40	2	1209900815
1209901018	Triggered	1,14,15,16,17,18,19,20,21,22,	 PureTone-2kHz	40	2	1209901018
1209904966	Triggered	4,42,43,44,45,46,	 NoSound	40	2	1209904966
1209905170	Triggered	4,42,43,44,45,46,	 File_beep5	40	2	1209905170
1209920248	Triggered	1,14,15,16,17,18,19,20,21,22,	 NoSound	40	2	1209920248
1209920450	Triggered	1,14,15,16,17,18,19,20,21,22,	 PureTone-1kHz	40	2	1209920450
1209923918	Triggered	4,42,43,44,45,46,	 NoSound	40	2	1209923918
1209924121	Triggered	4,42,43,44,45,46,	 File_beep5	40	2	1209924121
1209939501	Triggered	1,14,15,16,17,18,19,20,21,22,	 NoSound	40	2	1209939501
1209939717	Triggered	1,14,15,16,17,18,19,20,21,22,	 StopSoundShort	40	2	1209939717
1209949791	Triggered	5,23,24,25,26,27,28,29,30,31,	 NoSound	40	2	1209949791
1209953822	Triggered	8,52,53,54,55,56,	 NoSound	40	2	1209953822
1209954025	Triggered	8,52,53,54,55,56,	 File_beep2	40	2	1209954025
1209993712	Triggered	5,23,24,25,26,27,28,29,30,31,	 NoSound	40	2	1209993712
1209998043	Triggered	8,52,53,54,55,56,	 NoSound	40	2	1209998043
1209998244	Triggered	8,52,53,54,55,56,	 File_beep2	40	2	1209998244
1210006166	Triggered	5,23,24,25,26,27,28,29,30,31,	 NoSound	40	2	1210006166
1210010497	Triggered	8,52,53,54,55,56,	 NoSound	40	2	1210010497
1210010699	Triggered	8,52,53,54,55,56,	 File_beep2	40	2	1210010699
1210019461	Triggered	5,23,24,25,26,27,28,29,30,31,	 NoSound	40	2	1210019461
1210019664	Triggered	5,23,24,25,26,27,28,29,30,31,	 PureTone-9kHz	40	2	1210019664
1210023252	Triggered	2,37,38,39,40,41,	 NoSound	40	2	1210023252
1210038896	Triggered	5,23,24,25,26,27,28,29,30,31,	 NoSound	40	2	1210038896
1210039101	Triggered	5,23,24,25,26,27,28,29,30,31,	 PureTone-7kHz	40	2	1210039101
1210043047	Triggered	8,52,53,54,55,56,	 NoSound	40	2	1210043047
1210043259	Triggered	8,52,53,54,55,56,	 File_beep2	40	2	1210043259
1210052133	Triggered	5,23,24,25,26,27,28,29,30,31,	 NoSound	40	2	1210052133
1210052337	Triggered	5,23,24,25,26,27,28,29,30,31,	 PureTone-5kHz	40	2	1210052337
1210056223	Triggered	2,37,38,39,40,41,	 NoSound	40	2	1210056223
1210067896	Triggered	5,23,24,25,26,27,28,29,30,31,	 NoSound	40	2	1210067896
1210068098	Triggered	5,23,24,25,26,27,28,29,30,31,	 PureTone-3kHz	40	2	1210068098
1210073010	Triggered	8,52,53,54,55,56,	 NoSound	40	2	1210073010
1210073210	Triggered	8,52,53,54,55,56,	 File_beep2	40	2	1210073210
1210083539	Triggered	5,23,24,25,26,27,28,29,30,31,	 NoSound	40	2	1210083539
1210083742	Triggered	5,23,24,25,26,27,28,29,30,31,	 PureTone-2kHz	40	2	1210083742
1210088472	Triggered	2,37,38,39,40,41,	 NoSound	40	2	1210088472
1210099361	Triggered	5,23,24,25,26,27,28,29,30,31,	 NoSound	40	2	1210099361
1210099563	Triggered	5,23,24,25,26,27,28,29,30,31,	 PureTone-1kHz	40	2	1210099563
1210103936	Triggered	8,52,53,54,55,56,	 NoSound	40	2	1210103936
1210104136	Triggered	8,52,53,54,55,56,	 File_beep2	40	2	1210104136
1210112899	Triggered	5,23,24,25,26,27,28,29,30,31,	 NoSound	40	2	1210112899
1210113099	Triggered	5,23,24,25,26,27,28,29,30,31,	 StopSoundShort	40	2	1210113099
1210166327	Triggered	1,14,15,16,17,18,19,20,21,22,	 NoSound	40	2	1210166327
1210170297	Triggered	4,42,43,44,45,46,	 NoSound	40	2	1210170297
1210170499	Triggered	4,42,43,44,45,46,	 File_beep5	40	2	1210170499
1210185760	Triggered	1,14,15,16,17,18,19,20,21,22,	 NoSound	40	2	1210185760
1210189371	Triggered	4,42,43,44,45,46,	 NoSound	40	2	1210189371
1210189573	Triggered	4,42,43,44,45,46,	 File_beep5	40	2	1210189573
1210203870	Triggered	1,14,15,16,17,18,19,20,21,22,	 NoSound	40	2	1210203870
1210207491	Triggered	4,42,43,44,45,46,	 NoSound	40	2	1210207491
1210207693	Triggered	4,42,43,44,45,46,	 File_beep5	40	2	1210207693
1210225891	Triggered	1,14,15,16,17,18,19,20,21,22,	 NoSound	40	2	1210225891
1210226095	Triggered	1,14,15,16,17,18,19,20,21,22,	 PureTone-9kHz	40	2	1210226095
1210229561	Triggered	4,42,43,44,45,46,	 NoSound	40	2	1210229561
1210229762	Triggered	4,42,43,44,45,46,	 File_beep5	40	2	1210229762
1210248031	Triggered	1,14,15,16,17,18,19,20,21,22,	 NoSound	40	2	1210248031
1210248235	Triggered	1,14,15,16,17,18,19,20,21,22,	 PureTone-7kHz	40	2	1210248235
1210252003	Triggered	4,42,43,44,45,46,	 NoSound	40	2	1210252003
1210252206	Triggered	4,42,43,44,45,46,	 File_beep5	40	2	1210252206
1210268187	Triggered	1,14,15,16,17,18,19,20,21,22,	 NoSound	40	2	1210268187
1210268390	Triggered	1,14,15,16,17,18,19,20,21,22,	 PureTone-5kHz	40	2	1210268391
1210272159	Triggered	4,42,43,44,45,46,	 NoSound	40	2	1210272159
1210272362	Triggered	4,42,43,44,45,46,	 File_beep5	40	2	1210272362
1210288222	Triggered	1,14,15,16,17,18,19,20,21,22,	 NoSound	40	2	1210288222
1210288425	Triggered	1,14,15,16,17,18,19,20,21,22,	 PureTone-3kHz	40	2	1210288425
1210293036	Triggered	4,42,43,44,45,46,	 NoSound	40	2	1210293036
1210293239	Triggered	4,42,43,44,45,46,	 File_beep5	40	2	1210293239
1210309884	Triggered	1,14,15,16,17,18,19,20,21,22,	 NoSound	40	2	1210309884
1210310086	Triggered	1,14,15,16,17,18,19,20,21,22,	 PureTone-2kHz	40	2	1210310086
1210314034	Triggered	4,42,43,44,45,46,	 NoSound	40	2	1210314034
1210314236	Triggered	4,42,43,44,45,46,	 File_beep5	40	2	1210314236
1210330398	Triggered	1,14,15,16,17,18,19,20,21,22,	 NoSound	40	2	1210330398
1210330600	Triggered	1,14,15,16,17,18,19,20,21,22,	 PureTone-1kHz	40	2	1210330600
1210334610	Triggered	4,42,43,44,45,46,	 NoSound	40	2	1210334610
1210334813	Triggered	4,42,43,44,45,46,	 File_beep5	40	2	1210334813
1210350072	Triggered	1,14,15,16,17,18,19,20,21,22,	 NoSound	40	2	1210350072
1210350274	Triggered	1,14,15,16,17,18,19,20,21,22,	 StopSoundShort	40	2	1210350274
1210383404	Triggered	5,23,24,25,26,27,28,29,30,31,	 NoSound	40	2	1210383404
1210387677	Triggered	2,37,38,39,40,41,	 NoSound	40	2	1210387677
1210387880	Triggered	2,37,38,39,40,41,	 File_beep5	40	2	1210387880
1210402056	Triggered	5,23,24,25,26,27,28,29,30,31,	 NoSound	40	2	1210402056
1210405906	Triggered	2,37,38,39,40,41,	 NoSound	40	2	1210405906
1210406109	Triggered	2,37,38,39,40,41,	 File_beep5	40	2	1210406109
1210421248	Triggered	5,23,24,25,26,27,28,29,30,31,	 NoSound	40	2	1210421248
1210424858	Triggered	2,37,38,39,40,41,	 NoSound	40	2	1210424858
1210425060	Triggered	2,37,38,39,40,41,	 File_beep5	40	2	1210425060
1210438215	Triggered	5,23,24,25,26,27,28,29,30,31,	 NoSound	40	2	1210438215
1210438428	Triggered	5,23,24,25,26,27,28,29,30,31,	 PureTone-9kHz	40	2	1210438428
1210441886	Triggered	2,37,38,39,40,41,	 NoSound	40	2	1210441886
1210442100	Triggered	2,37,38,39,40,41,	 File_beep5	40	2	1210442100
1210454580	Triggered	5,23,24,25,26,27,28,29,30,31,	 NoSound	40	2	1210454580
1210454784	Triggered	5,23,24,25,26,27,28,29,30,31,	 PureTone-7kHz	40	2	1210454784
1210458671	Triggered	2,37,38,39,40,41,	 NoSound	40	2	1210458671
1210458875	Triggered	2,37,38,39,40,41,	 File_beep5	40	2	1210458875
1210472149	Triggered	5,23,24,25,26,27,28,29,30,31,	 NoSound	40	2	1210472149
1210472352	Triggered	5,23,24,25,26,27,28,29,30,31,	 PureTone-5kHz	40	2	1210472352
1210476302	Triggered	2,37,38,39,40,41,	 NoSound	40	2	1210476302
1210476505	Triggered	2,37,38,39,40,41,	 File_beep5	40	2	1210476505
1210490679	Triggered	5,23,24,25,26,27,28,29,30,31,	 NoSound	40	2	1210490679
1210490882	Triggered	5,23,24,25,26,27,28,29,30,31,	 PureTone-3kHz	40	2	1210490882
1210494772	Triggered	2,37,38,39,40,41,	 NoSound	40	2	1210494772
1210494975	Triggered	2,37,38,39,40,41,	 File_beep5	40	2	1210494975
1210508550	Triggered	5,23,24,25,26,27,28,29,30,31,	 NoSound	40	2	1210508550
1210508752	Triggered	5,23,24,25,26,27,28,29,30,31,	 PureTone-2kHz	40	2	1210508752
1210512230	Triggered	2,37,38,39,40,41,	 NoSound	40	2	1210512230
1210512433	Triggered	2,37,38,39,40,41,	 File_beep5	40	2	1210512433
1210528223	Triggered	5,23,24,25,26,27,28,29,30,31,	 NoSound	40	2	1210528223
1210528425	Triggered	5,23,24,25,26,27,28,29,30,31,	 PureTone-1kHz	40	2	1210528425
1210531654	Triggered	2,37,38,39,40,41,	 NoSound	40	2	1210531654
1210531857	Triggered	2,37,38,39,40,41,	 File_beep5	40	2	1210531857
1210545071	Triggered	5,23,24,25,26,27,28,29,30,31,	 NoSound	40	2	1210545071
1210545271	Triggered	5,23,24,25,26,27,28,29,30,31,	 StopSoundShort	40	2	1210545271
1210569618	Triggered	1,14,15,16,17,18,19,20,21,22,	 NoSound	40	2	1210569618
1210573648	Triggered	6,47,48,49,50,51,	 NoSound	40	2	1210573648
1210573850	Triggered	6,47,48,49,50,51,	 File_beep3	40	2	1210573850
1210587607	Triggered	1,14,15,16,17,18,19,20,21,22,	 NoSound	40	2	1210587607
1210591758	Triggered	6,47,48,49,50,51,	 NoSound	40	2	1210591758
1210591960	Triggered	6,47,48,49,50,51,	 File_beep3	40	2	1210591960
1210612877	Triggered	1,14,15,16,17,18,19,20,21,22,	 NoSound	40	2	1210612877
1210619918	Triggered	6,47,48,49,50,51,	 NoSound	40	2	1210619918
1210620120	Triggered	6,47,48,49,50,51,	 File_beep3	40	2	1210620120
1210634846	Triggered	1,14,15,16,17,18,19,20,21,22,	 NoSound	40	2	1210634846
1210635049	Triggered	1,14,15,16,17,18,19,20,21,22,	 PureTone-9kHz	40	2	1210635049
1210639832	Triggered	4,42,43,44,45,46,	 NoSound	40	2	1210639832
1210640032	Triggered	4,42,43,44,45,46,	 File_beep2	40	2	1210640032
1210649698	Triggered	1,14,15,16,17,18,19,20,21,22,	 NoSound	40	2	1210649698
1210649901	Triggered	1,14,15,16,17,18,19,20,21,22,	 PureTone-7kHz	40	2	1210649901
1210654523	Triggered	6,47,48,49,50,51,	 NoSound	40	2	1210654523
1210654724	Triggered	6,47,48,49,50,51,	 File_beep3	40	2	1210654724
1210668590	Triggered	1,14,15,16,17,18,19,20,21,22,	 NoSound	40	2	1210668590
1210668792	Triggered	1,14,15,16,17,18,19,20,21,22,	 PureTone-5kHz	40	2	1210668792
1210672441	Triggered	4,42,43,44,45,46,	 NoSound	40	2	1210672441
1210672642	Triggered	4,42,43,44,45,46,	 File_beep2	40	2	1210672642
1210682370	Triggered	1,14,15,16,17,18,19,20,21,22,	 NoSound	40	2	1210682370
1210682572	Triggered	1,14,15,16,17,18,19,20,21,22,	 PureTone-3kHz	40	2	1210682572
1210686399	Triggered	4,42,43,44,45,46,	 NoSound	40	2	1210686399
1210686601	Triggered	4,42,43,44,45,46,	 File_beep2	40	2	1210686601
1210695906	Triggered	1,14,15,16,17,18,19,20,21,22,	 NoSound	40	2	1210695906
1210696109	Triggered	1,14,15,16,17,18,19,20,21,22,	 PureTone-2kHz	40	2	1210696109
1210700066	Triggered	6,47,48,49,50,51,	 NoSound	40	2	1210700066
1210700268	Triggered	6,47,48,49,50,51,	 File_beep3	40	2	1210700268
1210714376	Triggered	1,14,15,16,17,18,19,20,21,22,	 NoSound	40	2	1210714376
1210714578	Triggered	1,14,15,16,17,18,19,20,21,22,	 PureTone-1kHz	40	2	1210714578
1210718650	Triggered	6,47,48,49,50,51,	 NoSound	40	2	1210718650
1210718852	Triggered	6,47,48,49,50,51,	 File_beep3	40	2	1210718852
1210732246	Triggered	1,14,15,16,17,18,19,20,21,22,	 NoSound	40	2	1210732246
1210732448	Triggered	1,14,15,16,17,18,19,20,21,22,	 StopSoundShort	40	2	1210732448
1210746928	Triggered	5,23,24,25,26,27,28,29,30,31,	 NoSound	40	2	1210746928
1210750535	Triggered	2,37,38,39,40,41,	 NoSound	40	2	1210750535
1210750737	Triggered	2,37,38,39,40,41,	 File_beep1	40	2	1210750737
1210759681	Triggered	5,23,24,25,26,27,28,29,30,31,	 NoSound	40	2	1210759681
1210764014	Triggered	2,37,38,39,40,41,	 NoSound	40	2	1210764014
1210764215	Triggered	2,37,38,39,40,41,	 File_beep1	40	2	1210764215
1210773520	Triggered	5,23,24,25,26,27,28,29,30,31,	 NoSound	40	2	1210773520
1210778754	Triggered	2,37,38,39,40,41,	 NoSound	40	2	1210778754
1210778956	Triggered	2,37,38,39,40,41,	 File_beep1	40	2	1210778956
1210786575	Triggered	5,23,24,25,26,27,28,29,30,31,	 NoSound	40	2	1210786575
1210786780	Triggered	5,23,24,25,26,27,28,29,30,31,	 PureTone-9kHz	40	2	1210786780
1210790797	Triggered	8,52,53,54,55,56,	 NoSound	40	2	1210790797
1210807759	Triggered	5,23,24,25,26,27,28,29,30,31,	 NoSound	40	2	1210807759
1210807963	Triggered	5,23,24,25,26,27,28,29,30,31,	 PureTone-7kHz	40	2	1210807963
1210813592	Triggered	2,37,38,39,40,41,	 NoSound	40	2	1210813592
1210813792	Triggered	2,37,38,39,40,41,	 File_beep1	40	2	1210813792
1210822855	Triggered	5,23,24,25,26,27,28,29,30,31,	 NoSound	40	2	1210822855
1210823056	Triggered	5,23,24,25,26,27,28,29,30,31,	 PureTone-5kHz	40	2	1210823056
1210827969	Triggered	8,52,53,54,55,56,	 NoSound	40	2	1210827969
1210833988	Triggered	5,23,24,25,26,27,28,29,30,31,	 NoSound	40	2	1210833988
1210834201	Triggered	5,23,24,25,26,27,28,29,30,31,	 PureTone-3kHz	40	2	1210834201
1210839160	Triggered	2,37,38,39,40,41,	 NoSound	40	2	1210839160
1210839361	Triggered	2,37,38,39,40,41,	 File_beep1	40	2	1210839361
1210849448	Triggered	5,23,24,25,26,27,28,29,30,31,	 NoSound	40	2	1210849448
1210849649	Triggered	5,23,24,25,26,27,28,29,30,31,	 PureTone-2kHz	40	2	1210849649
1210856188	Triggered	2,37,38,39,40,41,	 NoSound	40	2	1210856188
1210856389	Triggered	2,37,38,39,40,41,	 File_beep1	40	2	1210856389
1210906668	Triggered	5,23,24,25,26,27,28,29,30,31,	 NoSound	40	2	1210906668
1210906870	Triggered	5,23,24,25,26,27,28,29,30,31,	 PureTone-1kHz	40	2	1210906870
1210911840	Triggered	2,37,38,39,40,41,	 NoSound	40	2	1210911840
1210912041	Triggered	2,37,38,39,40,41,	 File_beep1	40	2	1210912041
1210924114	Triggered	5,23,24,25,26,27,28,29,30,31,	 NoSound	40	2	1210924114
1210924315	Triggered	5,23,24,25,26,27,28,29,30,31,	 StopSoundShort	40	2	1210924315
1210984883	Triggered	1,14,15,16,17,18,19,20,21,22,	 NoSound	40	2	1210984883
1210988977	Triggered	4,42,43,44,45,46,	 NoSound	40	2	1210988977
1211001433	Triggered	1,14,15,16,17,18,19,20,21,22,	 NoSound	40	2	1211001433
1211010513	Triggered	4,42,43,44,45,46,	 NoSound	40	2	1211010513
1211018815	Triggered	1,14,15,16,17,18,19,20,21,22,	 NoSound	40	2	1211018815
1211081087	Triggered	4,42,43,44,45,46,	 NoSound	40	2	1211081087
1211117488	Triggered	1,14,15,16,17,18,19,20,21,22,	 NoSound	40	2	1211117488
1211117692	Triggered	1,14,15,16,17,18,19,20,21,22,	 PureTone-9kHz	40	2	1211117692
1211121701	Triggered	6,47,48,49,50,51,	 NoSound	40	2	1211121701
1211121904	Triggered	6,47,48,49,50,51,	 File_beep5	40	2	1211121904
1211140409	Triggered	1,14,15,16,17,18,19,20,21,22,	 NoSound	40	2	1211140409
1211140613	Triggered	1,14,15,16,17,18,19,20,21,22,	 PureTone-7kHz	40	2	1211140613
1211144080	Triggered	6,47,48,49,50,51,	 NoSound	40	2	1211144080
1211144282	Triggered	6,47,48,49,50,51,	 File_beep5	40	2	1211144282
1211160988	Triggered	1,14,15,16,17,18,19,20,21,22,	 NoSound	40	2	1211160988
1211161190	Triggered	1,14,15,16,17,18,19,20,21,22,	 PureTone-5kHz	40	2	1211161190
1211164838	Triggered	6,47,48,49,50,51,	 NoSound	40	2	1211164838
1211165040	Triggered	6,47,48,49,50,51,	 File_beep5	40	2	1211165040
1211184097	Triggered	1,14,15,16,17,18,19,20,21,22,	 NoSound	40	2	1211184097
1211184300	Triggered	1,14,15,16,17,18,19,20,21,22,	 PureTone-3kHz	40	2	1211184300
1211188242	Triggered	6,47,48,49,50,51,	 NoSound	40	2	1211188242
1211188446	Triggered	6,47,48,49,50,51,	 File_beep5	40	2	1211188446
1211206240	Triggered	1,14,15,16,17,18,19,20,21,22,	 NoSound	40	2	1211206240
1211206442	Triggered	1,14,15,16,17,18,19,20,21,22,	 PureTone-2kHz	40	2	1211206442
1211210565	Triggered	6,47,48,49,50,51,	 NoSound	40	2	1211210565
1211210779	Triggered	6,47,48,49,50,51,	 File_beep5	40	2	1211210779
1211230418	Triggered	1,14,15,16,17,18,19,20,21,22,	 NoSound	40	2	1211230418
1211230620	Triggered	1,14,15,16,17,18,19,20,21,22,	 PureTone-1kHz	40	2	1211230620
1211234209	Triggered	6,47,48,49,50,51,	 NoSound	40	2	1211234209
1211234413	Triggered	6,47,48,49,50,51,	 File_beep5	40	2	1211234413
1211252499	Triggered	1,14,15,16,17,18,19,20,21,22,	 NoSound	40	2	1211252499
1211252699	Triggered	1,14,15,16,17,18,19,20,21,22,	 StopSoundShort	40	2	1211252699
