Ver1.3	28305977	StartFile	7/22/2020	4:48:07 PM	E:\BehavioralExperiments\Rizzo\RatData_Rizzo\Rawdata\072220B\SoundData.txt	28305977
28338431	Triggered	5,23,24,25,26,27,28,29,30,31,	 NoSound	40	2	28338431
28338633	Triggered	5,23,24,25,26,27,28,29,30,31,	 StopSoundLong	40	2	28338633
28355099	Triggered	1,14,15,16,17,18,19,20,21,22,	 NoSound	40	2	28355099
28358586	Triggered	6,47,48,49,50,51,	 NoSound	40	2	28358586
28358788	Triggered	6,47,48,49,50,51,	 File_beep4	40	2	28358788
28369357	Triggered	1,14,15,16,17,18,19,20,21,22,	 NoSound	40	2	28369357
28369562	Triggered	1,14,15,16,17,18,19,20,21,22,	 PureTone-9kHz	40	2	28369562
28372665	Triggered	6,47,48,49,50,51,	 NoSound	40	2	28372665
28372867	Triggered	6,47,48,49,50,51,	 File_beep4	40	2	28372867
28383796	Triggered	1,14,15,16,17,18,19,20,21,22,	 NoSound	40	2	28383796
28383999	Triggered	1,14,15,16,17,18,19,20,21,22,	 PureTone-7kHz	40	2	28383999
28387226	Triggered	4,42,43,44,45,46,	 NoSound	40	2	28387226
28387442	Triggered	4,42,43,44,45,46,	 File_beep3	40	2	28387442
28397513	Triggered	1,14,15,16,17,18,19,20,21,22,	 NoSound	40	2	28397513
28397715	Triggered	1,14,15,16,17,18,19,20,21,22,	 PureTone-5kHz	40	2	28397715
28401183	Triggered	4,42,43,44,45,46,	 NoSound	40	2	28401183
28401386	Triggered	4,42,43,44,45,46,	 File_beep3	40	2	28401386
28410029	Triggered	1,14,15,16,17,18,19,20,21,22,	 NoSound	40	2	28410029
28410230	Triggered	1,14,15,16,17,18,19,20,21,22,	 PureTone-3kHz	40	2	28410230
28413818	Triggered	4,42,43,44,45,46,	 NoSound	40	2	28413818
28414021	Triggered	4,42,43,44,45,46,	 File_beep3	40	2	28414021
28423144	Triggered	1,14,15,16,17,18,19,20,21,22,	 NoSound	40	2	28423144
28423346	Triggered	1,14,15,16,17,18,19,20,21,22,	 PureTone-2kHz	40	2	28423346
28426694	Triggered	4,42,43,44,45,46,	 NoSound	40	2	28426694
28426896	Triggered	4,42,43,44,45,46,	 File_beep3	40	2	28426896
28436268	Triggered	1,14,15,16,17,18,19,20,21,22,	 NoSound	40	2	28436268
28436469	Triggered	1,14,15,16,17,18,19,20,21,22,	 PureTone-1kHz	40	2	28436469
28440171	Triggered	4,42,43,44,45,46,	 NoSound	40	2	28440171
28440372	Triggered	4,42,43,44,45,46,	 File_beep3	40	2	28440372
28449919	Triggered	1,14,15,16,17,18,19,20,21,22,	 NoSound	40	2	28449919
28450120	Triggered	1,14,15,16,17,18,19,20,21,22,	 StopSoundShort	40	2	28450120
28463762	Triggered	5,23,24,25,26,27,28,29,30,31,	 NoSound	40	2	28463762
28466643	Triggered	8,52,53,54,55,56,	 NoSound	40	2	28466643
28466845	Triggered	8,52,53,54,55,56,	 File_beep4	40	2	28466845
28476511	Triggered	5,23,24,25,26,27,28,29,30,31,	 NoSound	40	2	28476511
28476712	Triggered	5,23,24,25,26,27,28,29,30,31,	 PureTone-1kHz	40	2	28476712
28479461	Triggered	8,52,53,54,55,56,	 NoSound	40	2	28479461
28479662	Triggered	8,52,53,54,55,56,	 File_beep4	40	2	28479662
28487943	Triggered	5,23,24,25,26,27,28,29,30,31,	 NoSound	40	2	28487943
28488146	Triggered	5,23,24,25,26,27,28,29,30,31,	 StopSoundLong	40	2	28488146
28502081	Triggered	6,47,48,49,50,51,	 NoSound	40	2	28502081
28502285	Triggered	6,47,48,49,50,51,	 File_beep5	40	2	28502285
28512742	Triggered	1,14,15,16,17,18,19,20,21,22,	 NoSound	40	2	28512742
28512958	Triggered	1,14,15,16,17,18,19,20,21,22,	 PureTone-9kHz	40	2	28512958
28515619	Triggered	4,42,43,44,45,46,	 NoSound	40	2	28515619
28515820	Triggered	4,42,43,44,45,46,	 File_beep5	40	2	28515820
28525667	Triggered	1,14,15,16,17,18,19,20,21,22,	 NoSound	40	2	28525667
28525867	Triggered	1,14,15,16,17,18,19,20,21,22,	 PureTone-7kHz	40	2	28525867
28528495	Triggered	4,42,43,44,45,46,	 NoSound	40	2	28528495
28528698	Triggered	4,42,43,44,45,46,	 File_beep5	40	2	28528698
28540828	Triggered	1,14,15,16,17,18,19,20,21,22,	 NoSound	40	2	28540828
28541031	Triggered	1,14,15,16,17,18,19,20,21,22,	 PureTone-5kHz	40	2	28541031
28543596	Triggered	4,42,43,44,45,46,	 NoSound	40	2	28543596
28543800	Triggered	4,42,43,44,45,46,	 File_beep5	40	2	28543800
28554801	Triggered	1,14,15,16,17,18,19,20,21,22,	 NoSound	40	2	28554801
28555004	Triggered	1,14,15,16,17,18,19,20,21,22,	 PureTone-3kHz	40	2	28555004
28558217	Triggered	4,42,43,44,45,46,	 NoSound	40	2	28558217
28558420	Triggered	4,42,43,44,45,46,	 File_beep5	40	2	28558420
28569647	Triggered	1,14,15,16,17,18,19,20,21,22,	 NoSound	40	2	28569647
28569851	Triggered	1,14,15,16,17,18,19,20,21,22,	 PureTone-2kHz	40	2	28569851
28572716	Triggered	4,42,43,44,45,46,	 NoSound	40	2	28572716
28572918	Triggered	4,42,43,44,45,46,	 File_beep5	40	2	28572918
28586314	Triggered	1,14,15,16,17,18,19,20,21,22,	 NoSound	40	2	28586314
28586528	Triggered	1,14,15,16,17,18,19,20,21,22,	 PureTone-1kHz	40	2	28586528
28589322	Triggered	4,42,43,44,45,46,	 NoSound	40	2	28589322
28589524	Triggered	4,42,43,44,45,46,	 File_beep5	40	2	28589524
28601475	Triggered	1,14,15,16,17,18,19,20,21,22,	 NoSound	40	2	28601475
28601676	Triggered	1,14,15,16,17,18,19,20,21,22,	 StopSoundShort	40	2	28601676
28611763	Triggered	5,23,24,25,26,27,28,29,30,31,	 NoSound	40	2	28611764
28615614	Triggered	8,52,53,54,55,56,	 NoSound	40	2	28615614
28615815	Triggered	8,52,53,54,55,56,	 File_beep2	40	2	28615815
28626023	Triggered	5,23,24,25,26,27,28,29,30,31,	 NoSound	40	2	28626023
28626224	Triggered	5,23,24,25,26,27,28,29,30,31,	 PureTone-1kHz	40	2	28626224
28629032	Triggered	8,52,53,54,55,56,	 NoSound	40	2	28629032
28629233	Triggered	8,52,53,54,55,56,	 File_beep2	40	2	28629233
28635409	Triggered	5,23,24,25,26,27,28,29,30,31,	 NoSound	40	2	28635409
28635610	Triggered	5,23,24,25,26,27,28,29,30,31,	 StopSoundLong	40	2	28635610
28648644	Triggered	6,47,48,49,50,51,	 NoSound	40	2	28648644
28648847	Triggered	6,47,48,49,50,51,	 File_beep2	40	2	28648847
28656167	Triggered	1,14,15,16,17,18,19,20,21,22,	 NoSound	40	2	28656167
28656370	Triggered	1,14,15,16,17,18,19,20,21,22,	 PureTone-9kHz	40	2	28656370
28658933	Triggered	6,47,48,49,50,51,	 NoSound	40	2	28658933
28659134	Triggered	6,47,48,49,50,51,	 File_beep2	40	2	28659134
28666997	Triggered	1,14,15,16,17,18,19,20,21,22,	 NoSound	40	2	28666997
28667199	Triggered	1,14,15,16,17,18,19,20,21,22,	 PureTone-7kHz	40	2	28667199
28669765	Triggered	4,42,43,44,45,46,	 NoSound	40	2	28669765
28669965	Triggered	4,42,43,44,45,46,	 File_beep1	40	2	28669965
28675840	Triggered	1,14,15,16,17,18,19,20,21,22,	 NoSound	40	2	28675840
28676044	Triggered	1,14,15,16,17,18,19,20,21,22,	 PureTone-5kHz	40	2	28676044
28679149	Triggered	6,47,48,49,50,51,	 NoSound	40	2	28679149
28679360	Triggered	6,47,48,49,50,51,	 File_beep2	40	2	28679360
28686310	Triggered	1,14,15,16,17,18,19,20,21,22,	 NoSound	40	2	28686310
28686513	Triggered	1,14,15,16,17,18,19,20,21,22,	 PureTone-3kHz	40	2	28686513
28689136	Triggered	6,47,48,49,50,51,	 NoSound	40	2	28689136
28689338	Triggered	6,47,48,49,50,51,	 File_beep2	40	2	28689338
28697018	Triggered	1,14,15,16,17,18,19,20,21,22,	 NoSound	40	2	28697018
28697221	Triggered	1,14,15,16,17,18,19,20,21,22,	 PureTone-2kHz	40	2	28697221
28699846	Triggered	6,47,48,49,50,51,	 NoSound	40	2	28699846
28700048	Triggered	6,47,48,49,50,51,	 File_beep2	40	2	28700048
28707367	Triggered	1,14,15,16,17,18,19,20,21,22,	 NoSound	40	2	28707367
28707585	Triggered	1,14,15,16,17,18,19,20,21,22,	 PureTone-1kHz	40	2	28707585
28710256	Triggered	4,42,43,44,45,46,	 NoSound	40	2	28710256
28710456	Triggered	4,42,43,44,45,46,	 File_beep1	40	2	28710456
28716823	Triggered	1,14,15,16,17,18,19,20,21,22,	 NoSound	40	2	28716823
28717036	Triggered	1,14,15,16,17,18,19,20,21,22,	 StopSoundShort	40	2	28717036
28727106	Triggered	5,23,24,25,26,27,28,29,30,31,	 NoSound	40	2	28727106
28730770	Triggered	8,52,53,54,55,56,	 NoSound	40	2	28730770
28735645	Triggered	5,23,24,25,26,27,28,29,30,31,	 NoSound	40	2	28735645
28735847	Triggered	5,23,24,25,26,27,28,29,30,31,	 PureTone-1kHz	40	2	28735847
28739135	Triggered	2,37,38,39,40,41,	 NoSound	40	2	28739135
28739337	Triggered	2,37,38,39,40,41,	 File_beep3	40	2	28739337
28746295	Triggered	5,23,24,25,26,27,28,29,30,31,	 NoSound	40	2	28746295
28746495	Triggered	5,23,24,25,26,27,28,29,30,31,	 StopSoundLong	40	2	28746495
28757485	Triggered	1,14,15,16,17,18,19,20,21,22,	 NoSound	40	2	28757485
28760313	Triggered	6,47,48,49,50,51,	 NoSound	40	2	28760313
28771564	Triggered	1,14,15,16,17,18,19,20,21,22,	 NoSound	40	2	28771564
28771769	Triggered	1,14,15,16,17,18,19,20,21,22,	 PureTone-9kHz	40	2	28771769
28774814	Triggered	4,42,43,44,45,46,	 NoSound	40	2	28774814
28775015	Triggered	4,42,43,44,45,46,	 File_beep3	40	2	28775015
28782033	Triggered	1,14,15,16,17,18,19,20,21,22,	 NoSound	40	2	28782033
28782236	Triggered	1,14,15,16,17,18,19,20,21,22,	 PureTone-7kHz	40	2	28782236
28784741	Triggered	4,42,43,44,45,46,	 NoSound	40	2	28784741
28784942	Triggered	4,42,43,44,45,46,	 File_beep3	40	2	28784942
28792924	Triggered	1,14,15,16,17,18,19,20,21,22,	 NoSound	40	2	28792924
28793127	Triggered	1,14,15,16,17,18,19,20,21,22,	 PureTone-5kHz	40	2	28793127
28795510	Triggered	4,42,43,44,45,46,	 NoSound	40	2	28795510
28795712	Triggered	4,42,43,44,45,46,	 File_beep3	40	2	28795712
28804655	Triggered	1,14,15,16,17,18,19,20,21,22,	 NoSound	40	2	28804655
28804856	Triggered	1,14,15,16,17,18,19,20,21,22,	 PureTone-3kHz	40	2	28804856
28807061	Triggered	4,42,43,44,45,46,	 NoSound	40	2	28807061
28807262	Triggered	4,42,43,44,45,46,	 File_beep3	40	2	28807262
28815246	Triggered	1,14,15,16,17,18,19,20,21,22,	 NoSound	40	2	28815246
28815448	Triggered	1,14,15,16,17,18,19,20,21,22,	 PureTone-2kHz	40	2	28815448
28817831	Triggered	4,42,43,44,45,46,	 NoSound	40	2	28817831
28818033	Triggered	4,42,43,44,45,46,	 File_beep3	40	2	28818033
28825720	Triggered	1,14,15,16,17,18,19,20,21,22,	 NoSound	40	2	28825720
28825921	Triggered	1,14,15,16,17,18,19,20,21,22,	 PureTone-1kHz	40	2	28825921
28828722	Triggered	4,42,43,44,45,46,	 NoSound	40	2	28828722
28828924	Triggered	4,42,43,44,45,46,	 File_beep3	40	2	28828924
28837204	Triggered	1,14,15,16,17,18,19,20,21,22,	 NoSound	40	2	28837204
28837406	Triggered	1,14,15,16,17,18,19,20,21,22,	 StopSoundShort	40	2	28837406
28851169	Triggered	5,23,24,25,26,27,28,29,30,31,	 NoSound	40	2	28851169
28853751	Triggered	8,52,53,54,55,56,	 NoSound	40	2	28853751
28853954	Triggered	8,52,53,54,55,56,	 File_beep5	40	2	28853954
28864459	Triggered	5,23,24,25,26,27,28,29,30,31,	 NoSound	40	2	28864459
28864660	Triggered	5,23,24,25,26,27,28,29,30,31,	 PureTone-1kHz	40	2	28864660
28866865	Triggered	8,52,53,54,55,56,	 NoSound	40	2	28866865
28867069	Triggered	8,52,53,54,55,56,	 File_beep5	40	2	28867069
28875289	Triggered	5,23,24,25,26,27,28,29,30,31,	 NoSound	40	2	28875289
28875490	Triggered	5,23,24,25,26,27,28,29,30,31,	 StopSoundLong	40	2	28875490
28889007	Triggered	1,14,15,16,17,18,19,20,21,22,	 NoSound	40	2	28889007
28891596	Triggered	4,42,43,44,45,46,	 NoSound	40	2	28891596
28891798	Triggered	4,42,43,44,45,46,	 File_beep3	40	2	28891798
28900629	Triggered	1,14,15,16,17,18,19,20,21,22,	 NoSound	40	2	28900629
28900833	Triggered	1,14,15,16,17,18,19,20,21,22,	 PureTone-9kHz	40	2	28900833
28903206	Triggered	4,42,43,44,45,46,	 NoSound	40	2	28903206
28903408	Triggered	4,42,43,44,45,46,	 File_beep3	40	2	28903408
28911148	Triggered	1,14,15,16,17,18,19,20,21,22,	 NoSound	40	2	28911148
28911351	Triggered	1,14,15,16,17,18,19,20,21,22,	 PureTone-7kHz	40	2	28911351
28913555	Triggered	4,42,43,44,45,46,	 NoSound	40	2	28913555
28913757	Triggered	4,42,43,44,45,46,	 File_beep3	40	2	28913757
28920184	Triggered	1,14,15,16,17,18,19,20,21,22,	 NoSound	40	2	28920184
28920387	Triggered	1,14,15,16,17,18,19,20,21,22,	 PureTone-5kHz	40	2	28920387
28922642	Triggered	4,42,43,44,45,46,	 NoSound	40	2	28922642
28922856	Triggered	4,42,43,44,45,46,	 File_beep3	40	2	28922856
28930221	Triggered	1,14,15,16,17,18,19,20,21,22,	 NoSound	40	2	28930221
28930422	Triggered	1,14,15,16,17,18,19,20,21,22,	 PureTone-3kHz	40	2	28930422
28932868	Triggered	4,42,43,44,45,46,	 NoSound	40	2	28932868
28933070	Triggered	4,42,43,44,45,46,	 File_beep3	40	2	28933070
28940148	Triggered	1,14,15,16,17,18,19,20,21,22,	 NoSound	40	2	28940148
28940367	Triggered	1,14,15,16,17,18,19,20,21,22,	 PureTone-2kHz	40	2	28940367
28942856	Triggered	4,42,43,44,45,46,	 NoSound	40	2	28942856
28943057	Triggered	4,42,43,44,45,46,	 File_beep3	40	2	28943057
28951889	Triggered	1,14,15,16,17,18,19,20,21,22,	 NoSound	40	2	28951889
28952091	Triggered	1,14,15,16,17,18,19,20,21,22,	 PureTone-1kHz	40	2	28952091
28955070	Triggered	4,42,43,44,45,46,	 NoSound	40	2	28955070
28955271	Triggered	4,42,43,44,45,46,	 File_beep3	40	2	28955271
28970293	Triggered	1,14,15,16,17,18,19,20,21,22,	 NoSound	40	2	28970293
28970504	Triggered	1,14,15,16,17,18,19,20,21,22,	 StopSoundShort	40	2	28970504
28981722	Triggered	5,23,24,25,26,27,28,29,30,31,	 NoSound	40	2	28981722
28984851	Triggered	2,37,38,39,40,41,	 NoSound	40	2	28984851
28985053	Triggered	2,37,38,39,40,41,	 File_beep3	40	2	28985053
28993514	Triggered	5,23,24,25,26,27,28,29,30,31,	 NoSound	40	2	28993514
28993717	Triggered	5,23,24,25,26,27,28,29,30,31,	 PureTone-1kHz	40	2	28993717
28996531	Triggered	8,52,53,54,55,56,	 NoSound	40	2	28996531
28996731	Triggered	8,52,53,54,55,56,	 File_beep1	40	2	28996731
29004292	Triggered	5,23,24,25,26,27,28,29,30,31,	 NoSound	40	2	29004292
29004493	Triggered	5,23,24,25,26,27,28,29,30,31,	 StopSoundLong	40	2	29004493
29019026	Triggered	4,42,43,44,45,46,	 NoSound	40	2	29019026
29019242	Triggered	4,42,43,44,45,46,	 File_beep1	40	2	29019242
29026125	Triggered	1,14,15,16,17,18,19,20,21,22,	 NoSound	40	2	29026125
29026340	Triggered	1,14,15,16,17,18,19,20,21,22,	 PureTone-9kHz	40	2	29026340
29029375	Triggered	6,47,48,49,50,51,	 NoSound	40	2	29029375
29034128	Triggered	1,14,15,16,17,18,19,20,21,22,	 NoSound	40	2	29034128
29034331	Triggered	1,14,15,16,17,18,19,20,21,22,	 PureTone-7kHz	40	2	29034331
29038338	Triggered	4,42,43,44,45,46,	 NoSound	40	2	29038338
29038538	Triggered	4,42,43,44,45,46,	 File_beep1	40	2	29038538
29045016	Triggered	1,14,15,16,17,18,19,20,21,22,	 NoSound	40	2	29045016
29045219	Triggered	1,14,15,16,17,18,19,20,21,22,	 PureTone-5kHz	40	2	29045219
29047784	Triggered	4,42,43,44,45,46,	 NoSound	40	2	29047784
29047985	Triggered	4,42,43,44,45,46,	 File_beep1	40	2	29047985
29053743	Triggered	1,14,15,16,17,18,19,20,21,22,	 NoSound	40	2	29053743
29053945	Triggered	1,14,15,16,17,18,19,20,21,22,	 PureTone-3kHz	40	2	29053945
29057352	Triggered	6,47,48,49,50,51,	 NoSound	40	2	29057352
29061864	Triggered	1,14,15,16,17,18,19,20,21,22,	 NoSound	40	2	29061864
29062065	Triggered	1,14,15,16,17,18,19,20,21,22,	 PureTone-2kHz	40	2	29062065
29066556	Triggered	4,42,43,44,45,46,	 NoSound	40	2	29066556
29066756	Triggered	4,42,43,44,45,46,	 File_beep1	40	2	29066756
29074317	Triggered	1,14,15,16,17,18,19,20,21,22,	 NoSound	40	2	29074317
29074519	Triggered	1,14,15,16,17,18,19,20,21,22,	 PureTone-1kHz	40	2	29074519
29077814	Triggered	6,47,48,49,50,51,	 NoSound	40	2	29077814
29081960	Triggered	1,14,15,16,17,18,19,20,21,22,	 NoSound	40	2	29081960
29082160	Triggered	1,14,15,16,17,18,19,20,21,22,	 StopSoundShort	40	2	29082160
29096880	Triggered	2,37,38,39,40,41,	 NoSound	40	2	29096880
29097083	Triggered	2,37,38,39,40,41,	 File_beep1	40	2	29097083
29103859	Triggered	5,23,24,25,26,27,28,29,30,31,	 NoSound	40	2	29103859
29104061	Triggered	5,23,24,25,26,27,28,29,30,31,	 PureTone-1kHz	40	2	29104061
29107770	Triggered	8,52,53,54,55,56,	 NoSound	40	2	29107770
29107973	Triggered	8,52,53,54,55,56,	 File_beep3	40	2	29107973
29115472	Triggered	5,23,24,25,26,27,28,29,30,31,	 NoSound	40	2	29115472
29115674	Triggered	5,23,24,25,26,27,28,29,30,31,	 StopSoundLong	40	2	29115674
29131055	Triggered	1,14,15,16,17,18,19,20,21,22,	 NoSound	40	2	29131055
29133761	Triggered	6,47,48,49,50,51,	 NoSound	40	2	29133761
29133965	Triggered	6,47,48,49,50,51,	 File_beep4	40	2	29133965
29143329	Triggered	1,14,15,16,17,18,19,20,21,22,	 NoSound	40	2	29143329
29143531	Triggered	1,14,15,16,17,18,19,20,21,22,	 PureTone-9kHz	40	2	29143531
29145555	Triggered	6,47,48,49,50,51,	 NoSound	40	2	29145555
29145757	Triggered	6,47,48,49,50,51,	 File_beep4	40	2	29145757
29156143	Triggered	1,14,15,16,17,18,19,20,21,22,	 NoSound	40	2	29156143
29156345	Triggered	1,14,15,16,17,18,19,20,21,22,	 PureTone-7kHz	40	2	29156345
29158429	Triggered	6,47,48,49,50,51,	 NoSound	40	2	29158429
29158631	Triggered	6,47,48,49,50,51,	 File_beep4	40	2	29158631
29171305	Triggered	1,14,15,16,17,18,19,20,21,22,	 NoSound	40	2	29171305
29171509	Triggered	1,14,15,16,17,18,19,20,21,22,	 PureTone-5kHz	40	2	29171509
29173592	Triggered	6,47,48,49,50,51,	 NoSound	40	2	29173592
29173809	Triggered	6,47,48,49,50,51,	 File_beep4	40	2	29173809
29192484	Triggered	1,14,15,16,17,18,19,20,21,22,	 NoSound	40	2	29192484
29192686	Triggered	1,14,15,16,17,18,19,20,21,22,	 PureTone-3kHz	40	2	29192686
29195433	Triggered	6,47,48,49,50,51,	 NoSound	40	2	29195433
29195635	Triggered	6,47,48,49,50,51,	 File_beep4	40	2	29195635
29205479	Triggered	1,14,15,16,17,18,19,20,21,22,	 NoSound	40	2	29205479
29205681	Triggered	1,14,15,16,17,18,19,20,21,22,	 PureTone-2kHz	40	2	29205681
29208067	Triggered	6,47,48,49,50,51,	 NoSound	40	2	29208067
29208269	Triggered	6,47,48,49,50,51,	 File_beep4	40	2	29208269
29222687	Triggered	1,14,15,16,17,18,19,20,21,22,	 NoSound	40	2	29222687
29222889	Triggered	1,14,15,16,17,18,19,20,21,22,	 PureTone-1kHz	40	2	29222889
29226417	Triggered	6,47,48,49,50,51,	 NoSound	40	2	29226417
29226618	Triggered	6,47,48,49,50,51,	 File_beep4	40	2	29226618
29238330	Triggered	1,14,15,16,17,18,19,20,21,22,	 NoSound	40	2	29238330
29238531	Triggered	1,14,15,16,17,18,19,20,21,22,	 StopSoundShort	40	2	29238531
29252527	Triggered	2,37,38,39,40,41,	 NoSound	40	2	29252527
29252731	Triggered	2,37,38,39,40,41,	 File_beep5	40	2	29252731
29263360	Triggered	5,23,24,25,26,27,28,29,30,31,	 NoSound	40	2	29263360
29263562	Triggered	5,23,24,25,26,27,28,29,30,31,	 PureTone-1kHz	40	2	29263562
29266126	Triggered	8,52,53,54,55,56,	 NoSound	40	2	29266126
29266329	Triggered	8,52,53,54,55,56,	 File_beep5	40	2	29266329
29274610	Triggered	5,23,24,25,26,27,28,29,30,31,	 NoSound	40	2	29274610
29274812	Triggered	5,23,24,25,26,27,28,29,30,31,	 StopSoundLong	40	2	29274812
29291035	Triggered	1,14,15,16,17,18,19,20,21,22,	 NoSound	40	2	29291035
29294043	Triggered	4,42,43,44,45,46,	 NoSound	40	2	29294043
29294246	Triggered	4,42,43,44,45,46,	 File_beep5	40	2	29294246
29306015	Triggered	1,14,15,16,17,18,19,20,21,22,	 NoSound	40	2	29306015
29306220	Triggered	1,14,15,16,17,18,19,20,21,22,	 PureTone-9kHz	40	2	29306220
29308603	Triggered	4,42,43,44,45,46,	 NoSound	40	2	29308603
29308806	Triggered	4,42,43,44,45,46,	 File_beep5	40	2	29308806
29318891	Triggered	1,14,15,16,17,18,19,20,21,22,	 NoSound	40	2	29318891
29319094	Triggered	1,14,15,16,17,18,19,20,21,22,	 PureTone-7kHz	40	2	29319094
29321358	Triggered	4,42,43,44,45,46,	 NoSound	40	2	29321358
29321559	Triggered	4,42,43,44,45,46,	 File_beep5	40	2	29321559
29330803	Triggered	1,14,15,16,17,18,19,20,21,22,	 NoSound	40	2	29330803
29331007	Triggered	1,14,15,16,17,18,19,20,21,22,	 PureTone-5kHz	40	2	29331007
29333165	Triggered	4,42,43,44,45,46,	 NoSound	40	2	29333165
29333368	Triggered	4,42,43,44,45,46,	 File_beep5	40	2	29333368
29343258	Triggered	1,14,15,16,17,18,19,20,21,22,	 NoSound	40	2	29343258
29343461	Triggered	1,14,15,16,17,18,19,20,21,22,	 PureTone-3kHz	40	2	29343461
29345604	Triggered	4,42,43,44,45,46,	 NoSound	40	2	29345604
29345807	Triggered	4,42,43,44,45,46,	 File_beep5	40	2	29345807
29356018	Triggered	1,14,15,16,17,18,19,20,21,22,	 NoSound	40	2	29356018
29356220	Triggered	1,14,15,16,17,18,19,20,21,22,	 PureTone-2kHz	40	2	29356220
29358540	Triggered	4,42,43,44,45,46,	 NoSound	40	2	29358540
29358742	Triggered	4,42,43,44,45,46,	 File_beep5	40	2	29358742
29368648	Triggered	1,14,15,16,17,18,19,20,21,22,	 NoSound	40	2	29368648
29368851	Triggered	1,14,15,16,17,18,19,20,21,22,	 PureTone-1kHz	40	2	29368851
29372086	Triggered	4,42,43,44,45,46,	 NoSound	40	2	29372086
29372289	Triggered	4,42,43,44,45,46,	 File_beep5	40	2	29372289
29383148	Triggered	1,14,15,16,17,18,19,20,21,22,	 NoSound	40	2	29383148
29383349	Triggered	1,14,15,16,17,18,19,20,21,22,	 StopSoundShort	40	2	29383349
29399753	Triggered	5,23,24,25,26,27,28,29,30,31,	 NoSound	40	2	29399753
29402521	Triggered	8,52,53,54,55,56,	 NoSound	40	2	29402521
29402723	Triggered	8,52,53,54,55,56,	 File_beep2	40	2	29402723
29409621	Triggered	5,23,24,25,26,27,28,29,30,31,	 NoSound	40	2	29409621
29409823	Triggered	5,23,24,25,26,27,28,29,30,31,	 PureTone-1kHz	40	2	29409823
29413412	Triggered	2,37,38,39,40,41,	 NoSound	40	2	29413412
29419375	Triggered	5,23,24,25,26,27,28,29,30,31,	 NoSound	40	2	29419375
29419577	Triggered	5,23,24,25,26,27,28,29,30,31,	 StopSoundLong	40	2	29419577
29434348	Triggered	1,14,15,16,17,18,19,20,21,22,	 NoSound	40	2	29434348
29437357	Triggered	4,42,43,44,45,46,	 NoSound	40	2	29437357
29445660	Triggered	1,14,15,16,17,18,19,20,21,22,	 NoSound	40	2	29445660
29445864	Triggered	1,14,15,16,17,18,19,20,21,22,	 PureTone-9kHz	40	2	29445864
29448969	Triggered	6,47,48,49,50,51,	 NoSound	40	2	29448969
29449171	Triggered	6,47,48,49,50,51,	 File_beep2	40	2	29449171
29457513	Triggered	1,14,15,16,17,18,19,20,21,22,	 NoSound	40	2	29457513
29457717	Triggered	1,14,15,16,17,18,19,20,21,22,	 PureTone-7kHz	40	2	29457717
29461063	Triggered	4,42,43,44,45,46,	 NoSound	40	2	29461063
29466418	Triggered	1,14,15,16,17,18,19,20,21,22,	 NoSound	40	2	29466418
29466621	Triggered	1,14,15,16,17,18,19,20,21,22,	 PureTone-5kHz	40	2	29466621
29470630	Triggered	6,47,48,49,50,51,	 NoSound	40	2	29470630
29470831	Triggered	6,47,48,49,50,51,	 File_beep2	40	2	29470831
29479661	Triggered	1,14,15,16,17,18,19,20,21,22,	 NoSound	40	2	29479661
29479863	Triggered	1,14,15,16,17,18,19,20,21,22,	 PureTone-3kHz	40	2	29479863
29483265	Triggered	4,42,43,44,45,46,	 NoSound	40	2	29483265
29487722	Triggered	1,14,15,16,17,18,19,20,21,22,	 NoSound	40	2	29487722
29487925	Triggered	1,14,15,16,17,18,19,20,21,22,	 PureTone-2kHz	40	2	29487925
29491688	Triggered	6,47,48,49,50,51,	 NoSound	40	2	29491688
29491889	Triggered	6,47,48,49,50,51,	 File_beep2	40	2	29491889
29499268	Triggered	1,14,15,16,17,18,19,20,21,22,	 NoSound	40	2	29499268
29499470	Triggered	1,14,15,16,17,18,19,20,21,22,	 PureTone-1kHz	40	2	29499470
29503299	Triggered	4,42,43,44,45,46,	 NoSound	40	2	29503299
29509196	Triggered	1,14,15,16,17,18,19,20,21,22,	 NoSound	40	2	29509196
29509408	Triggered	1,14,15,16,17,18,19,20,21,22,	 StopSoundShort	40	2	29509408
29522612	Triggered	2,37,38,39,40,41,	 NoSound	40	2	29522612
29528508	Triggered	5,23,24,25,26,27,28,29,30,31,	 NoSound	40	2	29528508
29528710	Triggered	5,23,24,25,26,27,28,29,30,31,	 PureTone-1kHz	40	2	29528710
29532418	Triggered	8,52,53,54,55,56,	 NoSound	40	2	29532418
29532620	Triggered	8,52,53,54,55,56,	 File_beep3	40	2	29532620
29540362	Triggered	5,23,24,25,26,27,28,29,30,31,	 NoSound	40	2	29540362
29540563	Triggered	5,23,24,25,26,27,28,29,30,31,	 StopSoundLong	40	2	29540563
29551671	Triggered	1,14,15,16,17,18,19,20,21,22,	 NoSound	40	2	29551671
29554860	Triggered	4,42,43,44,45,46,	 NoSound	40	2	29554860
29555061	Triggered	4,42,43,44,45,46,	 File_beep1	40	2	29555061
29562089	Triggered	1,14,15,16,17,18,19,20,21,22,	 NoSound	40	2	29562089
29562294	Triggered	1,14,15,16,17,18,19,20,21,22,	 PureTone-9kHz	40	2	29562294
29566413	Triggered	6,47,48,49,50,51,	 NoSound	40	2	29566413
29566614	Triggered	6,47,48,49,50,51,	 File_beep2	40	2	29566614
29583980	Triggered	1,14,15,16,17,18,19,20,21,22,	 NoSound	40	2	29583980
29584184	Triggered	1,14,15,16,17,18,19,20,21,22,	 PureTone-7kHz	40	2	29584184
29590840	Triggered	4,42,43,44,45,46,	 NoSound	40	2	29590840
29591040	Triggered	4,42,43,44,45,46,	 File_beep1	40	2	29591040
29600165	Triggered	1,14,15,16,17,18,19,20,21,22,	 NoSound	40	2	29600165
29600369	Triggered	1,14,15,16,17,18,19,20,21,22,	 PureTone-5kHz	40	2	29600369
29604559	Triggered	6,47,48,49,50,51,	 NoSound	40	2	29604559
29604760	Triggered	6,47,48,49,50,51,	 File_beep2	40	2	29604760
29617192	Triggered	1,14,15,16,17,18,19,20,21,22,	 NoSound	40	2	29617192
29617395	Triggered	1,14,15,16,17,18,19,20,21,22,	 PureTone-3kHz	40	2	29617395
29621164	Triggered	6,47,48,49,50,51,	 NoSound	40	2	29621164
29621365	Triggered	6,47,48,49,50,51,	 File_beep2	40	2	29621365
29631271	Triggered	1,14,15,16,17,18,19,20,21,22,	 NoSound	40	2	29631271
29631473	Triggered	1,14,15,16,17,18,19,20,21,22,	 PureTone-2kHz	40	2	29631473
29634760	Triggered	6,47,48,49,50,51,	 NoSound	40	2	29634760
29634962	Triggered	6,47,48,49,50,51,	 File_beep2	40	2	29634962
29644572	Triggered	1,14,15,16,17,18,19,20,21,22,	 NoSound	40	2	29644572
29644775	Triggered	1,14,15,16,17,18,19,20,21,22,	 PureTone-1kHz	40	2	29644775
29647878	Triggered	6,47,48,49,50,51,	 NoSound	40	2	29647878
29648093	Triggered	6,47,48,49,50,51,	 File_beep2	40	2	29648093
29656180	Triggered	1,14,15,16,17,18,19,20,21,22,	 NoSound	40	2	29656180
29656381	Triggered	1,14,15,16,17,18,19,20,21,22,	 StopSoundShort	40	2	29656381
29669055	Triggered	5,23,24,25,26,27,28,29,30,31,	 NoSound	40	2	29669055
29672364	Triggered	8,52,53,54,55,56,	 NoSound	40	2	29672364
29672582	Triggered	8,52,53,54,55,56,	 File_beep4	40	2	29672582
29680426	Triggered	5,23,24,25,26,27,28,29,30,31,	 NoSound	40	2	29680426
29680629	Triggered	5,23,24,25,26,27,28,29,30,31,	 PureTone-1kHz	40	2	29680629
29684216	Triggered	2,37,38,39,40,41,	 NoSound	40	2	29684216
29684418	Triggered	2,37,38,39,40,41,	 File_beep1	40	2	29684418
29692641	Triggered	5,23,24,25,26,27,28,29,30,31,	 NoSound	40	2	29692641
29692843	Triggered	5,23,24,25,26,27,28,29,30,31,	 StopSoundLong	40	2	29692843
29709968	Triggered	1,14,15,16,17,18,19,20,21,22,	 NoSound	40	2	29709968
29713097	Triggered	4,42,43,44,45,46,	 NoSound	40	2	29713097
29713316	Triggered	4,42,43,44,45,46,	 File_beep3	40	2	29713316
29724047	Triggered	1,14,15,16,17,18,19,20,21,22,	 NoSound	40	2	29724047
29724251	Triggered	1,14,15,16,17,18,19,20,21,22,	 PureTone-9kHz	40	2	29724251
29727297	Triggered	4,42,43,44,45,46,	 NoSound	40	2	29727297
29727498	Triggered	4,42,43,44,45,46,	 File_beep3	40	2	29727498
29735779	Triggered	1,14,15,16,17,18,19,20,21,22,	 NoSound	40	2	29735779
29735983	Triggered	1,14,15,16,17,18,19,20,21,22,	 PureTone-7kHz	40	2	29735983
29738970	Triggered	4,42,43,44,45,46,	 NoSound	40	2	29738970
29739173	Triggered	4,42,43,44,45,46,	 File_beep3	40	2	29739173
29746489	Triggered	1,14,15,16,17,18,19,20,21,22,	 NoSound	40	2	29746489
29746693	Triggered	1,14,15,16,17,18,19,20,21,22,	 PureTone-5kHz	40	2	29746693
29749798	Triggered	4,42,43,44,45,46,	 NoSound	40	2	29749798
29750000	Triggered	4,42,43,44,45,46,	 File_beep3	40	2	29750000
29760088	Triggered	1,14,15,16,17,18,19,20,21,22,	 NoSound	40	2	29760088
29760291	Triggered	1,14,15,16,17,18,19,20,21,22,	 PureTone-3kHz	40	2	29760291
29763936	Triggered	4,42,43,44,45,46,	 NoSound	40	2	29763936
29764138	Triggered	4,42,43,44,45,46,	 File_beep3	40	2	29764138
29772118	Triggered	1,14,15,16,17,18,19,20,21,22,	 NoSound	40	2	29772118
29772321	Triggered	1,14,15,16,17,18,19,20,21,22,	 PureTone-2kHz	40	2	29772321
29776211	Triggered	6,47,48,49,50,51,	 NoSound	40	2	29776211
29776428	Triggered	6,47,48,49,50,51,	 File_beep5	40	2	29776428
29788725	Triggered	1,14,15,16,17,18,19,20,21,22,	 NoSound	40	2	29788725
29788926	Triggered	1,14,15,16,17,18,19,20,21,22,	 PureTone-1kHz	40	2	29788926
29791443	Triggered	6,47,48,49,50,51,	 NoSound	40	2	29791443
29791652	Triggered	6,47,48,49,50,51,	 File_beep5	40	2	29791652
29805631	Triggered	1,14,15,16,17,18,19,20,21,22,	 NoSound	40	2	29805631
29805833	Triggered	1,14,15,16,17,18,19,20,21,22,	 StopSoundShort	40	2	29805833
29820612	Triggered	5,23,24,25,26,27,28,29,30,31,	 NoSound	40	2	29820612
29823741	Triggered	2,37,38,39,40,41,	 NoSound	40	2	29823741
29823942	Triggered	2,37,38,39,40,41,	 File_beep3	40	2	29823942
29834752	Triggered	5,23,24,25,26,27,28,29,30,31,	 NoSound	40	2	29834752
29834954	Triggered	5,23,24,25,26,27,28,29,30,31,	 PureTone-1kHz	40	2	29834954
29838602	Triggered	2,37,38,39,40,41,	 NoSound	40	2	29838602
29838803	Triggered	2,37,38,39,40,41,	 File_beep3	40	2	29838803
29851659	Triggered	5,23,24,25,26,27,28,29,30,31,	 NoSound	40	2	29851659
29851860	Triggered	5,23,24,25,26,27,28,29,30,31,	 StopSoundLong	40	2	29851860
29864894	Triggered	1,14,15,16,17,18,19,20,21,22,	 NoSound	40	2	29864894
29868084	Triggered	6,47,48,49,50,51,	 NoSound	40	2	29868084
29868296	Triggered	6,47,48,49,50,51,	 File_beep1	40	2	29868296
29876030	Triggered	1,14,15,16,17,18,19,20,21,22,	 NoSound	40	2	29876030
29876234	Triggered	1,14,15,16,17,18,19,20,21,22,	 PureTone-9kHz	40	2	29876234
29881019	Triggered	4,42,43,44,45,46,	 NoSound	40	2	29881019
29881233	Triggered	4,42,43,44,45,46,	 File_beep4	40	2	29881233
29893293	Triggered	1,14,15,16,17,18,19,20,21,22,	 NoSound	40	2	29893293
29893497	Triggered	1,14,15,16,17,18,19,20,21,22,	 PureTone-7kHz	40	2	29893497
29896723	Triggered	4,42,43,44,45,46,	 NoSound	40	2	29896723
29896926	Triggered	4,42,43,44,45,46,	 File_beep4	40	2	29896926
29907672	Triggered	1,14,15,16,17,18,19,20,21,22,	 NoSound	40	2	29907672
29907875	Triggered	1,14,15,16,17,18,19,20,21,22,	 PureTone-5kHz	40	2	29907875
29911884	Triggered	4,42,43,44,45,46,	 NoSound	40	2	29911884
29912086	Triggered	4,42,43,44,45,46,	 File_beep4	40	2	29912086
29959974	Triggered	1,14,15,16,17,18,19,20,21,22,	 NoSound	40	2	29959974
29960175	Triggered	1,14,15,16,17,18,19,20,21,22,	 PureTone-3kHz	40	2	29960175
29965552	Triggered	6,47,48,49,50,51,	 NoSound	40	2	29965552
29965752	Triggered	6,47,48,49,50,51,	 File_beep1	40	2	29965752
29980112	Triggered	1,14,15,16,17,18,19,20,21,22,	 NoSound	40	2	29980112
29980314	Triggered	1,14,15,16,17,18,19,20,21,22,	 PureTone-2kHz	40	2	29980314
29988776	Triggered	4,42,43,44,45,46,	 NoSound	40	2	29988776
29988977	Triggered	4,42,43,44,45,46,	 File_beep4	40	2	29988977
30004780	Triggered	1,14,15,16,17,18,19,20,21,22,	 NoSound	40	2	30004780
30004982	Triggered	1,14,15,16,17,18,19,20,21,22,	 PureTone-1kHz	40	2	30004982
30009059	Triggered	4,42,43,44,45,46,	 NoSound	40	2	30009059
30009260	Triggered	4,42,43,44,45,46,	 File_beep4	40	2	30009260
30023613	Triggered	1,14,15,16,17,18,19,20,21,22,	 NoSound	40	2	30023613
30023814	Triggered	1,14,15,16,17,18,19,20,21,22,	 StopSoundShort	40	2	30023814
30037095	Triggered	5,23,24,25,26,27,28,29,30,31,	 NoSound	40	2	30037095
30040397	Triggered	2,37,38,39,40,41,	 NoSound	40	2	30040397
30040599	Triggered	2,37,38,39,40,41,	 File_beep2	40	2	30040599
30050866	Triggered	5,23,24,25,26,27,28,29,30,31,	 NoSound	40	2	30050866
30051068	Triggered	5,23,24,25,26,27,28,29,30,31,	 PureTone-1kHz	40	2	30051068
30055620	Triggered	8,52,53,54,55,56,	 NoSound	40	2	30055620
30055822	Triggered	8,52,53,54,55,56,	 File_beep3	40	2	30055822
30064584	Triggered	5,23,24,25,26,27,28,29,30,31,	 NoSound	40	2	30064584
30064786	Triggered	5,23,24,25,26,27,28,29,30,31,	 StopSoundLong	40	2	30064786
30078784	Triggered	1,14,15,16,17,18,19,20,21,22,	 NoSound	40	2	30078784
30082033	Triggered	4,42,43,44,45,46,	 NoSound	40	2	30082033
30082235	Triggered	4,42,43,44,45,46,	 File_beep2	40	2	30082235
30094126	Triggered	1,14,15,16,17,18,19,20,21,22,	 NoSound	40	2	30094126
30094331	Triggered	1,14,15,16,17,18,19,20,21,22,	 PureTone-9kHz	40	2	30094331
30098340	Triggered	4,42,43,44,45,46,	 NoSound	40	2	30098340
30098542	Triggered	4,42,43,44,45,46,	 File_beep2	40	2	30098542
30108746	Triggered	1,14,15,16,17,18,19,20,21,22,	 NoSound	40	2	30108746
30108949	Triggered	1,14,15,16,17,18,19,20,21,22,	 PureTone-7kHz	40	2	30108949
30112901	Triggered	6,47,48,49,50,51,	 NoSound	40	2	30112901
30113101	Triggered	6,47,48,49,50,51,	 File_beep1	40	2	30113101
30126133	Triggered	1,14,15,16,17,18,19,20,21,22,	 NoSound	40	2	30126133
30126337	Triggered	1,14,15,16,17,18,19,20,21,22,	 PureTone-5kHz	40	2	30126337
30130165	Triggered	4,42,43,44,45,46,	 NoSound	40	2	30130165
30130378	Triggered	4,42,43,44,45,46,	 File_beep2	40	2	30130378
30140573	Triggered	1,14,15,16,17,18,19,20,21,22,	 NoSound	40	2	30140573
30140776	Triggered	1,14,15,16,17,18,19,20,21,22,	 PureTone-3kHz	40	2	30140776
30144846	Triggered	6,47,48,49,50,51,	 NoSound	40	2	30144846
30145046	Triggered	6,47,48,49,50,51,	 File_beep1	40	2	30145046
30151705	Triggered	1,14,15,16,17,18,19,20,21,22,	 NoSound	40	2	30151705
30151907	Triggered	1,14,15,16,17,18,19,20,21,22,	 PureTone-2kHz	40	2	30151907
30156638	Triggered	4,42,43,44,45,46,	 NoSound	40	2	30156638
30156840	Triggered	4,42,43,44,45,46,	 File_beep2	40	2	30156840
30165303	Triggered	1,14,15,16,17,18,19,20,21,22,	 NoSound	40	2	30165303
30165505	Triggered	1,14,15,16,17,18,19,20,21,22,	 PureTone-1kHz	40	2	30165505
30169754	Triggered	6,47,48,49,50,51,	 NoSound	40	2	30169754
30169956	Triggered	6,47,48,49,50,51,	 File_beep1	40	2	30169956
30177407	Triggered	1,14,15,16,17,18,19,20,21,22,	 NoSound	40	2	30177407
30177608	Triggered	1,14,15,16,17,18,19,20,21,22,	 StopSoundShort	40	2	30177608
30187924	Triggered	5,23,24,25,26,27,28,29,30,31,	 NoSound	40	2	30187924
30191776	Triggered	2,37,38,39,40,41,	 NoSound	40	2	30191776
30191976	Triggered	2,37,38,39,40,41,	 File_beep2	40	2	30191976
30199115	Triggered	5,23,24,25,26,27,28,29,30,31,	 NoSound	40	2	30199115
30199316	Triggered	5,23,24,25,26,27,28,29,30,31,	 PureTone-1kHz	40	2	30199316
30202666	Triggered	8,52,53,54,55,56,	 NoSound	40	2	30202666
30202866	Triggered	8,52,53,54,55,56,	 File_beep1	40	2	30202866
30219813	Triggered	5,23,24,25,26,27,28,29,30,31,	 NoSound	40	2	30219813
30220015	Triggered	5,23,24,25,26,27,28,29,30,31,	 StopSoundLong	40	2	30220015
30231786	Triggered	1,14,15,16,17,18,19,20,21,22,	 NoSound	40	2	30231786
30235275	Triggered	6,47,48,49,50,51,	 NoSound	40	2	30235275
30235477	Triggered	6,47,48,49,50,51,	 File_beep1	40	2	30235477
30243276	Triggered	1,14,15,16,17,18,19,20,21,22,	 NoSound	40	2	30243276
30243480	Triggered	1,14,15,16,17,18,19,20,21,22,	 PureTone-9kHz	40	2	30243480
30246947	Triggered	4,42,43,44,45,46,	 NoSound	40	2	30246947
30247149	Triggered	4,42,43,44,45,46,	 File_beep2	40	2	30247149
30258981	Triggered	1,14,15,16,17,18,19,20,21,22,	 NoSound	40	2	30258981
30259184	Triggered	1,14,15,16,17,18,19,20,21,22,	 PureTone-7kHz	40	2	30259184
30262531	Triggered	6,47,48,49,50,51,	 NoSound	40	2	30262531
30262731	Triggered	6,47,48,49,50,51,	 File_beep1	40	2	30262731
30270172	Triggered	1,14,15,16,17,18,19,20,21,22,	 NoSound	40	2	30270172
30270391	Triggered	1,14,15,16,17,18,19,20,21,22,	 PureTone-5kHz	40	2	30270391
30273781	Triggered	4,42,43,44,45,46,	 NoSound	40	2	30273781
30273982	Triggered	4,42,43,44,45,46,	 File_beep2	40	2	30273982
30282324	Triggered	1,14,15,16,17,18,19,20,21,22,	 NoSound	40	2	30282324
30282526	Triggered	1,14,15,16,17,18,19,20,21,22,	 PureTone-3kHz	40	2	30282526
30286538	Triggered	6,47,48,49,50,51,	 NoSound	40	2	30286538
30286739	Triggered	6,47,48,49,50,51,	 File_beep1	40	2	30286739
30293876	Triggered	1,14,15,16,17,18,19,20,21,22,	 NoSound	40	2	30293876
30294078	Triggered	1,14,15,16,17,18,19,20,21,22,	 PureTone-2kHz	40	2	30294078
30297606	Triggered	4,42,43,44,45,46,	 NoSound	40	2	30297606
30297807	Triggered	4,42,43,44,45,46,	 File_beep2	40	2	30297807
30326606	Triggered	1,14,15,16,17,18,19,20,21,22,	 NoSound	40	2	30326606
30326808	Triggered	1,14,15,16,17,18,19,20,21,22,	 PureTone-1kHz	40	2	30326808
30333044	Triggered	4,42,43,44,45,46,	 NoSound	40	2	30333044
30333245	Triggered	4,42,43,44,45,46,	 File_beep2	40	2	30333245
30345319	Triggered	1,14,15,16,17,18,19,20,21,22,	 NoSound	40	2	30345319
30345519	Triggered	1,14,15,16,17,18,19,20,21,22,	 StopSoundShort	40	2	30345519
30363066	Triggered	5,23,24,25,26,27,28,29,30,31,	 NoSound	40	2	30363066
30366195	Triggered	8,52,53,54,55,56,	 NoSound	40	2	30366195
30372333	Triggered	5,23,24,25,26,27,28,29,30,31,	 NoSound	40	2	30372333
30372535	Triggered	5,23,24,25,26,27,28,29,30,31,	 PureTone-1kHz	40	2	30372535
30380094	Triggered	2,37,38,39,40,41,	 NoSound	40	2	30380094
30380294	Triggered	2,37,38,39,40,41,	 File_beep2	40	2	30380294
30392608	Triggered	5,23,24,25,26,27,28,29,30,31,	 NoSound	40	2	30392608
30392810	Triggered	5,23,24,25,26,27,28,29,30,31,	 StopSoundLong	40	2	30392810
30410597	Triggered	1,14,15,16,17,18,19,20,21,22,	 NoSound	40	2	30410597
30413968	Triggered	4,42,43,44,45,46,	 NoSound	40	2	30413968
30414169	Triggered	4,42,43,44,45,46,	 File_beep1	40	2	30414169
30423174	Triggered	1,14,15,16,17,18,19,20,21,22,	 NoSound	40	2	30423174
30423377	Triggered	1,14,15,16,17,18,19,20,21,22,	 PureTone-9kHz	40	2	30423377
30427337	Triggered	6,47,48,49,50,51,	 NoSound	40	2	30427337
30427539	Triggered	6,47,48,49,50,51,	 File_beep1	40	2	30427539
30458008	Triggered	1,14,15,16,17,18,19,20,21,22,	 NoSound	40	2	30458008
30458210	Triggered	1,14,15,16,17,18,19,20,21,22,	 PureTone-7kHz	40	2	30458210
30462220	Triggered	4,42,43,44,45,46,	 NoSound	40	2	30462220
30462421	Triggered	4,42,43,44,45,46,	 File_beep1	40	2	30462421
30474735	Triggered	1,14,15,16,17,18,19,20,21,22,	 NoSound	40	2	30474735
30474939	Triggered	1,14,15,16,17,18,19,20,21,22,	 PureTone-5kHz	40	2	30474939
30478706	Triggered	6,47,48,49,50,51,	 NoSound	40	2	30478706
30478906	Triggered	6,47,48,49,50,51,	 File_beep1	40	2	30478906
