Ver1.3	107710559	StartFile	7/23/2020	2:51:32 PM	E:\BehavioralExperiments\Rizzo\RatData_Rizzo\Rawdata\072320B\SoundData.txt	107710559
107947609	Triggered	5,23,24,25,26,27,28,29,30,31,	 NoSound	40	2	107947609
107947811	Triggered	5,23,24,25,26,27,28,29,30,31,	 StopSoundLong	40	2	107947811
107959462	Triggered	1,14,15,16,17,18,19,20,21,22,	 NoSound	40	2	107959462
107963493	Triggered	4,42,43,44,45,46,	 NoSound	40	2	107963493
107963696	Triggered	4,42,43,44,45,46,	 File_beep4	40	2	107963696
107973963	Triggered	1,14,15,16,17,18,19,20,21,22,	 NoSound	40	2	107973963
107974166	Triggered	1,14,15,16,17,18,19,20,21,22,	 PureTone-9kHz	40	2	107974166
107977754	Triggered	4,42,43,44,45,46,	 NoSound	40	2	107977754
107977967	Triggered	4,42,43,44,45,46,	 File_beep4	40	2	107977967
107986958	Triggered	1,14,15,16,17,18,19,20,21,22,	 NoSound	40	2	107986958
107987162	Triggered	1,14,15,16,17,18,19,20,21,22,	 PureTone-7kHz	40	2	107987162
107990507	Triggered	4,42,43,44,45,46,	 NoSound	40	2	107990507
107990711	Triggered	4,42,43,44,45,46,	 File_beep4	40	2	107990711
107999475	Triggered	1,14,15,16,17,18,19,20,21,22,	 NoSound	40	2	107999475
107999678	Triggered	1,14,15,16,17,18,19,20,21,22,	 PureTone-5kHz	40	2	107999678
108002301	Triggered	4,42,43,44,45,46,	 NoSound	40	2	108002301
108002504	Triggered	4,42,43,44,45,46,	 File_beep4	40	2	108002504
108011986	Triggered	1,14,15,16,17,18,19,20,21,22,	 NoSound	40	2	108011986
108012190	Triggered	1,14,15,16,17,18,19,20,21,22,	 PureTone-3kHz	40	2	108012190
108015719	Triggered	4,42,43,44,45,46,	 NoSound	40	2	108015719
108015932	Triggered	4,42,43,44,45,46,	 File_beep4	40	2	108015932
108024682	Triggered	1,14,15,16,17,18,19,20,21,22,	 NoSound	40	2	108024682
108024885	Triggered	1,14,15,16,17,18,19,20,21,22,	 PureTone-2kHz	40	2	108024885
108028834	Triggered	4,42,43,44,45,46,	 NoSound	40	2	108028834
108029035	Triggered	4,42,43,44,45,46,	 File_beep4	40	2	108029035
108037739	Triggered	1,14,15,16,17,18,19,20,21,22,	 NoSound	40	2	108037739
108037941	Triggered	1,14,15,16,17,18,19,20,21,22,	 PureTone-1kHz	40	2	108037941
108041769	Triggered	4,42,43,44,45,46,	 NoSound	40	2	108041769
108041972	Triggered	4,42,43,44,45,46,	 File_beep4	40	2	108041972
108051816	Triggered	1,14,15,16,17,18,19,20,21,22,	 NoSound	40	2	108051816
108052016	Triggered	1,14,15,16,17,18,19,20,21,22,	 StopSoundShort	40	2	108052016
108068302	Triggered	5,23,24,25,26,27,28,29,30,31,	 NoSound	40	2	108068302
108071611	Triggered	2,37,38,39,40,41,	 NoSound	40	2	108071611
108071814	Triggered	2,37,38,39,40,41,	 File_beep5	40	2	108071815
108085270	Triggered	5,23,24,25,26,27,28,29,30,31,	 NoSound	40	2	108085270
108085471	Triggered	5,23,24,25,26,27,28,29,30,31,	 PureTone-1kHz	40	2	108085471
108088879	Triggered	2,37,38,39,40,41,	 NoSound	40	2	108088879
108089082	Triggered	2,37,38,39,40,41,	 File_beep5	40	2	108089082
108101154	Triggered	5,23,24,25,26,27,28,29,30,31,	 NoSound	40	2	108101154
108101355	Triggered	5,23,24,25,26,27,28,29,30,31,	 StopSoundLong	40	2	108101355
108115779	Triggered	6,47,48,49,50,51,	 NoSound	40	2	108115779
108115982	Triggered	6,47,48,49,50,51,	 File_beep4	40	2	108115982
108126362	Triggered	1,14,15,16,17,18,19,20,21,22,	 NoSound	40	2	108126362
108126566	Triggered	1,14,15,16,17,18,19,20,21,22,	 PureTone-9kHz	40	2	108126566
108129491	Triggered	4,42,43,44,45,46,	 NoSound	40	2	108129491
108133822	Triggered	1,14,15,16,17,18,19,20,21,22,	 NoSound	40	2	108133822
108134026	Triggered	1,14,15,16,17,18,19,20,21,22,	 PureTone-7kHz	40	2	108134026
108137612	Triggered	6,47,48,49,50,51,	 NoSound	40	2	108137612
108137814	Triggered	6,47,48,49,50,51,	 File_beep4	40	2	108137814
108147600	Triggered	1,14,15,16,17,18,19,20,21,22,	 NoSound	40	2	108147600
108147803	Triggered	1,14,15,16,17,18,19,20,21,22,	 PureTone-5kHz	40	2	108147803
108150849	Triggered	4,42,43,44,45,46,	 NoSound	40	2	108150849
108157291	Triggered	1,14,15,16,17,18,19,20,21,22,	 NoSound	40	2	108157291
108157495	Triggered	1,14,15,16,17,18,19,20,21,22,	 PureTone-3kHz	40	2	108157495
108160596	Triggered	6,47,48,49,50,51,	 NoSound	40	2	108160596
108160797	Triggered	6,47,48,49,50,51,	 File_beep4	40	2	108160797
108170464	Triggered	1,14,15,16,17,18,19,20,21,22,	 NoSound	40	2	108170464
108170667	Triggered	1,14,15,16,17,18,19,20,21,22,	 PureTone-2kHz	40	2	108170667
108173533	Triggered	4,42,43,44,45,46,	 NoSound	40	2	108173533
108178357	Triggered	1,14,15,16,17,18,19,20,21,22,	 NoSound	40	2	108178357
108178559	Triggered	1,14,15,16,17,18,19,20,21,22,	 PureTone-1kHz	40	2	108178559
108181955	Triggered	6,47,48,49,50,51,	 NoSound	40	2	108181955
108182156	Triggered	6,47,48,49,50,51,	 File_beep4	40	2	108182156
108192063	Triggered	1,14,15,16,17,18,19,20,21,22,	 NoSound	40	2	108192063
108192264	Triggered	1,14,15,16,17,18,19,20,21,22,	 StopSoundShort	40	2	108192264
108206023	Triggered	5,23,24,25,26,27,28,29,30,31,	 NoSound	40	2	108206023
108209150	Triggered	8,52,53,54,55,56,	 NoSound	40	2	108209150
108215408	Triggered	5,23,24,25,26,27,28,29,30,31,	 NoSound	40	2	108215408
108215611	Triggered	5,23,24,25,26,27,28,29,30,31,	 PureTone-1kHz	40	2	108215611
108219379	Triggered	2,37,38,39,40,41,	 NoSound	40	2	108219379
108219580	Triggered	2,37,38,39,40,41,	 File_beep3	40	2	108219580
108229186	Triggered	5,23,24,25,26,27,28,29,30,31,	 NoSound	40	2	108229186
108229388	Triggered	5,23,24,25,26,27,28,29,30,31,	 StopSoundLong	40	2	108229388
108243505	Triggered	1,14,15,16,17,18,19,20,21,22,	 NoSound	40	2	108243505
108246212	Triggered	4,42,43,44,45,46,	 NoSound	40	2	108246212
108246414	Triggered	4,42,43,44,45,46,	 File_beep3	40	2	108246414
108253311	Triggered	1,14,15,16,17,18,19,20,21,22,	 NoSound	40	2	108253311
108253515	Triggered	1,14,15,16,17,18,19,20,21,22,	 PureTone-9kHz	40	2	108253515
108255900	Triggered	4,42,43,44,45,46,	 NoSound	40	2	108255900
108256103	Triggered	4,42,43,44,45,46,	 File_beep3	40	2	108256103
108263841	Triggered	1,14,15,16,17,18,19,20,21,22,	 NoSound	40	2	108263841
108264045	Triggered	1,14,15,16,17,18,19,20,21,22,	 PureTone-7kHz	40	2	108264045
108266189	Triggered	4,42,43,44,45,46,	 NoSound	40	2	108266189
108266390	Triggered	4,42,43,44,45,46,	 File_beep3	40	2	108266390
108275934	Triggered	1,14,15,16,17,18,19,20,21,22,	 NoSound	40	2	108275934
108276137	Triggered	1,14,15,16,17,18,19,20,21,22,	 PureTone-5kHz	40	2	108276137
108279123	Triggered	4,42,43,44,45,46,	 NoSound	40	2	108279123
108279325	Triggered	4,42,43,44,45,46,	 File_beep3	40	2	108279325
108287305	Triggered	1,14,15,16,17,18,19,20,21,22,	 NoSound	40	2	108287305
108287519	Triggered	1,14,15,16,17,18,19,20,21,22,	 PureTone-3kHz	40	2	108287519
108290976	Triggered	4,42,43,44,45,46,	 NoSound	40	2	108290976
108291177	Triggered	4,42,43,44,45,46,	 File_beep3	40	2	108291177
108298736	Triggered	1,14,15,16,17,18,19,20,21,22,	 NoSound	40	2	108298736
108298939	Triggered	1,14,15,16,17,18,19,20,21,22,	 PureTone-2kHz	40	2	108298939
108301384	Triggered	4,42,43,44,45,46,	 NoSound	40	2	108301384
108301598	Triggered	4,42,43,44,45,46,	 File_beep3	40	2	108301598
108309988	Triggered	1,14,15,16,17,18,19,20,21,22,	 NoSound	40	2	108309988
108310190	Triggered	1,14,15,16,17,18,19,20,21,22,	 PureTone-1kHz	40	2	108310190
108314026	Triggered	6,47,48,49,50,51,	 NoSound	40	2	108314026
108314227	Triggered	6,47,48,49,50,51,	 File_beep3	40	2	108314227
108323224	Triggered	1,14,15,16,17,18,19,20,21,22,	 NoSound	40	2	108323224
108323425	Triggered	1,14,15,16,17,18,19,20,21,22,	 StopSoundShort	40	2	108323425
108337423	Triggered	5,23,24,25,26,27,28,29,30,31,	 NoSound	40	2	108337423
108340673	Triggered	2,37,38,39,40,41,	 NoSound	40	2	108340673
108340874	Triggered	2,37,38,39,40,41,	 File_beep2	40	2	108340874
108348554	Triggered	5,23,24,25,26,27,28,29,30,31,	 NoSound	40	2	108348554
108348756	Triggered	5,23,24,25,26,27,28,29,30,31,	 PureTone-1kHz	40	2	108348756
108352405	Triggered	8,52,53,54,55,56,	 NoSound	40	2	108352405
108357947	Triggered	5,23,24,25,26,27,28,29,30,31,	 NoSound	40	2	108357947
108358149	Triggered	5,23,24,25,26,27,28,29,30,31,	 StopSoundLong	40	2	108358149
108371477	Triggered	4,42,43,44,45,46,	 NoSound	40	2	108371477
108371681	Triggered	4,42,43,44,45,46,	 File_beep2	40	2	108371681
108377374	Triggered	1,14,15,16,17,18,19,20,21,22,	 NoSound	40	2	108377374
108377578	Triggered	1,14,15,16,17,18,19,20,21,22,	 PureTone-9kHz	40	2	108377578
108380689	Triggered	6,47,48,49,50,51,	 NoSound	40	2	108380689
108380891	Triggered	6,47,48,49,50,51,	 File_beep5	40	2	108380891
108393137	Triggered	1,14,15,16,17,18,19,20,21,22,	 NoSound	40	2	108393137
108393341	Triggered	1,14,15,16,17,18,19,20,21,22,	 PureTone-7kHz	40	2	108393341
108395664	Triggered	6,47,48,49,50,51,	 NoSound	40	2	108395664
108395866	Triggered	6,47,48,49,50,51,	 File_beep5	40	2	108395866
108406795	Triggered	1,14,15,16,17,18,19,20,21,22,	 NoSound	40	2	108406795
108406996	Triggered	1,14,15,16,17,18,19,20,21,22,	 PureTone-5kHz	40	2	108406996
108409021	Triggered	6,47,48,49,50,51,	 NoSound	40	2	108409021
108409224	Triggered	6,47,48,49,50,51,	 File_beep5	40	2	108409224
108421594	Triggered	1,14,15,16,17,18,19,20,21,22,	 NoSound	40	2	108421594
108421797	Triggered	1,14,15,16,17,18,19,20,21,22,	 PureTone-3kHz	40	2	108421797
108423702	Triggered	6,47,48,49,50,51,	 NoSound	40	2	108423702
108423904	Triggered	6,47,48,49,50,51,	 File_beep5	40	2	108423904
108436097	Triggered	1,14,15,16,17,18,19,20,21,22,	 NoSound	40	2	108436097
108436299	Triggered	1,14,15,16,17,18,19,20,21,22,	 PureTone-2kHz	40	2	108436299
108438382	Triggered	6,47,48,49,50,51,	 NoSound	40	2	108438382
108438584	Triggered	6,47,48,49,50,51,	 File_beep5	40	2	108438584
108448610	Triggered	1,14,15,16,17,18,19,20,21,22,	 NoSound	40	2	108448610
108448811	Triggered	1,14,15,16,17,18,19,20,21,22,	 PureTone-1kHz	40	2	108448811
108451979	Triggered	6,47,48,49,50,51,	 NoSound	40	2	108451979
108452181	Triggered	6,47,48,49,50,51,	 File_beep5	40	2	108452181
108465217	Triggered	1,14,15,16,17,18,19,20,21,22,	 NoSound	40	2	108465217
108465418	Triggered	1,14,15,16,17,18,19,20,21,22,	 StopSoundShort	40	2	108465418
108475690	Triggered	5,23,24,25,26,27,28,29,30,31,	 NoSound	40	2	108475690
108478996	Triggered	2,37,38,39,40,41,	 NoSound	40	2	108478996
108483627	Triggered	5,23,24,25,26,27,28,29,30,31,	 NoSound	40	2	108483627
108483829	Triggered	5,23,24,25,26,27,28,29,30,31,	 PureTone-1kHz	40	2	108483829
108487356	Triggered	2,37,38,39,40,41,	 NoSound	40	2	108487356
108491749	Triggered	5,23,24,25,26,27,28,29,30,31,	 NoSound	40	2	108491749
108491951	Triggered	5,23,24,25,26,27,28,29,30,31,	 StopSoundLong	40	2	108491951
108508595	Triggered	1,14,15,16,17,18,19,20,21,22,	 NoSound	40	2	108508595
108511919	Triggered	6,47,48,49,50,51,	 NoSound	40	2	108511919
108512119	Triggered	6,47,48,49,50,51,	 File_beep1	40	2	108512119
108520267	Triggered	1,14,15,16,17,18,19,20,21,22,	 NoSound	40	2	108520267
108520472	Triggered	1,14,15,16,17,18,19,20,21,22,	 PureTone-9kHz	40	2	108520472
108523577	Triggered	4,42,43,44,45,46,	 NoSound	40	2	108523577
108523779	Triggered	4,42,43,44,45,46,	 File_beep3	40	2	108523779
108531699	Triggered	1,14,15,16,17,18,19,20,21,22,	 NoSound	40	2	108531699
108531903	Triggered	1,14,15,16,17,18,19,20,21,22,	 PureTone-7kHz	40	2	108531903
108533932	Triggered	4,42,43,44,45,46,	 NoSound	40	2	108533932
108534134	Triggered	4,42,43,44,45,46,	 File_beep3	40	2	108534134
108541868	Triggered	1,14,15,16,17,18,19,20,21,22,	 NoSound	40	2	108541868
108542071	Triggered	1,14,15,16,17,18,19,20,21,22,	 PureTone-5kHz	40	2	108542071
108544034	Triggered	4,42,43,44,45,46,	 NoSound	40	2	108544034
108544235	Triggered	4,42,43,44,45,46,	 File_beep3	40	2	108544235
108552517	Triggered	1,14,15,16,17,18,19,20,21,22,	 NoSound	40	2	108552517
108552719	Triggered	1,14,15,16,17,18,19,20,21,22,	 PureTone-3kHz	40	2	108552719
108555043	Triggered	4,42,43,44,45,46,	 NoSound	40	2	108555043
108555244	Triggered	4,42,43,44,45,46,	 File_beep3	40	2	108555244
108562864	Triggered	1,14,15,16,17,18,19,20,21,22,	 NoSound	40	2	108562864
108563066	Triggered	1,14,15,16,17,18,19,20,21,22,	 PureTone-2kHz	40	2	108563066
108565753	Triggered	4,42,43,44,45,46,	 NoSound	40	2	108565753
108565954	Triggered	4,42,43,44,45,46,	 File_beep3	40	2	108565954
108573695	Triggered	1,14,15,16,17,18,19,20,21,22,	 NoSound	40	2	108573695
108573898	Triggered	1,14,15,16,17,18,19,20,21,22,	 PureTone-1kHz	40	2	108573898
108577485	Triggered	4,42,43,44,45,46,	 NoSound	40	2	108577485
108577687	Triggered	4,42,43,44,45,46,	 File_beep3	40	2	108577687
108586268	Triggered	1,14,15,16,17,18,19,20,21,22,	 NoSound	40	2	108586268
108586469	Triggered	1,14,15,16,17,18,19,20,21,22,	 StopSoundShort	40	2	108586469
108596978	Triggered	5,23,24,25,26,27,28,29,30,31,	 NoSound	40	2	108596978
108600890	Triggered	8,52,53,54,55,56,	 NoSound	40	2	108600890
108601102	Triggered	8,52,53,54,55,56,	 File_beep1	40	2	108601102
108607628	Triggered	5,23,24,25,26,27,28,29,30,31,	 NoSound	40	2	108607628
108607831	Triggered	5,23,24,25,26,27,28,29,30,31,	 PureTone-1kHz	40	2	108607831
108611779	Triggered	2,37,38,39,40,41,	 NoSound	40	2	108611779
108611981	Triggered	2,37,38,39,40,41,	 File_beep4	40	2	108611981
108623032	Triggered	5,23,24,25,26,27,28,29,30,31,	 NoSound	40	2	108623032
108623234	Triggered	5,23,24,25,26,27,28,29,30,31,	 StopSoundLong	40	2	108623234
108638974	Triggered	4,42,43,44,45,46,	 NoSound	40	2	108638974
108639189	Triggered	4,42,43,44,45,46,	 File_beep5	40	2	108639189
108650104	Triggered	1,14,15,16,17,18,19,20,21,22,	 NoSound	40	2	108650104
108650308	Triggered	1,14,15,16,17,18,19,20,21,22,	 PureTone-9kHz	40	2	108650308
108652691	Triggered	4,42,43,44,45,46,	 NoSound	40	2	108652691
108652893	Triggered	4,42,43,44,45,46,	 File_beep5	40	2	108652893
108665207	Triggered	1,14,15,16,17,18,19,20,21,22,	 NoSound	40	2	108665207
108665411	Triggered	1,14,15,16,17,18,19,20,21,22,	 PureTone-7kHz	40	2	108665411
108667552	Triggered	4,42,43,44,45,46,	 NoSound	40	2	108667552
108667755	Triggered	4,42,43,44,45,46,	 File_beep5	40	2	108667755
108678443	Triggered	1,14,15,16,17,18,19,20,21,22,	 NoSound	40	2	108678443
108678645	Triggered	1,14,15,16,17,18,19,20,21,22,	 PureTone-5kHz	40	2	108678645
108680729	Triggered	4,42,43,44,45,46,	 NoSound	40	2	108680729
108680932	Triggered	4,42,43,44,45,46,	 File_beep5	40	2	108680932
108692040	Triggered	1,14,15,16,17,18,19,20,21,22,	 NoSound	40	2	108692040
108692244	Triggered	1,14,15,16,17,18,19,20,21,22,	 PureTone-3kHz	40	2	108692244
108694688	Triggered	4,42,43,44,45,46,	 NoSound	40	2	108694688
108694891	Triggered	4,42,43,44,45,46,	 File_beep5	40	2	108694891
108706060	Triggered	1,14,15,16,17,18,19,20,21,22,	 NoSound	40	2	108706060
108706261	Triggered	1,14,15,16,17,18,19,20,21,22,	 PureTone-2kHz	40	2	108706261
108709188	Triggered	4,42,43,44,45,46,	 NoSound	40	2	108709188
108709391	Triggered	4,42,43,44,45,46,	 File_beep5	40	2	108709391
108724651	Triggered	1,14,15,16,17,18,19,20,21,22,	 NoSound	40	2	108724651
108724852	Triggered	1,14,15,16,17,18,19,20,21,22,	 PureTone-1kHz	40	2	108724852
108729162	Triggered	4,42,43,44,45,46,	 NoSound	40	2	108729162
108729366	Triggered	4,42,43,44,45,46,	 File_beep5	40	2	108729366
108742340	Triggered	1,14,15,16,17,18,19,20,21,22,	 NoSound	40	2	108742340
108742541	Triggered	1,14,15,16,17,18,19,20,21,22,	 StopSoundShort	40	2	108742541
108757861	Triggered	2,37,38,39,40,41,	 NoSound	40	2	108757861
108758065	Triggered	2,37,38,39,40,41,	 File_beep3	40	2	108758065
108767970	Triggered	5,23,24,25,26,27,28,29,30,31,	 NoSound	40	2	108767970
108768172	Triggered	5,23,24,25,26,27,28,29,30,31,	 PureTone-1kHz	40	2	108768172
108772422	Triggered	2,37,38,39,40,41,	 NoSound	40	2	108772422
108772623	Triggered	2,37,38,39,40,41,	 File_beep3	40	2	108772623
108783734	Triggered	5,23,24,25,26,27,28,29,30,31,	 NoSound	40	2	108783734
108783936	Triggered	5,23,24,25,26,27,28,29,30,31,	 StopSoundLong	40	2	108783936
108801784	Triggered	1,14,15,16,17,18,19,20,21,22,	 NoSound	40	2	108801784
108810085	Triggered	6,47,48,49,50,51,	 NoSound	40	2	108810085
108824586	Triggered	1,14,15,16,17,18,19,20,21,22,	 NoSound	40	2	108824586
108824789	Triggered	1,14,15,16,17,18,19,20,21,22,	 PureTone-9kHz	40	2	108824789
108829459	Triggered	4,42,43,44,45,46,	 NoSound	40	2	108829459
108829660	Triggered	4,42,43,44,45,46,	 File_beep3	40	2	108829660
108841973	Triggered	1,14,15,16,17,18,19,20,21,22,	 NoSound	40	2	108841973
108842175	Triggered	1,14,15,16,17,18,19,20,21,22,	 PureTone-7kHz	40	2	108842175
108846606	Triggered	6,47,48,49,50,51,	 NoSound	40	2	108846606
108852323	Triggered	1,14,15,16,17,18,19,20,21,22,	 NoSound	40	2	108852323
108852526	Triggered	1,14,15,16,17,18,19,20,21,22,	 PureTone-5kHz	40	2	108852526
108863271	Triggered	4,42,43,44,45,46,	 NoSound	40	2	108863271
108863473	Triggered	4,42,43,44,45,46,	 File_beep3	40	2	108863473
108875487	Triggered	1,14,15,16,17,18,19,20,21,22,	 NoSound	40	2	108875487
108875689	Triggered	1,14,15,16,17,18,19,20,21,22,	 PureTone-3kHz	40	2	108875689
108879155	Triggered	6,47,48,49,50,51,	 NoSound	40	2	108879155
108886263	Triggered	1,14,15,16,17,18,19,20,21,22,	 NoSound	40	2	108886263
108886466	Triggered	1,14,15,16,17,18,19,20,21,22,	 PureTone-2kHz	40	2	108886466
108891370	Triggered	4,42,43,44,45,46,	 NoSound	40	2	108891370
108891586	Triggered	4,42,43,44,45,46,	 File_beep3	40	2	108891586
108904919	Triggered	1,14,15,16,17,18,19,20,21,22,	 NoSound	40	2	108904919
108905120	Triggered	1,14,15,16,17,18,19,20,21,22,	 PureTone-1kHz	40	2	108905120
108908697	Triggered	6,47,48,49,50,51,	 NoSound	40	2	108908697
108913812	Triggered	1,14,15,16,17,18,19,20,21,22,	 NoSound	40	2	108913812
108914013	Triggered	1,14,15,16,17,18,19,20,21,22,	 StopSoundShort	40	2	108914013
108937282	Triggered	5,23,24,25,26,27,28,29,30,31,	 NoSound	40	2	108937282
108940952	Triggered	8,52,53,54,55,56,	 NoSound	40	2	108940952
108941153	Triggered	8,52,53,54,55,56,	 File_beep1	40	2	108941153
108948406	Triggered	5,23,24,25,26,27,28,29,30,31,	 NoSound	40	2	108948406
108948609	Triggered	5,23,24,25,26,27,28,29,30,31,	 PureTone-1kHz	40	2	108948609
108953401	Triggered	2,37,38,39,40,41,	 NoSound	40	2	108953401
108953603	Triggered	2,37,38,39,40,41,	 File_beep4	40	2	108953603
108965975	Triggered	5,23,24,25,26,27,28,29,30,31,	 NoSound	40	2	108965975
108966177	Triggered	5,23,24,25,26,27,28,29,30,31,	 StopSoundLong	40	2	108966177
108981618	Triggered	6,47,48,49,50,51,	 NoSound	40	2	108981618
108981820	Triggered	6,47,48,49,50,51,	 File_beep1	40	2	108981820
108989199	Triggered	1,14,15,16,17,18,19,20,21,22,	 NoSound	40	2	108989199
108989403	Triggered	1,14,15,16,17,18,19,20,21,22,	 PureTone-9kHz	40	2	108989403
108994193	Triggered	6,47,48,49,50,51,	 NoSound	40	2	108994193
108994394	Triggered	6,47,48,49,50,51,	 File_beep1	40	2	108994394
109001233	Triggered	1,14,15,16,17,18,19,20,21,22,	 NoSound	40	2	109001233
109001450	Triggered	1,14,15,16,17,18,19,20,21,22,	 PureTone-7kHz	40	2	109001450
109005324	Triggered	4,42,43,44,45,46,	 NoSound	40	2	109005324
109012062	Triggered	1,14,15,16,17,18,19,20,21,22,	 NoSound	40	2	109012062
109012263	Triggered	1,14,15,16,17,18,19,20,21,22,	 PureTone-5kHz	40	2	109012263
109017839	Triggered	4,42,43,44,45,46,	 NoSound	40	2	109017839
109023913	Triggered	1,14,15,16,17,18,19,20,21,22,	 NoSound	40	2	109023913
109024116	Triggered	1,14,15,16,17,18,19,20,21,22,	 PureTone-3kHz	40	2	109024116
109029209	Triggered	6,47,48,49,50,51,	 NoSound	40	2	109029209
109029410	Triggered	6,47,48,49,50,51,	 File_beep1	40	2	109029410
109036851	Triggered	1,14,15,16,17,18,19,20,21,22,	 NoSound	40	2	109036851
109037052	Triggered	1,14,15,16,17,18,19,20,21,22,	 PureTone-2kHz	40	2	109037052
109043107	Triggered	4,42,43,44,45,46,	 NoSound	40	2	109043107
109048463	Triggered	1,14,15,16,17,18,19,20,21,22,	 NoSound	40	2	109048463
109048677	Triggered	1,14,15,16,17,18,19,20,21,22,	 PureTone-1kHz	40	2	109048677
109053938	Triggered	6,47,48,49,50,51,	 NoSound	40	2	109053938
109054139	Triggered	6,47,48,49,50,51,	 File_beep1	40	2	109054139
109061639	Triggered	1,14,15,16,17,18,19,20,21,22,	 NoSound	40	2	109061639
109061840	Triggered	1,14,15,16,17,18,19,20,21,22,	 StopSoundShort	40	2	109061840
109072710	Triggered	5,23,24,25,26,27,28,29,30,31,	 NoSound	40	2	109072710
109076079	Triggered	2,37,38,39,40,41,	 NoSound	40	2	109076079
109076295	Triggered	2,37,38,39,40,41,	 File_beep4	40	2	109076295
109089676	Triggered	5,23,24,25,26,27,28,29,30,31,	 NoSound	40	2	109089676
109089878	Triggered	5,23,24,25,26,27,28,29,30,31,	 PureTone-1kHz	40	2	109089878
109092564	Triggered	2,37,38,39,40,41,	 NoSound	40	2	109092564
109092781	Triggered	2,37,38,39,40,41,	 File_beep4	40	2	109092781
109107907	Triggered	5,23,24,25,26,27,28,29,30,31,	 NoSound	40	2	109107907
109108108	Triggered	5,23,24,25,26,27,28,29,30,31,	 StopSoundLong	40	2	109108108
109118374	Triggered	1,14,15,16,17,18,19,20,21,22,	 NoSound	40	2	109118374
109122346	Triggered	6,47,48,49,50,51,	 NoSound	40	2	109122346
109122547	Triggered	6,47,48,49,50,51,	 File_beep3	40	2	109122547
109135041	Triggered	1,14,15,16,17,18,19,20,21,22,	 NoSound	40	2	109135041
109135245	Triggered	1,14,15,16,17,18,19,20,21,22,	 PureTone-9kHz	40	2	109135245
109138410	Triggered	6,47,48,49,50,51,	 NoSound	40	2	109138410
109138612	Triggered	6,47,48,49,50,51,	 File_beep3	40	2	109138612
109151586	Triggered	1,14,15,16,17,18,19,20,21,22,	 NoSound	40	2	109151586
109151791	Triggered	1,14,15,16,17,18,19,20,21,22,	 PureTone-7kHz	40	2	109151791
109155738	Triggered	4,42,43,44,45,46,	 NoSound	40	2	109155738
109155939	Triggered	4,42,43,44,45,46,	 File_beep1	40	2	109155939
109163199	Triggered	1,14,15,16,17,18,19,20,21,22,	 NoSound	40	2	109163199
109163403	Triggered	1,14,15,16,17,18,19,20,21,22,	 PureTone-5kHz	40	2	109163403
109167710	Triggered	4,42,43,44,45,46,	 NoSound	40	2	109167710
109167910	Triggered	4,42,43,44,45,46,	 File_beep1	40	2	109167910
109176135	Triggered	1,14,15,16,17,18,19,20,21,22,	 NoSound	40	2	109176135
109176339	Triggered	1,14,15,16,17,18,19,20,21,22,	 PureTone-3kHz	40	2	109176339
109181008	Triggered	6,47,48,49,50,51,	 NoSound	40	2	109181008
109181220	Triggered	6,47,48,49,50,51,	 File_beep3	40	2	109181220
109193162	Triggered	1,14,15,16,17,18,19,20,21,22,	 NoSound	40	2	109193162
109193365	Triggered	1,14,15,16,17,18,19,20,21,22,	 PureTone-2kHz	40	2	109193365
109199718	Triggered	4,42,43,44,45,46,	 NoSound	40	2	109199718
109199930	Triggered	4,42,43,44,45,46,	 File_beep1	40	2	109199930
109208263	Triggered	1,14,15,16,17,18,19,20,21,22,	 NoSound	40	2	109208263
109208465	Triggered	1,14,15,16,17,18,19,20,21,22,	 PureTone-1kHz	40	2	109208465
109213977	Triggered	6,47,48,49,50,51,	 NoSound	40	2	109213977
109214179	Triggered	6,47,48,49,50,51,	 File_beep3	40	2	109214179
109231065	Triggered	1,14,15,16,17,18,19,20,21,22,	 NoSound	40	2	109231065
109231266	Triggered	1,14,15,16,17,18,19,20,21,22,	 StopSoundShort	40	2	109231266
109244843	Triggered	2,37,38,39,40,41,	 NoSound	40	2	109244843
109245046	Triggered	2,37,38,39,40,41,	 File_beep2	40	2	109245046
109254530	Triggered	5,23,24,25,26,27,28,29,30,31,	 NoSound	40	2	109254530
109254732	Triggered	5,23,24,25,26,27,28,29,30,31,	 PureTone-1kHz	40	2	109254732
109258199	Triggered	2,37,38,39,40,41,	 NoSound	40	2	109258199
109258400	Triggered	2,37,38,39,40,41,	 File_beep2	40	2	109258400
109269510	Triggered	5,23,24,25,26,27,28,29,30,31,	 NoSound	40	2	109269510
109269713	Triggered	5,23,24,25,26,27,28,29,30,31,	 StopSoundLong	40	2	109269713
109280220	Triggered	1,14,15,16,17,18,19,20,21,22,	 NoSound	40	2	109280220
109284853	Triggered	4,42,43,44,45,46,	 NoSound	40	2	109284853
109285055	Triggered	4,42,43,44,45,46,	 File_beep2	40	2	109285055
109296405	Triggered	1,14,15,16,17,18,19,20,21,22,	 NoSound	40	2	109296405
109296609	Triggered	1,14,15,16,17,18,19,20,21,22,	 PureTone-9kHz	40	2	109296609
109300015	Triggered	6,47,48,49,50,51,	 NoSound	40	2	109300015
109300217	Triggered	6,47,48,49,50,51,	 File_beep4	40	2	109300217
109312891	Triggered	1,14,15,16,17,18,19,20,21,22,	 NoSound	40	2	109312891
109313093	Triggered	1,14,15,16,17,18,19,20,21,22,	 PureTone-7kHz	40	2	109313093
109315658	Triggered	6,47,48,49,50,51,	 NoSound	40	2	109315658
109315861	Triggered	6,47,48,49,50,51,	 File_beep4	40	2	109315861
109327751	Triggered	1,14,15,16,17,18,19,20,21,22,	 NoSound	40	2	109327751
109327955	Triggered	1,14,15,16,17,18,19,20,21,22,	 PureTone-5kHz	40	2	109327955
109330579	Triggered	6,47,48,49,50,51,	 NoSound	40	2	109330579
109330781	Triggered	6,47,48,49,50,51,	 File_beep4	40	2	109330781
109342612	Triggered	1,14,15,16,17,18,19,20,21,22,	 NoSound	40	2	109342612
109342814	Triggered	1,14,15,16,17,18,19,20,21,22,	 PureTone-3kHz	40	2	109342814
109345560	Triggered	6,47,48,49,50,51,	 NoSound	40	2	109345560
109345762	Triggered	6,47,48,49,50,51,	 File_beep4	40	2	109345762
109358256	Triggered	1,14,15,16,17,18,19,20,21,22,	 NoSound	40	2	109358256
109358458	Triggered	1,14,15,16,17,18,19,20,21,22,	 PureTone-2kHz	40	2	109358458
109361625	Triggered	6,47,48,49,50,51,	 NoSound	40	2	109361625
109361826	Triggered	6,47,48,49,50,51,	 File_beep4	40	2	109361826
109376494	Triggered	1,14,15,16,17,18,19,20,21,22,	 NoSound	40	2	109376494
109376704	Triggered	1,14,15,16,17,18,19,20,21,22,	 PureTone-1kHz	40	2	109376704
109380517	Triggered	6,47,48,49,50,51,	 NoSound	40	2	109380517
109380720	Triggered	6,47,48,49,50,51,	 File_beep4	40	2	109380720
109392731	Triggered	1,14,15,16,17,18,19,20,21,22,	 NoSound	40	2	109392731
109392931	Triggered	1,14,15,16,17,18,19,20,21,22,	 StopSoundShort	40	2	109392931
109408495	Triggered	8,52,53,54,55,56,	 NoSound	40	2	109408495
109417940	Triggered	5,23,24,25,26,27,28,29,30,31,	 NoSound	40	2	109417940
109418141	Triggered	5,23,24,25,26,27,28,29,30,31,	 PureTone-1kHz	40	2	109418141
109422452	Triggered	2,37,38,39,40,41,	 NoSound	40	2	109422452
109422654	Triggered	2,37,38,39,40,41,	 File_beep4	40	2	109422654
109434785	Triggered	5,23,24,25,26,27,28,29,30,31,	 NoSound	40	2	109434785
109434987	Triggered	5,23,24,25,26,27,28,29,30,31,	 StopSoundLong	40	2	109434987
109446761	Triggered	1,14,15,16,17,18,19,20,21,22,	 NoSound	40	2	109446761
109450971	Triggered	4,42,43,44,45,46,	 NoSound	40	2	109450971
109451173	Triggered	4,42,43,44,45,46,	 File_beep5	40	2	109451173
109464870	Triggered	1,14,15,16,17,18,19,20,21,22,	 NoSound	40	2	109464870
109465073	Triggered	1,14,15,16,17,18,19,20,21,22,	 PureTone-9kHz	40	2	109465073
109468118	Triggered	4,42,43,44,45,46,	 NoSound	40	2	109468118
109468321	Triggered	4,42,43,44,45,46,	 File_beep5	40	2	109468321
109482257	Triggered	1,14,15,16,17,18,19,20,21,22,	 NoSound	40	2	109482257
109482460	Triggered	1,14,15,16,17,18,19,20,21,22,	 PureTone-7kHz	40	2	109482460
109485266	Triggered	4,42,43,44,45,46,	 NoSound	40	2	109485266
109485468	Triggered	4,42,43,44,45,46,	 File_beep5	40	2	109485468
109499283	Triggered	1,14,15,16,17,18,19,20,21,22,	 NoSound	40	2	109499283
109499487	Triggered	1,14,15,16,17,18,19,20,21,22,	 PureTone-5kHz	40	2	109499487
109502593	Triggered	4,42,43,44,45,46,	 NoSound	40	2	109502593
109502796	Triggered	4,42,43,44,45,46,	 File_beep5	40	2	109502796
109517575	Triggered	1,14,15,16,17,18,19,20,21,22,	 NoSound	40	2	109517575
109517789	Triggered	1,14,15,16,17,18,19,20,21,22,	 PureTone-3kHz	40	2	109517789
109520342	Triggered	4,42,43,44,45,46,	 NoSound	40	2	109520342
109520545	Triggered	4,42,43,44,45,46,	 File_beep5	40	2	109520545
109534540	Triggered	1,14,15,16,17,18,19,20,21,22,	 NoSound	40	2	109534540
109534742	Triggered	1,14,15,16,17,18,19,20,21,22,	 PureTone-2kHz	40	2	109534742
109537490	Triggered	4,42,43,44,45,46,	 NoSound	40	2	109537490
109537691	Triggered	4,42,43,44,45,46,	 File_beep5	40	2	109537691
109553071	Triggered	1,14,15,16,17,18,19,20,21,22,	 NoSound	40	2	109553071
109553273	Triggered	1,14,15,16,17,18,19,20,21,22,	 PureTone-1kHz	40	2	109553273
109556442	Triggered	4,42,43,44,45,46,	 NoSound	40	2	109556442
109556644	Triggered	4,42,43,44,45,46,	 File_beep5	40	2	109556644
109570887	Triggered	1,14,15,16,17,18,19,20,21,22,	 NoSound	40	2	109570887
109571088	Triggered	1,14,15,16,17,18,19,20,21,22,	 StopSoundShort	40	2	109571088
109583997	Triggered	5,23,24,25,26,27,28,29,30,31,	 NoSound	40	2	109583997
109587608	Triggered	8,52,53,54,55,56,	 NoSound	40	2	109587608
109587809	Triggered	8,52,53,54,55,56,	 File_beep4	40	2	109587809
109600302	Triggered	5,23,24,25,26,27,28,29,30,31,	 NoSound	40	2	109600302
109600504	Triggered	5,23,24,25,26,27,28,29,30,31,	 PureTone-1kHz	40	2	109600504
109604695	Triggered	2,37,38,39,40,41,	 NoSound	40	2	109604695
109604896	Triggered	2,37,38,39,40,41,	 File_beep1	40	2	109604896
109613419	Triggered	5,23,24,25,26,27,28,29,30,31,	 NoSound	40	2	109613419
109613620	Triggered	5,23,24,25,26,27,28,29,30,31,	 StopSoundLong	40	2	109613620
109629903	Triggered	4,42,43,44,45,46,	 NoSound	40	2	109629903
109630107	Triggered	4,42,43,44,45,46,	 File_beep3	40	2	109630107
109641575	Triggered	1,14,15,16,17,18,19,20,21,22,	 NoSound	40	2	109641575
109641778	Triggered	1,14,15,16,17,18,19,20,21,22,	 PureTone-9kHz	40	2	109641778
109645668	Triggered	6,47,48,49,50,51,	 NoSound	40	2	109645668
109645870	Triggered	6,47,48,49,50,51,	 File_beep3	40	2	109645870
109657581	Triggered	1,14,15,16,17,18,19,20,21,22,	 NoSound	40	2	109657581
109657785	Triggered	1,14,15,16,17,18,19,20,21,22,	 PureTone-7kHz	40	2	109657785
109661010	Triggered	6,47,48,49,50,51,	 NoSound	40	2	109661010
109661211	Triggered	6,47,48,49,50,51,	 File_beep3	40	2	109661211
109672681	Triggered	1,14,15,16,17,18,19,20,21,22,	 NoSound	40	2	109672681
109672883	Triggered	1,14,15,16,17,18,19,20,21,22,	 PureTone-5kHz	40	2	109672883
109676712	Triggered	6,47,48,49,50,51,	 NoSound	40	2	109676712
109676914	Triggered	6,47,48,49,50,51,	 File_beep3	40	2	109676914
109689715	Triggered	1,14,15,16,17,18,19,20,21,22,	 NoSound	40	2	109689715
109689918	Triggered	1,14,15,16,17,18,19,20,21,22,	 PureTone-3kHz	40	2	109689918
109694942	Triggered	6,47,48,49,50,51,	 NoSound	40	2	109694942
109695144	Triggered	6,47,48,49,50,51,	 File_beep3	40	2	109695144
109732487	Triggered	1,14,15,16,17,18,19,20,21,22,	 NoSound	40	2	109732487
109732703	Triggered	1,14,15,16,17,18,19,20,21,22,	 PureTone-2kHz	40	2	109732703
109737360	Triggered	6,47,48,49,50,51,	 NoSound	40	2	109737360
109737562	Triggered	6,47,48,49,50,51,	 File_beep3	40	2	109737562
109748493	Triggered	1,14,15,16,17,18,19,20,21,22,	 NoSound	40	2	109748493
109748706	Triggered	1,14,15,16,17,18,19,20,21,22,	 PureTone-1kHz	40	2	109748706
109753183	Triggered	6,47,48,49,50,51,	 NoSound	40	2	109753183
109753385	Triggered	6,47,48,49,50,51,	 File_beep3	40	2	109753385
109765095	Triggered	1,14,15,16,17,18,19,20,21,22,	 NoSound	40	2	109765095
109765296	Triggered	1,14,15,16,17,18,19,20,21,22,	 StopSoundShort	40	2	109765296
109780678	Triggered	5,23,24,25,26,27,28,29,30,31,	 NoSound	40	2	109780678
109784235	Triggered	2,37,38,39,40,41,	 NoSound	40	2	109784235
109784438	Triggered	2,37,38,39,40,41,	 File_beep5	40	2	109784438
109799871	Triggered	5,23,24,25,26,27,28,29,30,31,	 NoSound	40	2	109799871
109800073	Triggered	5,23,24,25,26,27,28,29,30,31,	 PureTone-1kHz	40	2	109800073
109803782	Triggered	2,37,38,39,40,41,	 NoSound	40	2	109803782
109803985	Triggered	2,37,38,39,40,41,	 File_beep5	40	2	109803985
109819847	Triggered	5,23,24,25,26,27,28,29,30,31,	 NoSound	40	2	109819847
109820048	Triggered	5,23,24,25,26,27,28,29,30,31,	 StopSoundLong	40	2	109820048
109835071	Triggered	4,42,43,44,45,46,	 NoSound	40	2	109835071
109835275	Triggered	4,42,43,44,45,46,	 File_beep2	40	2	109835275
109846021	Triggered	1,14,15,16,17,18,19,20,21,22,	 NoSound	40	2	109846021
109846225	Triggered	1,14,15,16,17,18,19,20,21,22,	 PureTone-9kHz	40	2	109846225
109850712	Triggered	6,47,48,49,50,51,	 NoSound	40	2	109850712
109850914	Triggered	6,47,48,49,50,51,	 File_beep5	40	2	109850914
109864128	Triggered	1,14,15,16,17,18,19,20,21,22,	 NoSound	40	2	109864128
109864332	Triggered	1,14,15,16,17,18,19,20,21,22,	 PureTone-7kHz	40	2	109864332
109867379	Triggered	6,47,48,49,50,51,	 NoSound	40	2	109867379
109867582	Triggered	6,47,48,49,50,51,	 File_beep5	40	2	109867582
109883261	Triggered	1,14,15,16,17,18,19,20,21,22,	 NoSound	40	2	109883261
109883475	Triggered	1,14,15,16,17,18,19,20,21,22,	 PureTone-5kHz	40	2	109883475
109886934	Triggered	6,47,48,49,50,51,	 NoSound	40	2	109886934
109887149	Triggered	6,47,48,49,50,51,	 File_beep5	40	2	109887149
109901852	Triggered	1,14,15,16,17,18,19,20,21,22,	 NoSound	40	2	109901852
109902055	Triggered	1,14,15,16,17,18,19,20,21,22,	 PureTone-3kHz	40	2	109902055
109906668	Triggered	6,47,48,49,50,51,	 NoSound	40	2	109906668
109906870	Triggered	6,47,48,49,50,51,	 File_beep5	40	2	109906870
109922189	Triggered	1,14,15,16,17,18,19,20,21,22,	 NoSound	40	2	109922189
109922392	Triggered	1,14,15,16,17,18,19,20,21,22,	 PureTone-2kHz	40	2	109922392
109927062	Triggered	6,47,48,49,50,51,	 NoSound	40	2	109927062
109927265	Triggered	6,47,48,49,50,51,	 File_beep5	40	2	109927265
109941322	Triggered	1,14,15,16,17,18,19,20,21,22,	 NoSound	40	2	109941322
109941523	Triggered	1,14,15,16,17,18,19,20,21,22,	 PureTone-1kHz	40	2	109941523
109946256	Triggered	6,47,48,49,50,51,	 NoSound	40	2	109946256
109946458	Triggered	6,47,48,49,50,51,	 File_beep5	40	2	109946458
109962139	Triggered	1,14,15,16,17,18,19,20,21,22,	 NoSound	40	2	109962139
109962351	Triggered	1,14,15,16,17,18,19,20,21,22,	 StopSoundShort	40	2	109962351
109975514	Triggered	5,23,24,25,26,27,28,29,30,31,	 NoSound	40	2	109975514
109980309	Triggered	8,52,53,54,55,56,	 NoSound	40	2	109980309
109987830	Triggered	5,23,24,25,26,27,28,29,30,31,	 NoSound	40	2	109987830
109988032	Triggered	5,23,24,25,26,27,28,29,30,31,	 PureTone-1kHz	40	2	109988032
109992342	Triggered	2,37,38,39,40,41,	 NoSound	40	2	109992342
109992544	Triggered	2,37,38,39,40,41,	 File_beep4	40	2	109992544
110007083	Triggered	5,23,24,25,26,27,28,29,30,31,	 NoSound	40	2	110007083
110007296	Triggered	5,23,24,25,26,27,28,29,30,31,	 StopSoundLong	40	2	110007296
110020860	Triggered	1,14,15,16,17,18,19,20,21,22,	 NoSound	40	2	110020860
110025673	Triggered	6,47,48,49,50,51,	 NoSound	40	2	110025673
110025875	Triggered	6,47,48,49,50,51,	 File_beep2	40	2	110025875
110040355	Triggered	1,14,15,16,17,18,19,20,21,22,	 NoSound	40	2	110040355
110040559	Triggered	1,14,15,16,17,18,19,20,21,22,	 PureTone-9kHz	40	2	110040559
110045950	Triggered	6,47,48,49,50,51,	 NoSound	40	2	110045950
110046151	Triggered	6,47,48,49,50,51,	 File_beep2	40	2	110046151
110057862	Triggered	1,14,15,16,17,18,19,20,21,22,	 NoSound	40	2	110057862
110058066	Triggered	1,14,15,16,17,18,19,20,21,22,	 PureTone-7kHz	40	2	110058066
110063879	Triggered	6,47,48,49,50,51,	 NoSound	40	2	110063879
110064081	Triggered	6,47,48,49,50,51,	 File_beep2	40	2	110064081
110074709	Triggered	1,14,15,16,17,18,19,20,21,22,	 NoSound	40	2	110074709
110074910	Triggered	1,14,15,16,17,18,19,20,21,22,	 PureTone-5kHz	40	2	110074910
110080665	Triggered	6,47,48,49,50,51,	 NoSound	40	2	110080665
110080879	Triggered	6,47,48,49,50,51,	 File_beep2	40	2	110080879
110092638	Triggered	1,14,15,16,17,18,19,20,21,22,	 NoSound	40	2	110092638
110092840	Triggered	1,14,15,16,17,18,19,20,21,22,	 PureTone-3kHz	40	2	110092840
110099859	Triggered	6,47,48,49,50,51,	 NoSound	40	2	110099859
110100073	Triggered	6,47,48,49,50,51,	 File_beep2	40	2	110100073
110111832	Triggered	1,14,15,16,17,18,19,20,21,22,	 NoSound	40	2	110111832
110112034	Triggered	1,14,15,16,17,18,19,20,21,22,	 PureTone-2kHz	40	2	110112034
110118028	Triggered	6,47,48,49,50,51,	 NoSound	40	2	110118028
110118229	Triggered	6,47,48,49,50,51,	 File_beep2	40	2	110118229
110131386	Triggered	1,14,15,16,17,18,19,20,21,22,	 NoSound	40	2	110131386
110131588	Triggered	1,14,15,16,17,18,19,20,21,22,	 PureTone-1kHz	40	2	110131588
110138063	Triggered	6,47,48,49,50,51,	 NoSound	40	2	110138063
110138266	Triggered	6,47,48,49,50,51,	 File_beep2	40	2	110138266
110150278	Triggered	1,14,15,16,17,18,19,20,21,22,	 NoSound	40	2	110150278
110150478	Triggered	1,14,15,16,17,18,19,20,21,22,	 StopSoundShort	40	2	110150478
110171036	Triggered	5,23,24,25,26,27,28,29,30,31,	 NoSound	40	2	110171036
110175487	Triggered	8,52,53,54,55,56,	 NoSound	40	2	110175487
110175690	Triggered	8,52,53,54,55,56,	 File_beep3	40	2	110175690
110186436	Triggered	5,23,24,25,26,27,28,29,30,31,	 NoSound	40	2	110186436
110186639	Triggered	5,23,24,25,26,27,28,29,30,31,	 PureTone-1kHz	40	2	110186639
110191070	Triggered	2,37,38,39,40,41,	 NoSound	40	2	110191070
110191271	Triggered	2,37,38,39,40,41,	 File_beep4	40	2	110191271
110207614	Triggered	5,23,24,25,26,27,28,29,30,31,	 NoSound	40	2	110207614
110207816	Triggered	5,23,24,25,26,27,28,29,30,31,	 StopSoundLong	40	2	110207816
110218685	Triggered	1,14,15,16,17,18,19,20,21,22,	 NoSound	40	2	110218685
110223801	Triggered	4,42,43,44,45,46,	 NoSound	40	2	110223801
110224002	Triggered	4,42,43,44,45,46,	 File_beep1	40	2	110224002
110233787	Triggered	1,14,15,16,17,18,19,20,21,22,	 NoSound	40	2	110233787
110233992	Triggered	1,14,15,16,17,18,19,20,21,22,	 PureTone-9kHz	40	2	110233992
110239684	Triggered	6,47,48,49,50,51,	 NoSound	40	2	110239684
110239885	Triggered	6,47,48,49,50,51,	 File_beep2	40	2	110239885
110251475	Triggered	1,14,15,16,17,18,19,20,21,22,	 NoSound	40	2	110251475
110251679	Triggered	1,14,15,16,17,18,19,20,21,22,	 PureTone-7kHz	40	2	110251679
110256170	Triggered	6,47,48,49,50,51,	 NoSound	40	2	110256170
110256371	Triggered	6,47,48,49,50,51,	 File_beep2	40	2	110256371
110266517	Triggered	1,14,15,16,17,18,19,20,21,22,	 NoSound	40	2	110266517
110266720	Triggered	1,14,15,16,17,18,19,20,21,22,	 PureTone-5kHz	40	2	110266720
110272473	Triggered	6,47,48,49,50,51,	 NoSound	40	2	110272473
110272674	Triggered	6,47,48,49,50,51,	 File_beep2	40	2	110272674
110283845	Triggered	1,14,15,16,17,18,19,20,21,22,	 NoSound	40	2	110283845
110284048	Triggered	1,14,15,16,17,18,19,20,21,22,	 PureTone-3kHz	40	2	110284048
110290346	Triggered	6,47,48,49,50,51,	 NoSound	40	2	110290346
110290548	Triggered	6,47,48,49,50,51,	 File_beep2	40	2	110290548
110300813	Triggered	1,14,15,16,17,18,19,20,21,22,	 NoSound	40	2	110300813
110301027	Triggered	1,14,15,16,17,18,19,20,21,22,	 PureTone-2kHz	40	2	110301027
110305925	Triggered	6,47,48,49,50,51,	 NoSound	40	2	110305925
110306128	Triggered	6,47,48,49,50,51,	 File_beep2	40	2	110306128
110315853	Triggered	1,14,15,16,17,18,19,20,21,22,	 NoSound	40	2	110315853
110316055	Triggered	1,14,15,16,17,18,19,20,21,22,	 PureTone-1kHz	40	2	110316055
110321148	Triggered	4,42,43,44,45,46,	 NoSound	40	2	110321148
110321348	Triggered	4,42,43,44,45,46,	 File_beep1	40	2	110321348
110330174	Triggered	1,14,15,16,17,18,19,20,21,22,	 NoSound	40	2	110330174
110330375	Triggered	1,14,15,16,17,18,19,20,21,22,	 StopSoundShort	40	2	110330375
110343890	Triggered	5,23,24,25,26,27,28,29,30,31,	 NoSound	40	2	110343890
110348103	Triggered	2,37,38,39,40,41,	 NoSound	40	2	110348103
110371206	Triggered	5,23,24,25,26,27,28,29,30,31,	 NoSound	40	2	110371206
110371408	Triggered	5,23,24,25,26,27,28,29,30,31,	 PureTone-1kHz	40	2	110371408
110376741	Triggered	2,37,38,39,40,41,	 NoSound	40	2	110376741
110396307	Triggered	5,23,24,25,26,27,28,29,30,31,	 NoSound	40	2	110396307
110396508	Triggered	5,23,24,25,26,27,28,29,30,31,	 StopSoundLong	40	2	110396508
110411226	Triggered	6,47,48,49,50,51,	 NoSound	40	2	110411226
110411431	Triggered	6,47,48,49,50,51,	 File_beep4	40	2	110411431
110424512	Triggered	1,14,15,16,17,18,19,20,21,22,	 NoSound	40	2	110424512
110424726	Triggered	1,14,15,16,17,18,19,20,21,22,	 PureTone-9kHz	40	2	110424726
110428131	Triggered	6,47,48,49,50,51,	 NoSound	40	2	110428131
110428334	Triggered	6,47,48,49,50,51,	 File_beep4	40	2	110428334
110442442	Triggered	1,14,15,16,17,18,19,20,21,22,	 NoSound	40	2	110442442
110442644	Triggered	1,14,15,16,17,18,19,20,21,22,	 PureTone-7kHz	40	2	110442644
110446954	Triggered	6,47,48,49,50,51,	 NoSound	40	2	110446954
110447158	Triggered	6,47,48,49,50,51,	 File_beep4	40	2	110447158
110460672	Triggered	1,14,15,16,17,18,19,20,21,22,	 NoSound	40	2	110460672
110460886	Triggered	1,14,15,16,17,18,19,20,21,22,	 PureTone-5kHz	40	2	110460886
110464585	Triggered	6,47,48,49,50,51,	 NoSound	40	2	110464585
110464787	Triggered	6,47,48,49,50,51,	 File_beep4	40	2	110464787
110478661	Triggered	1,14,15,16,17,18,19,20,21,22,	 NoSound	40	2	110478661
110478862	Triggered	1,14,15,16,17,18,19,20,21,22,	 PureTone-3kHz	40	2	110478862
110482995	Triggered	6,47,48,49,50,51,	 NoSound	40	2	110482995
110483198	Triggered	6,47,48,49,50,51,	 File_beep4	40	2	110483198
110503029	Triggered	1,14,15,16,17,18,19,20,21,22,	 NoSound	40	2	110503029
110503243	Triggered	1,14,15,16,17,18,19,20,21,22,	 PureTone-2kHz	40	2	110503243
110507541	Triggered	6,47,48,49,50,51,	 NoSound	40	2	110507541
110507755	Triggered	6,47,48,49,50,51,	 File_beep4	40	2	110507755
110521802	Triggered	1,14,15,16,17,18,19,20,21,22,	 NoSound	40	2	110521802
110522003	Triggered	1,14,15,16,17,18,19,20,21,22,	 PureTone-1kHz	40	2	110522003
110527095	Triggered	6,47,48,49,50,51,	 NoSound	40	2	110527095
110527296	Triggered	6,47,48,49,50,51,	 File_beep4	40	2	110527296
110541536	Triggered	1,14,15,16,17,18,19,20,21,22,	 NoSound	40	2	110541536
110541737	Triggered	1,14,15,16,17,18,19,20,21,22,	 StopSoundShort	40	2	110541737
110554711	Triggered	5,23,24,25,26,27,28,29,30,31,	 NoSound	40	2	110554711
110558982	Triggered	8,52,53,54,55,56,	 NoSound	40	2	110558982
110559185	Triggered	8,52,53,54,55,56,	 File_beep5	40	2	110559185
110576974	Triggered	5,23,24,25,26,27,28,29,30,31,	 NoSound	40	2	110576974
110577176	Triggered	5,23,24,25,26,27,28,29,30,31,	 PureTone-1kHz	40	2	110577176
110581004	Triggered	2,37,38,39,40,41,	 NoSound	40	2	110581004
110592196	Triggered	5,23,24,25,26,27,28,29,30,31,	 NoSound	40	2	110592196
110592397	Triggered	5,23,24,25,26,27,28,29,30,31,	 StopSoundLong	40	2	110592397
110610364	Triggered	6,47,48,49,50,51,	 NoSound	40	2	110610364
110610567	Triggered	6,47,48,49,50,51,	 File_beep1	40	2	110610567
110619390	Triggered	1,14,15,16,17,18,19,20,21,22,	 NoSound	40	2	110619390
110619593	Triggered	1,14,15,16,17,18,19,20,21,22,	 PureTone-9kHz	40	2	110619593
110624142	Triggered	6,47,48,49,50,51,	 NoSound	40	2	110624142
110624343	Triggered	6,47,48,49,50,51,	 File_beep1	40	2	110624343
110634010	Triggered	1,14,15,16,17,18,19,20,21,22,	 NoSound	40	2	110634010
110634212	Triggered	1,14,15,16,17,18,19,20,21,22,	 PureTone-7kHz	40	2	110634212
110639485	Triggered	6,47,48,49,50,51,	 NoSound	40	2	110639485
110639685	Triggered	6,47,48,49,50,51,	 File_beep1	40	2	110639685
110650074	Triggered	1,14,15,16,17,18,19,20,21,22,	 NoSound	40	2	110650074
110650276	Triggered	1,14,15,16,17,18,19,20,21,22,	 PureTone-5kHz	40	2	110650276
110655850	Triggered	6,47,48,49,50,51,	 NoSound	40	2	110655850
110656050	Triggered	6,47,48,49,50,51,	 File_beep1	40	2	110656050
110665295	Triggered	1,14,15,16,17,18,19,20,21,22,	 NoSound	40	2	110665295
110665498	Triggered	1,14,15,16,17,18,19,20,21,22,	 PureTone-3kHz	40	2	110665498
110671072	Triggered	6,47,48,49,50,51,	 NoSound	40	2	110671072
110671273	Triggered	6,47,48,49,50,51,	 File_beep1	40	2	110671273
110680759	Triggered	1,14,15,16,17,18,19,20,21,22,	 NoSound	40	2	110680759
110680962	Triggered	1,14,15,16,17,18,19,20,21,22,	 PureTone-2kHz	40	2	110680962
110685331	Triggered	6,47,48,49,50,51,	 NoSound	40	2	110685331
110685531	Triggered	6,47,48,49,50,51,	 File_beep1	40	2	110685531
110694357	Triggered	1,14,15,16,17,18,19,20,21,22,	 NoSound	40	2	110694357
110694559	Triggered	1,14,15,16,17,18,19,20,21,22,	 PureTone-1kHz	40	2	110694559
110699536	Triggered	4,42,43,44,45,46,	 NoSound	40	2	110699536
110699737	Triggered	4,42,43,44,45,46,	 File_beep1	40	2	110699737
110713189	Triggered	1,14,15,16,17,18,19,20,21,22,	 NoSound	40	2	110713189
110713389	Triggered	1,14,15,16,17,18,19,20,21,22,	 StopSoundShort	40	2	110713389
110725823	Triggered	5,23,24,25,26,27,28,29,30,31,	 NoSound	40	2	110725823
110730094	Triggered	2,37,38,39,40,41,	 NoSound	40	2	110730094
110730295	Triggered	2,37,38,39,40,41,	 File_beep3	40	2	110730295
110745798	Triggered	5,23,24,25,26,27,28,29,30,31,	 NoSound	40	2	110745798
110746012	Triggered	5,23,24,25,26,27,28,29,30,31,	 PureTone-1kHz	40	2	110746012
110749889	Triggered	2,37,38,39,40,41,	 NoSound	40	2	110749889
110750102	Triggered	2,37,38,39,40,41,	 File_beep3	40	2	110750102
110762583	Triggered	5,23,24,25,26,27,28,29,30,31,	 NoSound	40	2	110762583
110762785	Triggered	5,23,24,25,26,27,28,29,30,31,	 StopSoundLong	40	2	110762785
110783341	Triggered	1,14,15,16,17,18,19,20,21,22,	 NoSound	40	2	110783341
110787793	Triggered	4,42,43,44,45,46,	 NoSound	40	2	110787793
110787996	Triggered	4,42,43,44,45,46,	 File_beep4	40	2	110787996
110801149	Triggered	1,14,15,16,17,18,19,20,21,22,	 NoSound	40	2	110801149
110801353	Triggered	1,14,15,16,17,18,19,20,21,22,	 PureTone-9kHz	40	2	110801353
110804518	Triggered	4,42,43,44,45,46,	 NoSound	40	2	110804518
110804721	Triggered	4,42,43,44,45,46,	 File_beep4	40	2	110804721
110819019	Triggered	1,14,15,16,17,18,19,20,21,22,	 NoSound	40	2	110819019
110819223	Triggered	1,14,15,16,17,18,19,20,21,22,	 PureTone-7kHz	40	2	110819223
110822154	Triggered	4,42,43,44,45,46,	 NoSound	40	2	110822155
110822357	Triggered	4,42,43,44,45,46,	 File_beep4	40	2	110822357
110835505	Triggered	1,14,15,16,17,18,19,20,21,22,	 NoSound	40	2	110835505
110835707	Triggered	1,14,15,16,17,18,19,20,21,22,	 PureTone-5kHz	40	2	110835707
110839295	Triggered	4,42,43,44,45,46,	 NoSound	40	2	110839295
110839497	Triggered	4,42,43,44,45,46,	 File_beep4	40	2	110839497
110852907	Triggered	1,14,15,16,17,18,19,20,21,22,	 NoSound	40	2	110852907
110853110	Triggered	1,14,15,16,17,18,19,20,21,22,	 PureTone-3kHz	40	2	110853110
110856562	Triggered	4,42,43,44,45,46,	 NoSound	40	2	110856562
110856765	Triggered	4,42,43,44,45,46,	 File_beep4	40	2	110856765
110871436	Triggered	1,14,15,16,17,18,19,20,21,22,	 NoSound	40	2	110871436
110871639	Triggered	1,14,15,16,17,18,19,20,21,22,	 PureTone-2kHz	40	2	110871639
110876117	Triggered	6,47,48,49,50,51,	 NoSound	40	2	110876117
110876319	Triggered	6,47,48,49,50,51,	 File_beep1	40	2	110876319
110917518	Triggered	1,14,15,16,17,18,19,20,21,22,	 NoSound	40	2	110917518
110917719	Triggered	1,14,15,16,17,18,19,20,21,22,	 PureTone-1kHz	40	2	110917719
110931049	Triggered	6,47,48,49,50,51,	 NoSound	40	2	110931049
110931251	Triggered	6,47,48,49,50,51,	 File_beep1	40	2	110931251
111273512	Triggered	1,14,15,16,17,18,19,20,21,22,	 NoSound	40	2	111273512
111273713	Triggered	1,14,15,16,17,18,19,20,21,22,	 StopSoundShort	40	2	111273713
111334222	Triggered	5,23,24,25,26,27,28,29,30,31,	 NoSound	40	2	111334222
111339212	Triggered	2,37,38,39,40,41,	 NoSound	40	2	111339212
111339413	Triggered	2,37,38,39,40,41,	 File_beep5	40	2	111339413
111359188	Triggered	5,23,24,25,26,27,28,29,30,31,	 NoSound	40	2	111359188
111359389	Triggered	5,23,24,25,26,27,28,29,30,31,	 PureTone-1kHz	40	2	111359389
111363586	Triggered	2,37,38,39,40,41,	 NoSound	40	2	111363586
111363789	Triggered	2,37,38,39,40,41,	 File_beep5	40	2	111363789
111382411	Triggered	5,23,24,25,26,27,28,29,30,31,	 NoSound	40	2	111382411
111382625	Triggered	5,23,24,25,26,27,28,29,30,31,	 StopSoundLong	40	2	111382625
111401724	Triggered	4,42,43,44,45,46,	 NoSound	40	2	111401724
111401929	Triggered	4,42,43,44,45,46,	 File_beep5	40	2	111401929
111418751	Triggered	1,14,15,16,17,18,19,20,21,22,	 NoSound	40	2	111418751
111418954	Triggered	1,14,15,16,17,18,19,20,21,22,	 PureTone-9kHz	40	2	111418954
111422421	Triggered	4,42,43,44,45,46,	 NoSound	40	2	111422421
111422624	Triggered	4,42,43,44,45,46,	 File_beep5	40	2	111422624
111437583	Triggered	1,14,15,16,17,18,19,20,21,22,	 NoSound	40	2	111437583
111437785	Triggered	1,14,15,16,17,18,19,20,21,22,	 PureTone-7kHz	40	2	111437785
111440832	Triggered	4,42,43,44,45,46,	 NoSound	40	2	111440832
111441034	Triggered	4,42,43,44,45,46,	 File_beep5	40	2	111441034
111470147	Triggered	1,14,15,16,17,18,19,20,21,22,	 NoSound	40	2	111470147
111470350	Triggered	1,14,15,16,17,18,19,20,21,22,	 PureTone-5kHz	40	2	111470350
111474284	Triggered	4,42,43,44,45,46,	 NoSound	40	2	111474284
111474486	Triggered	4,42,43,44,45,46,	 File_beep5	40	2	111474486
111494922	Triggered	1,14,15,16,17,18,19,20,21,22,	 NoSound	40	2	111494922
111495124	Triggered	1,14,15,16,17,18,19,20,21,22,	 PureTone-3kHz	40	2	111495124
111498230	Triggered	4,42,43,44,45,46,	 NoSound	40	2	111498230
111498433	Triggered	4,42,43,44,45,46,	 File_beep5	40	2	111498433
111514955	Triggered	1,14,15,16,17,18,19,20,21,22,	 NoSound	40	2	111514955
111515158	Triggered	1,14,15,16,17,18,19,20,21,22,	 PureTone-2kHz	40	2	111515158
111519288	Triggered	4,42,43,44,45,46,	 NoSound	40	2	111519288
111519491	Triggered	4,42,43,44,45,46,	 File_beep5	40	2	111519491
111534810	Triggered	1,14,15,16,17,18,19,20,21,22,	 NoSound	40	2	111534810
111535012	Triggered	1,14,15,16,17,18,19,20,21,22,	 PureTone-1kHz	40	2	111535012
111539145	Triggered	4,42,43,44,45,46,	 NoSound	40	2	111539145
111539364	Triggered	4,42,43,44,45,46,	 File_beep5	40	2	111539364
111554666	Triggered	1,14,15,16,17,18,19,20,21,22,	 NoSound	40	2	111554666
111554866	Triggered	1,14,15,16,17,18,19,20,21,22,	 StopSoundShort	40	2	111554866
111569225	Triggered	2,37,38,39,40,41,	 NoSound	40	2	111569225
111577475	Triggered	5,23,24,25,26,27,28,29,30,31,	 NoSound	40	2	111577475
111577678	Triggered	5,23,24,25,26,27,28,29,30,31,	 PureTone-1kHz	40	2	111577678
111583185	Triggered	8,52,53,54,55,56,	 NoSound	40	2	111583185
111583386	Triggered	8,52,53,54,55,56,	 File_beep1	40	2	111583386
