Ver1.3	2038963774	StartFile	2/5/2021	1:53:16 PM	E:\BehavioralExperiments\Gerald\Horizon\RawData\020521\SoundData.txt	2038963774
2039317812	Triggered	5,23,24,25,26,27,28,29,30,31,	 NoSound	40	2	2039317812
2039318024	Triggered	5,23,24,25,26,27,28,29,30,31,	 StopSoundShort	40	2	2039318024
2039330387	Triggered	1,14,15,16,17,18,19,20,21,22,	 NoSound	40	2	2039330387
2039336168	Triggered	4,42,43,44,45,46,	 NoSound	40	2	2039336168
2039348616	Triggered	1,14,15,16,17,18,19,20,21,22,	 NoSound	40	2	2039348616
2039375033	Triggered	4,42,43,44,45,46,	 NoSound	40	2	2039375033
2039389649	Triggered	1,14,15,16,17,18,19,20,21,22,	 NoSound	40	2	2039389649
2039447891	Triggered	4,42,43,44,45,46,	 NoSound	40	2	2039447891
2039453484	Triggered	1,14,15,16,17,18,19,20,21,22,	 NoSound	40	2	2039453484
2039453689	Triggered	1,14,15,16,17,18,19,20,21,22,	 PureTone-11kHz	40	2	2039453689
2039457879	Triggered	6,47,48,49,50,51,	 NoSound	40	2	2039457879
2039458081	Triggered	6,47,48,49,50,51,	 File_beep5	40	2	2039458081
2039472076	Triggered	1,14,15,16,17,18,19,20,21,22,	 NoSound	40	2	2039472076
2039472294	Triggered	1,14,15,16,17,18,19,20,21,22,	 PureTone-11kHz	40	2	2039472294
2039475209	Triggered	6,47,48,49,50,51,	 NoSound	40	2	2039475209
2039475410	Triggered	6,47,48,49,50,51,	 File_beep5	40	2	2039475410
2039487540	Triggered	1,14,15,16,17,18,19,20,21,22,	 NoSound	40	2	2039487540
2039487742	Triggered	1,14,15,16,17,18,19,20,21,22,	 PureTone-11kHz	40	2	2039487742
2039490548	Triggered	6,47,48,49,50,51,	 NoSound	40	2	2039490548
2039490750	Triggered	6,47,48,49,50,51,	 File_beep5	40	2	2039490750
2039503844	Triggered	1,14,15,16,17,18,19,20,21,22,	 NoSound	40	2	2039503844
2039504049	Triggered	1,14,15,16,17,18,19,20,21,22,	 PureTone-11kHz	40	2	2039504049
2039506912	Triggered	6,47,48,49,50,51,	 NoSound	40	2	2039506912
2039507115	Triggered	6,47,48,49,50,51,	 File_beep5	40	2	2039507115
2039520150	Triggered	1,14,15,16,17,18,19,20,21,22,	 NoSound	40	2	2039520150
2039520354	Triggered	1,14,15,16,17,18,19,20,21,22,	 PureTone-11kHz	40	2	2039520354
2039523217	Triggered	6,47,48,49,50,51,	 NoSound	40	2	2039523217
2039523420	Triggered	6,47,48,49,50,51,	 File_beep5	40	2	2039523420
2039536032	Triggered	1,14,15,16,17,18,19,20,21,22,	 NoSound	40	2	2039536032
2039536237	Triggered	1,14,15,16,17,18,19,20,21,22,	 PureTone-11kHz	40	2	2039536237
2039538925	Triggered	6,47,48,49,50,51,	 NoSound	40	2	2039538925
2039539128	Triggered	6,47,48,49,50,51,	 File_beep5	40	2	2039539128
2039551557	Triggered	1,14,15,16,17,18,19,20,21,22,	 NoSound	40	2	2039551557
2039551761	Triggered	1,14,15,16,17,18,19,20,21,22,	 PureTone-11kHz	40	2	2039551761
2039554685	Triggered	6,47,48,49,50,51,	 NoSound	40	2	2039554685
2039554888	Triggered	6,47,48,49,50,51,	 File_beep5	40	2	2039554888
2039566536	Triggered	1,14,15,16,17,18,19,20,21,22,	 NoSound	40	2	2039566536
2039566740	Triggered	1,14,15,16,17,18,19,20,21,22,	 PureTone-11kHz	40	2	2039566740
2039569666	Triggered	6,47,48,49,50,51,	 NoSound	40	2	2039569666
2039569867	Triggered	6,47,48,49,50,51,	 File_beep5	40	2	2039569867
2039581037	Triggered	1,14,15,16,17,18,19,20,21,22,	 NoSound	40	2	2039581037
2039581241	Triggered	1,14,15,16,17,18,19,20,21,22,	 PureTone-11kHz	40	2	2039581241
2039584045	Triggered	6,47,48,49,50,51,	 NoSound	40	2	2039584045
2039584246	Triggered	6,47,48,49,50,51,	 File_beep5	40	2	2039584246
2039595175	Triggered	1,14,15,16,17,18,19,20,21,22,	 NoSound	40	2	2039595175
2039595379	Triggered	1,14,15,16,17,18,19,20,21,22,	 PureTone-9kHz	40	2	2039595379
2039598364	Triggered	6,47,48,49,50,51,	 NoSound	40	2	2039598364
2039598567	Triggered	6,47,48,49,50,51,	 File_beep5	40	2	2039598567
2039610217	Triggered	1,14,15,16,17,18,19,20,21,22,	 NoSound	40	2	2039610217
2039610419	Triggered	1,14,15,16,17,18,19,20,21,22,	 PureTone-7kHz	40	2	2039610419
2039614067	Triggered	6,47,48,49,50,51,	 NoSound	40	2	2039614067
2039614271	Triggered	6,47,48,49,50,51,	 File_beep5	40	2	2039614271
2039624778	Triggered	1,14,15,16,17,18,19,20,21,22,	 NoSound	40	2	2039624779
2039624982	Triggered	1,14,15,16,17,18,19,20,21,22,	 PureTone-5kHz	40	2	2039624982
2039628027	Triggered	6,47,48,49,50,51,	 NoSound	40	2	2039628027
2039628231	Triggered	6,47,48,49,50,51,	 File_beep5	40	2	2039628231
2039639578	Triggered	1,14,15,16,17,18,19,20,21,22,	 NoSound	40	2	2039639578
2039639780	Triggered	1,14,15,16,17,18,19,20,21,22,	 PureTone-3kHz	40	2	2039639780
2039643008	Triggered	6,47,48,49,50,51,	 NoSound	40	2	2039643008
2039643210	Triggered	6,47,48,49,50,51,	 File_beep5	40	2	2039643210
2039653905	Triggered	1,14,15,16,17,18,19,20,21,22,	 NoSound	40	2	2039653905
2039654108	Triggered	1,14,15,16,17,18,19,20,21,22,	 PureTone-2kHz	40	2	2039654108
2039656847	Triggered	6,47,48,49,50,51,	 NoSound	40	2	2039656847
2039657049	Triggered	6,47,48,49,50,51,	 File_beep5	40	2	2039657049
2039668337	Triggered	1,14,15,16,17,18,19,20,21,22,	 NoSound	40	2	2039668337
2039668539	Triggered	1,14,15,16,17,18,19,20,21,22,	 PureTone-1kHz	40	2	2039668539
2039671766	Triggered	6,47,48,49,50,51,	 NoSound	40	2	2039671766
2039671969	Triggered	6,47,48,49,50,51,	 File_beep5	40	2	2039671969
2039683619	Triggered	1,14,15,16,17,18,19,20,21,22,	 NoSound	40	2	2039683619
2039683820	Triggered	1,14,15,16,17,18,19,20,21,22,	 StopSoundShort	40	2	2039683820
2039698359	Triggered	5,23,24,25,26,27,28,29,30,31,	 NoSound	40	2	2039698359
2039701849	Triggered	8,52,53,54,55,56,	 NoSound	40	2	2039701849
2039702051	Triggered	8,52,53,54,55,56,	 File_beep5	40	2	2039702051
2039713220	Triggered	5,23,24,25,26,27,28,29,30,31,	 NoSound	40	2	2039713220
2039716237	Triggered	8,52,53,54,55,56,	 NoSound	40	2	2039716237
2039716440	Triggered	8,52,53,54,55,56,	 File_beep5	40	2	2039716440
2039726097	Triggered	5,23,24,25,26,27,28,29,30,31,	 NoSound	40	2	2039726097
2039729044	Triggered	8,52,53,54,55,56,	 NoSound	40	2	2039729044
2039729247	Triggered	8,52,53,54,55,56,	 File_beep5	40	2	2039729247
2039738670	Triggered	5,23,24,25,26,27,28,29,30,31,	 NoSound	40	2	2039738670
2039738874	Triggered	5,23,24,25,26,27,28,29,30,31,	 PureTone-11kHz	40	2	2039738874
2039741138	Triggered	8,52,53,54,55,56,	 NoSound	40	2	2039741138
2039741340	Triggered	8,52,53,54,55,56,	 File_beep5	40	2	2039741340
2039750288	Triggered	5,23,24,25,26,27,28,29,30,31,	 NoSound	40	2	2039750288
2039750494	Triggered	5,23,24,25,26,27,28,29,30,31,	 PureTone-11kHz	40	2	2039750494
2039752750	Triggered	8,52,53,54,55,56,	 NoSound	40	2	2039752750
2039752952	Triggered	8,52,53,54,55,56,	 File_beep5	40	2	2039752952
2039762074	Triggered	5,23,24,25,26,27,28,29,30,31,	 NoSound	40	2	2039762074
2039762278	Triggered	5,23,24,25,26,27,28,29,30,31,	 PureTone-11kHz	40	2	2039762278
2039764483	Triggered	8,52,53,54,55,56,	 NoSound	40	2	2039764483
2039764684	Triggered	8,52,53,54,55,56,	 File_beep5	40	2	2039764684
2039773747	Triggered	5,23,24,25,26,27,28,29,30,31,	 NoSound	40	2	2039773747
2039773952	Triggered	5,23,24,25,26,27,28,29,30,31,	 PureTone-11kHz	40	2	2039773952
2039776335	Triggered	8,52,53,54,55,56,	 NoSound	40	2	2039776335
2039776537	Triggered	8,52,53,54,55,56,	 File_beep5	40	2	2039776537
2039785901	Triggered	5,23,24,25,26,27,28,29,30,31,	 NoSound	40	2	2039785901
2039786104	Triggered	5,23,24,25,26,27,28,29,30,31,	 PureTone-11kHz	40	2	2039786104
2039788489	Triggered	8,52,53,54,55,56,	 NoSound	40	2	2039788489
2039788690	Triggered	8,52,53,54,55,56,	 File_beep5	40	2	2039788690
2039797272	Triggered	5,23,24,25,26,27,28,29,30,31,	 NoSound	40	2	2039797272
2039797477	Triggered	5,23,24,25,26,27,28,29,30,31,	 PureTone-11kHz	40	2	2039797477
2039799919	Triggered	8,52,53,54,55,56,	 NoSound	40	2	2039799919
2039800122	Triggered	8,52,53,54,55,56,	 File_beep5	40	2	2039800122
2039809244	Triggered	5,23,24,25,26,27,28,29,30,31,	 NoSound	40	2	2039809244
2039809450	Triggered	5,23,24,25,26,27,28,29,30,31,	 PureTone-11kHz	40	2	2039809450
2039811953	Triggered	8,52,53,54,55,56,	 NoSound	40	2	2039811953
2039812156	Triggered	8,52,53,54,55,56,	 File_beep5	40	2	2039812156
2039820917	Triggered	5,23,24,25,26,27,28,29,30,31,	 NoSound	40	2	2039820917
2039821121	Triggered	5,23,24,25,26,27,28,29,30,31,	 PureTone-11kHz	40	2	2039821121
2039824106	Triggered	8,52,53,54,55,56,	 NoSound	40	2	2039824106
2039824309	Triggered	8,52,53,54,55,56,	 File_beep5	40	2	2039824309
2039833913	Triggered	5,23,24,25,26,27,28,29,30,31,	 NoSound	40	2	2039833913
2039834117	Triggered	5,23,24,25,26,27,28,29,30,31,	 PureTone-11kHz	40	2	2039834117
2039836861	Triggered	8,52,53,54,55,56,	 NoSound	40	2	2039836861
2039837063	Triggered	8,52,53,54,55,56,	 File_beep5	40	2	2039837063
2039845705	Triggered	5,23,24,25,26,27,28,29,30,31,	 NoSound	40	2	2039845705
2039845907	Triggered	5,23,24,25,26,27,28,29,30,31,	 PureTone-9kHz	40	2	2039845907
2039848534	Triggered	8,52,53,54,55,56,	 NoSound	40	2	2039848534
2039848736	Triggered	8,52,53,54,55,56,	 File_beep5	40	2	2039848736
2039857799	Triggered	5,23,24,25,26,27,28,29,30,31,	 NoSound	40	2	2039857799
2039858001	Triggered	5,23,24,25,26,27,28,29,30,31,	 PureTone-7kHz	40	2	2039858001
2039860506	Triggered	8,52,53,54,55,56,	 NoSound	40	2	2039860506
2039860709	Triggered	8,52,53,54,55,56,	 File_beep5	40	2	2039860709
2039870012	Triggered	5,23,24,25,26,27,28,29,30,31,	 NoSound	40	2	2039870012
2039870216	Triggered	5,23,24,25,26,27,28,29,30,31,	 PureTone-5kHz	40	2	2039870216
2039873142	Triggered	8,52,53,54,55,56,	 NoSound	40	2	2039873142
2039873343	Triggered	8,52,53,54,55,56,	 File_beep5	40	2	2039873343
2039882648	Triggered	5,23,24,25,26,27,28,29,30,31,	 NoSound	40	2	2039882648
2039882850	Triggered	5,23,24,25,26,27,28,29,30,31,	 PureTone-3kHz	40	2	2039882850
2039885354	Triggered	8,52,53,54,55,56,	 NoSound	40	2	2039885354
2039885557	Triggered	8,52,53,54,55,56,	 File_beep5	40	2	2039885557
2039894981	Triggered	5,23,24,25,26,27,28,29,30,31,	 NoSound	40	2	2039894981
2039895184	Triggered	5,23,24,25,26,27,28,29,30,31,	 PureTone-2kHz	40	2	2039895184
2039898170	Triggered	8,52,53,54,55,56,	 NoSound	40	2	2039898170
2039898372	Triggered	8,52,53,54,55,56,	 File_beep5	40	2	2039898372
2039906594	Triggered	5,23,24,25,26,27,28,29,30,31,	 NoSound	40	2	2039906594
2039906795	Triggered	5,23,24,25,26,27,28,29,30,31,	 PureTone-1kHz	40	2	2039906795
2039909734	Triggered	8,52,53,54,55,56,	 NoSound	40	2	2039909734
2039909936	Triggered	8,52,53,54,55,56,	 File_beep5	40	2	2039909936
2039921153	Triggered	5,23,24,25,26,27,28,29,30,31,	 NoSound	40	2	2039921153
2039921354	Triggered	5,23,24,25,26,27,28,29,30,31,	 StopSoundShort	40	2	2039921354
2039936496	Triggered	4,42,43,44,45,46,	 NoSound	40	2	2039936496
2039936711	Triggered	4,42,43,44,45,46,	 File_beep3	40	2	2039936711
2039944200	Triggered	1,14,15,16,17,18,19,20,21,22,	 NoSound	40	2	2039944200
2039947212	Triggered	4,42,43,44,45,46,	 NoSound	40	2	2039947212
2039947415	Triggered	4,42,43,44,45,46,	 File_beep3	40	2	2039947415
2039954786	Triggered	1,14,15,16,17,18,19,20,21,22,	 NoSound	40	2	2039954786
2039957800	Triggered	4,42,43,44,45,46,	 NoSound	40	2	2039957800
2039958001	Triggered	4,42,43,44,45,46,	 File_beep3	40	2	2039958001
2039965677	Triggered	1,14,15,16,17,18,19,20,21,22,	 NoSound	40	2	2039965677
2039965879	Triggered	1,14,15,16,17,18,19,20,21,22,	 PureTone-11kHz	40	2	2039965879
2039968925	Triggered	6,47,48,49,50,51,	 NoSound	40	2	2039968925
2039969141	Triggered	6,47,48,49,50,51,	 File_beep4	40	2	2039969141
2039979935	Triggered	1,14,15,16,17,18,19,20,21,22,	 NoSound	40	2	2039979935
2039980137	Triggered	1,14,15,16,17,18,19,20,21,22,	 PureTone-11kHz	40	2	2039980137
2039982763	Triggered	6,47,48,49,50,51,	 NoSound	40	2	2039982763
2039982966	Triggered	6,47,48,49,50,51,	 File_beep4	40	2	2039982966
2039993293	Triggered	1,14,15,16,17,18,19,20,21,22,	 NoSound	40	2	2039993293
2039993497	Triggered	1,14,15,16,17,18,19,20,21,22,	 PureTone-11kHz	40	2	2039993497
2039996060	Triggered	6,47,48,49,50,51,	 NoSound	40	2	2039996060
2039996261	Triggered	6,47,48,49,50,51,	 File_beep4	40	2	2039996261
2040006350	Triggered	1,14,15,16,17,18,19,20,21,22,	 NoSound	40	2	2040006350
2040006553	Triggered	1,14,15,16,17,18,19,20,21,22,	 PureTone-11kHz	40	2	2040006553
2040009477	Triggered	6,47,48,49,50,51,	 NoSound	40	2	2040009477
2040009680	Triggered	6,47,48,49,50,51,	 File_beep4	40	2	2040009680
2040020247	Triggered	1,14,15,16,17,18,19,20,21,22,	 NoSound	40	2	2040020247
2040020453	Triggered	1,14,15,16,17,18,19,20,21,22,	 PureTone-11kHz	40	2	2040020453
2040023134	Triggered	6,47,48,49,50,51,	 NoSound	40	2	2040023134
2040023336	Triggered	6,47,48,49,50,51,	 File_beep4	40	2	2040023336
2040035349	Triggered	1,14,15,16,17,18,19,20,21,22,	 NoSound	40	2	2040035349
2040035553	Triggered	1,14,15,16,17,18,19,20,21,22,	 PureTone-11kHz	40	2	2040035553
2040038898	Triggered	6,47,48,49,50,51,	 NoSound	40	2	2040038898
2040039100	Triggered	6,47,48,49,50,51,	 File_beep4	40	2	2040039100
2040051352	Triggered	1,14,15,16,17,18,19,20,21,22,	 NoSound	40	2	2040051352
2040051557	Triggered	1,14,15,16,17,18,19,20,21,22,	 PureTone-11kHz	40	2	2040051557
2040054421	Triggered	6,47,48,49,50,51,	 NoSound	40	2	2040054421
2040054623	Triggered	6,47,48,49,50,51,	 File_beep4	40	2	2040054623
2040065370	Triggered	1,14,15,16,17,18,19,20,21,22,	 NoSound	40	2	2040065370
2040065575	Triggered	1,14,15,16,17,18,19,20,21,22,	 PureTone-11kHz	40	2	2040065575
2040069221	Triggered	6,47,48,49,50,51,	 NoSound	40	2	2040069221
2040069424	Triggered	6,47,48,49,50,51,	 File_beep4	40	2	2040069424
2040081375	Triggered	1,14,15,16,17,18,19,20,21,22,	 NoSound	40	2	2040081375
2040081579	Triggered	1,14,15,16,17,18,19,20,21,22,	 PureTone-11kHz	40	2	2040081579
2040084504	Triggered	6,47,48,49,50,51,	 NoSound	40	2	2040084504
2040084706	Triggered	6,47,48,49,50,51,	 File_beep4	40	2	2040084706
2040097319	Triggered	1,14,15,16,17,18,19,20,21,22,	 NoSound	40	2	2040097319
2040097523	Triggered	1,14,15,16,17,18,19,20,21,22,	 PureTone-9kHz	40	2	2040097523
2040100268	Triggered	6,47,48,49,50,51,	 NoSound	40	2	2040100268
2040100470	Triggered	6,47,48,49,50,51,	 File_beep4	40	2	2040100470
2040110917	Triggered	1,14,15,16,17,18,19,20,21,22,	 NoSound	40	2	2040110917
2040111120	Triggered	1,14,15,16,17,18,19,20,21,22,	 PureTone-7kHz	40	2	2040111120
2040113924	Triggered	6,47,48,49,50,51,	 NoSound	40	2	2040113924
2040114125	Triggered	6,47,48,49,50,51,	 File_beep4	40	2	2040114125
2040124936	Triggered	1,14,15,16,17,18,19,20,21,22,	 NoSound	40	2	2040124936
2040125139	Triggered	1,14,15,16,17,18,19,20,21,22,	 PureTone-5kHz	40	2	2040125139
2040128130	Triggered	6,47,48,49,50,51,	 NoSound	40	2	2040128130
2040128333	Triggered	6,47,48,49,50,51,	 File_beep4	40	2	2040128333
2040138777	Triggered	1,14,15,16,17,18,19,20,21,22,	 NoSound	40	2	2040138777
2040138979	Triggered	1,14,15,16,17,18,19,20,21,22,	 PureTone-3kHz	40	2	2040138979
2040142623	Triggered	4,42,43,44,45,46,	 NoSound	40	2	2040142623
2040142825	Triggered	4,42,43,44,45,46,	 File_beep3	40	2	2040142825
2040150144	Triggered	1,14,15,16,17,18,19,20,21,22,	 NoSound	40	2	2040150144
2040150347	Triggered	1,14,15,16,17,18,19,20,21,22,	 PureTone-2kHz	40	2	2040150347
2040155138	Triggered	6,47,48,49,50,51,	 NoSound	40	2	2040155138
2040155339	Triggered	6,47,48,49,50,51,	 File_beep4	40	2	2040155339
2040165186	Triggered	1,14,15,16,17,18,19,20,21,22,	 NoSound	40	2	2040165186
2040165387	Triggered	1,14,15,16,17,18,19,20,21,22,	 PureTone-1kHz	40	2	2040165387
2040168494	Triggered	6,47,48,49,50,51,	 NoSound	40	2	2040168494
2040168697	Triggered	6,47,48,49,50,51,	 File_beep4	40	2	2040168697
2040188651	Triggered	1,14,15,16,17,18,19,20,21,22,	 NoSound	40	2	2040188651
2040188851	Triggered	1,14,15,16,17,18,19,20,21,22,	 StopSoundShort	40	2	2040188851
2040204715	Triggered	5,23,24,25,26,27,28,29,30,31,	 NoSound	40	2	2040204715
2040208030	Triggered	8,52,53,54,55,56,	 NoSound	40	2	2040208030
2040208233	Triggered	8,52,53,54,55,56,	 File_beep4	40	2	2040208233
2040216989	Triggered	5,23,24,25,26,27,28,29,30,31,	 NoSound	40	2	2040216989
2040220119	Triggered	8,52,53,54,55,56,	 NoSound	40	2	2040220119
2040220322	Triggered	8,52,53,54,55,56,	 File_beep4	40	2	2040220322
2040228913	Triggered	5,23,24,25,26,27,28,29,30,31,	 NoSound	40	2	2040228913
2040232090	Triggered	8,52,53,54,55,56,	 NoSound	40	2	2040232090
2040232292	Triggered	8,52,53,54,55,56,	 File_beep4	40	2	2040232292
2040240574	Triggered	5,23,24,25,26,27,28,29,30,31,	 NoSound	40	2	2040240574
2040240778	Triggered	5,23,24,25,26,27,28,29,30,31,	 PureTone-11kHz	40	2	2040240778
2040243882	Triggered	8,52,53,54,55,56,	 NoSound	40	2	2040243882
2040244084	Triggered	8,52,53,54,55,56,	 File_beep4	40	2	2040244084
2040252786	Triggered	5,23,24,25,26,27,28,29,30,31,	 NoSound	40	2	2040252786
2040252991	Triggered	5,23,24,25,26,27,28,29,30,31,	 PureTone-11kHz	40	2	2040252991
2040255434	Triggered	8,52,53,54,55,56,	 NoSound	40	2	2040255434
2040255636	Triggered	8,52,53,54,55,56,	 File_beep4	40	2	2040255636
2040265242	Triggered	5,23,24,25,26,27,28,29,30,31,	 NoSound	40	2	2040265242
2040265447	Triggered	5,23,24,25,26,27,28,29,30,31,	 PureTone-11kHz	40	2	2040265447
2040268069	Triggered	8,52,53,54,55,56,	 NoSound	40	2	2040268069
2040268270	Triggered	8,52,53,54,55,56,	 File_beep4	40	2	2040268270
2040277274	Triggered	5,23,24,25,26,27,28,29,30,31,	 NoSound	40	2	2040277274
2040277479	Triggered	5,23,24,25,26,27,28,29,30,31,	 PureTone-11kHz	40	2	2040277479
2040280764	Triggered	8,52,53,54,55,56,	 NoSound	40	2	2040280764
2040280978	Triggered	8,52,53,54,55,56,	 File_beep4	40	2	2040280978
2040289608	Triggered	5,23,24,25,26,27,28,29,30,31,	 NoSound	40	2	2040289608
2040289810	Triggered	5,23,24,25,26,27,28,29,30,31,	 PureTone-11kHz	40	2	2040289810
2040292858	Triggered	8,52,53,54,55,56,	 NoSound	40	2	2040292858
2040293059	Triggered	8,52,53,54,55,56,	 File_beep4	40	2	2040293059
2040301642	Triggered	5,23,24,25,26,27,28,29,30,31,	 NoSound	40	2	2040301642
2040301857	Triggered	5,23,24,25,26,27,28,29,30,31,	 PureTone-11kHz	40	2	2040301857
2040304289	Triggered	8,52,53,54,55,56,	 NoSound	40	2	2040304289
2040304492	Triggered	8,52,53,54,55,56,	 File_beep4	40	2	2040304492
2040313677	Triggered	5,23,24,25,26,27,28,29,30,31,	 NoSound	40	2	2040313677
2040313894	Triggered	5,23,24,25,26,27,28,29,30,31,	 PureTone-11kHz	40	2	2040313894
2040316743	Triggered	8,52,53,54,55,56,	 NoSound	40	2	2040316743
2040316946	Triggered	8,52,53,54,55,56,	 File_beep4	40	2	2040316946
2040324866	Triggered	5,23,24,25,26,27,28,29,30,31,	 NoSound	40	2	2040324866
2040325070	Triggered	5,23,24,25,26,27,28,29,30,31,	 PureTone-11kHz	40	2	2040325070
2040327935	Triggered	8,52,53,54,55,56,	 NoSound	40	2	2040327935
2040328138	Triggered	8,52,53,54,55,56,	 File_beep4	40	2	2040328138
2040336719	Triggered	5,23,24,25,26,27,28,29,30,31,	 NoSound	40	2	2040336719
2040336925	Triggered	5,23,24,25,26,27,28,29,30,31,	 PureTone-11kHz	40	2	2040336925
2040339666	Triggered	8,52,53,54,55,56,	 NoSound	40	2	2040339666
2040339867	Triggered	8,52,53,54,55,56,	 File_beep4	40	2	2040339867
2040348450	Triggered	5,23,24,25,26,27,28,29,30,31,	 NoSound	40	2	2040348450
2040348653	Triggered	5,23,24,25,26,27,28,29,30,31,	 PureTone-9kHz	40	2	2040348653
2040351458	Triggered	8,52,53,54,55,56,	 NoSound	40	2	2040351458
2040351661	Triggered	8,52,53,54,55,56,	 File_beep4	40	2	2040351661
2040360664	Triggered	5,23,24,25,26,27,28,29,30,31,	 NoSound	40	2	2040360664
2040360868	Triggered	5,23,24,25,26,27,28,29,30,31,	 PureTone-7kHz	40	2	2040360868
2040363975	Triggered	8,52,53,54,55,56,	 NoSound	40	2	2040363975
2040364176	Triggered	8,52,53,54,55,56,	 File_beep4	40	2	2040364176
2040372878	Triggered	5,23,24,25,26,27,28,29,30,31,	 NoSound	40	2	2040372878
2040373082	Triggered	5,23,24,25,26,27,28,29,30,31,	 PureTone-5kHz	40	2	2040373082
2040375886	Triggered	8,52,53,54,55,56,	 NoSound	40	2	2040375886
2040376088	Triggered	8,52,53,54,55,56,	 File_beep4	40	2	2040376088
2040385935	Triggered	5,23,24,25,26,27,28,29,30,31,	 NoSound	40	2	2040385935
2040386137	Triggered	5,23,24,25,26,27,28,29,30,31,	 PureTone-3kHz	40	2	2040386137
2040389243	Triggered	8,52,53,54,55,56,	 NoSound	40	2	2040389243
2040389446	Triggered	8,52,53,54,55,56,	 File_beep4	40	2	2040389446
2040398630	Triggered	5,23,24,25,26,27,28,29,30,31,	 NoSound	40	2	2040398630
2040398833	Triggered	5,23,24,25,26,27,28,29,30,31,	 PureTone-2kHz	40	2	2040398833
2040401818	Triggered	8,52,53,54,55,56,	 NoSound	40	2	2040401818
2040402031	Triggered	8,52,53,54,55,56,	 File_beep4	40	2	2040402031
2040411263	Triggered	5,23,24,25,26,27,28,29,30,31,	 NoSound	40	2	2040411263
2040411465	Triggered	5,23,24,25,26,27,28,29,30,31,	 PureTone-1kHz	40	2	2040411465
2040415475	Triggered	2,37,38,39,40,41,	 NoSound	40	2	2040415475
2040415677	Triggered	2,37,38,39,40,41,	 File_beep4	40	2	2040415677
2040430878	Triggered	5,23,24,25,26,27,28,29,30,31,	 NoSound	40	2	2040430878
2040431079	Triggered	5,23,24,25,26,27,28,29,30,31,	 StopSoundShort	40	2	2040431079
2040446460	Triggered	6,47,48,49,50,51,	 NoSound	40	2	2040446460
2040446664	Triggered	6,47,48,49,50,51,	 File_beep5	40	2	2040446664
2040460359	Triggered	1,14,15,16,17,18,19,20,21,22,	 NoSound	40	2	2040460359
2040463127	Triggered	6,47,48,49,50,51,	 NoSound	40	2	2040463127
2040463331	Triggered	6,47,48,49,50,51,	 File_beep5	40	2	2040463331
2040475582	Triggered	1,14,15,16,17,18,19,20,21,22,	 NoSound	40	2	2040475582
2040478409	Triggered	6,47,48,49,50,51,	 NoSound	40	2	2040478409
2040478612	Triggered	6,47,48,49,50,51,	 File_beep5	40	2	2040478612
2040491466	Triggered	1,14,15,16,17,18,19,20,21,22,	 NoSound	40	2	2040491466
2040491670	Triggered	1,14,15,16,17,18,19,20,21,22,	 PureTone-11kHz	40	2	2040491670
2040494533	Triggered	6,47,48,49,50,51,	 NoSound	40	2	2040494533
2040494735	Triggered	6,47,48,49,50,51,	 File_beep5	40	2	2040494735
2040508854	Triggered	1,14,15,16,17,18,19,20,21,22,	 NoSound	40	2	2040508854
2040509074	Triggered	1,14,15,16,17,18,19,20,21,22,	 PureTone-11kHz	40	2	2040509074
2040512101	Triggered	6,47,48,49,50,51,	 NoSound	40	2	2040512101
2040512304	Triggered	6,47,48,49,50,51,	 File_beep5	40	2	2040512304
2040524254	Triggered	1,14,15,16,17,18,19,20,21,22,	 NoSound	40	2	2040524254
2040524459	Triggered	1,14,15,16,17,18,19,20,21,22,	 PureTone-11kHz	40	2	2040524459
2040527504	Triggered	6,47,48,49,50,51,	 NoSound	40	2	2040527504
2040527706	Triggered	6,47,48,49,50,51,	 File_beep5	40	2	2040527706
2040541764	Triggered	1,14,15,16,17,18,19,20,21,22,	 NoSound	40	2	2040541764
2040541969	Triggered	1,14,15,16,17,18,19,20,21,22,	 PureTone-11kHz	40	2	2040541969
2040545253	Triggered	6,47,48,49,50,51,	 NoSound	40	2	2040545253
2040545455	Triggered	6,47,48,49,50,51,	 File_beep5	40	2	2040545455
2040557889	Triggered	1,14,15,16,17,18,19,20,21,22,	 NoSound	40	2	2040557889
2040558094	Triggered	1,14,15,16,17,18,19,20,21,22,	 PureTone-11kHz	40	2	2040558094
2040561258	Triggered	6,47,48,49,50,51,	 NoSound	40	2	2040561258
2040561462	Triggered	6,47,48,49,50,51,	 File_beep5	40	2	2040561462
2040574254	Triggered	1,14,15,16,17,18,19,20,21,22,	 NoSound	40	2	2040574254
2040574458	Triggered	1,14,15,16,17,18,19,20,21,22,	 PureTone-11kHz	40	2	2040574458
2040577562	Triggered	6,47,48,49,50,51,	 NoSound	40	2	2040577562
2040577775	Triggered	6,47,48,49,50,51,	 File_beep5	40	2	2040577775
2040590076	Triggered	1,14,15,16,17,18,19,20,21,22,	 NoSound	40	2	2040590076
2040590279	Triggered	1,14,15,16,17,18,19,20,21,22,	 PureTone-11kHz	40	2	2040590279
2040593626	Triggered	6,47,48,49,50,51,	 NoSound	40	2	2040593626
2040593828	Triggered	6,47,48,49,50,51,	 File_beep5	40	2	2040593828
2040606081	Triggered	1,14,15,16,17,18,19,20,21,22,	 NoSound	40	2	2040606081
2040606287	Triggered	1,14,15,16,17,18,19,20,21,22,	 PureTone-11kHz	40	2	2040606287
2040609570	Triggered	6,47,48,49,50,51,	 NoSound	40	2	2040609570
2040609772	Triggered	6,47,48,49,50,51,	 File_beep5	40	2	2040609772
2040623649	Triggered	1,14,15,16,17,18,19,20,21,22,	 NoSound	40	2	2040623649
2040623853	Triggered	1,14,15,16,17,18,19,20,21,22,	 PureTone-11kHz	40	2	2040623853
2040627320	Triggered	6,47,48,49,50,51,	 NoSound	40	2	2040627320
2040627522	Triggered	6,47,48,49,50,51,	 File_beep5	40	2	2040627522
2040641940	Triggered	1,14,15,16,17,18,19,20,21,22,	 NoSound	40	2	2040641940
2040642143	Triggered	1,14,15,16,17,18,19,20,21,22,	 PureTone-9kHz	40	2	2040642143
2040645910	Triggered	6,47,48,49,50,51,	 NoSound	40	2	2040645910
2040646113	Triggered	6,47,48,49,50,51,	 File_beep5	40	2	2040646113
2040658846	Triggered	1,14,15,16,17,18,19,20,21,22,	 NoSound	40	2	2040658846
2040659050	Triggered	1,14,15,16,17,18,19,20,21,22,	 PureTone-7kHz	40	2	2040659050
2040662283	Triggered	6,47,48,49,50,51,	 NoSound	40	2	2040662283
2040662485	Triggered	6,47,48,49,50,51,	 File_beep5	40	2	2040662485
2040677919	Triggered	1,14,15,16,17,18,19,20,21,22,	 NoSound	40	2	2040677919
2040678132	Triggered	1,14,15,16,17,18,19,20,21,22,	 PureTone-5kHz	40	2	2040678132
2040681288	Triggered	6,47,48,49,50,51,	 NoSound	40	2	2040681288
2040681490	Triggered	6,47,48,49,50,51,	 File_beep5	40	2	2040681490
2040693622	Triggered	1,14,15,16,17,18,19,20,21,22,	 NoSound	40	2	2040693622
2040693824	Triggered	1,14,15,16,17,18,19,20,21,22,	 PureTone-3kHz	40	2	2040693824
2040697414	Triggered	6,47,48,49,50,51,	 NoSound	40	2	2040697414
2040697617	Triggered	6,47,48,49,50,51,	 File_beep5	40	2	2040697617
2040712995	Triggered	1,14,15,16,17,18,19,20,21,22,	 NoSound	40	2	2040712995
2040713198	Triggered	1,14,15,16,17,18,19,20,21,22,	 PureTone-2kHz	40	2	2040713198
2040716966	Triggered	6,47,48,49,50,51,	 NoSound	40	2	2040716966
2040717169	Triggered	6,47,48,49,50,51,	 File_beep5	40	2	2040717169
2040732128	Triggered	1,14,15,16,17,18,19,20,21,22,	 NoSound	40	2	2040732128
2040732329	Triggered	1,14,15,16,17,18,19,20,21,22,	 PureTone-1kHz	40	2	2040732329
2040736279	Triggered	6,47,48,49,50,51,	 NoSound	40	2	2040736279
2040736481	Triggered	6,47,48,49,50,51,	 File_beep5	40	2	2040736481
2040754388	Triggered	1,14,15,16,17,18,19,20,21,22,	 NoSound	40	2	2040754388
2040754589	Triggered	1,14,15,16,17,18,19,20,21,22,	 StopSoundShort	40	2	2040754589
2040786818	Triggered	5,23,24,25,26,27,28,29,30,31,	 NoSound	40	2	2040786818
2040793799	Triggered	8,52,53,54,55,56,	 NoSound	40	2	2040793799
2040794001	Triggered	8,52,53,54,55,56,	 File_beep2	40	2	2040794001
2040807756	Triggered	5,23,24,25,26,27,28,29,30,31,	 NoSound	40	2	2040807756
2040815880	Triggered	8,52,53,54,55,56,	 NoSound	40	2	2040815880
2040816081	Triggered	8,52,53,54,55,56,	 File_beep2	40	2	2040816081
2040826468	Triggered	5,23,24,25,26,27,28,29,30,31,	 NoSound	40	2	2040826468
2040832484	Triggered	8,52,53,54,55,56,	 NoSound	40	2	2040832484
2040832697	Triggered	8,52,53,54,55,56,	 File_beep2	40	2	2040832697
2040842894	Triggered	5,23,24,25,26,27,28,29,30,31,	 NoSound	40	2	2040842894
2040843097	Triggered	5,23,24,25,26,27,28,29,30,31,	 PureTone-11kHz	40	2	2040843097
2040847405	Triggered	2,37,38,39,40,41,	 NoSound	40	2	2040847405
2040847606	Triggered	2,37,38,39,40,41,	 File_beep1	40	2	2040847606
2040927245	Triggered	5,23,24,25,26,27,28,29,30,31,	 NoSound	40	2	2040927245
2040927449	Triggered	5,23,24,25,26,27,28,29,30,31,	 PureTone-11kHz	40	2	2040927449
2040934346	Triggered	8,52,53,54,55,56,	 NoSound	40	2	2040934346
2040934547	Triggered	8,52,53,54,55,56,	 File_beep2	40	2	2040934547
2040980613	Triggered	5,23,24,25,26,27,28,29,30,31,	 NoSound	40	2	2040980613
2040980817	Triggered	5,23,24,25,26,27,28,29,30,31,	 PureTone-11kHz	40	2	2040980817
2040989997	Triggered	2,37,38,39,40,41,	 NoSound	40	2	2040989997
2040990198	Triggered	2,37,38,39,40,41,	 File_beep1	40	2	2040990198
2040999504	Triggered	5,23,24,25,26,27,28,29,30,31,	 NoSound	40	2	2040999504
2040999709	Triggered	5,23,24,25,26,27,28,29,30,31,	 PureTone-11kHz	40	2	2040999709
2041005100	Triggered	8,52,53,54,55,56,	 NoSound	40	2	2041005100
2041005301	Triggered	8,52,53,54,55,56,	 File_beep2	40	2	2041005301
2041024836	Triggered	5,23,24,25,26,27,28,29,30,31,	 NoSound	40	2	2041024836
2041025039	Triggered	5,23,24,25,26,27,28,29,30,31,	 PureTone-11kHz	40	2	2041025039
2041030376	Triggered	8,52,53,54,55,56,	 NoSound	40	2	2041030376
2041030577	Triggered	8,52,53,54,55,56,	 File_beep2	40	2	2041030577
2041042412	Triggered	5,23,24,25,26,27,28,29,30,31,	 NoSound	40	2	2041042412
2041042616	Triggered	5,23,24,25,26,27,28,29,30,31,	 PureTone-11kHz	40	2	2041042616
2041047578	Triggered	8,52,53,54,55,56,	 NoSound	40	2	2041047578
2041047779	Triggered	8,52,53,54,55,56,	 File_beep2	40	2	2041047779
2041058586	Triggered	5,23,24,25,26,27,28,29,30,31,	 NoSound	40	2	2041058586
2041058789	Triggered	5,23,24,25,26,27,28,29,30,31,	 PureTone-11kHz	40	2	2041058789
2041063821	Triggered	8,52,53,54,55,56,	 NoSound	40	2	2041063821
2041064022	Triggered	8,52,53,54,55,56,	 File_beep2	40	2	2041064022
2041075012	Triggered	5,23,24,25,26,27,28,29,30,31,	 NoSound	40	2	2041075012
2041075216	Triggered	5,23,24,25,26,27,28,29,30,31,	 PureTone-11kHz	40	2	2041075216
2041079586	Triggered	2,37,38,39,40,41,	 NoSound	40	2	2041079586
2041079787	Triggered	2,37,38,39,40,41,	 File_beep1	40	2	2041079787
2041087526	Triggered	5,23,24,25,26,27,28,29,30,31,	 NoSound	40	2	2041087526
2041087731	Triggered	5,23,24,25,26,27,28,29,30,31,	 PureTone-11kHz	40	2	2041087731
2041092761	Triggered	8,52,53,54,55,56,	 NoSound	40	2	2041092761
2041092963	Triggered	8,52,53,54,55,56,	 File_beep2	40	2	2041092963
2041103411	Triggered	5,23,24,25,26,27,28,29,30,31,	 NoSound	40	2	2041103411
2041103614	Triggered	5,23,24,25,26,27,28,29,30,31,	 PureTone-9kHz	40	2	2041103614
2041108045	Triggered	2,37,38,39,40,41,	 NoSound	40	2	2041108045
2041108246	Triggered	2,37,38,39,40,41,	 File_beep1	40	2	2041108246
2041117368	Triggered	5,23,24,25,26,27,28,29,30,31,	 NoSound	40	2	2041117368
2041117572	Triggered	5,23,24,25,26,27,28,29,30,31,	 PureTone-7kHz	40	2	2041117572
2041122242	Triggered	8,52,53,54,55,56,	 NoSound	40	2	2041122242
2041122442	Triggered	8,52,53,54,55,56,	 File_beep2	40	2	2041122442
2041132772	Triggered	5,23,24,25,26,27,28,29,30,31,	 NoSound	40	2	2041132772
2041132974	Triggered	5,23,24,25,26,27,28,29,30,31,	 PureTone-5kHz	40	2	2041132974
2041142579	Triggered	8,52,53,54,55,56,	 NoSound	40	2	2041142580
2041142780	Triggered	8,52,53,54,55,56,	 File_beep2	40	2	2041142780
2041153592	Triggered	5,23,24,25,26,27,28,29,30,31,	 NoSound	40	2	2041153592
2041153794	Triggered	5,23,24,25,26,27,28,29,30,31,	 PureTone-3kHz	40	2	2041153794
2041160570	Triggered	8,52,53,54,55,56,	 NoSound	40	2	2041160570
2041160784	Triggered	8,52,53,54,55,56,	 File_beep2	40	2	2041160784
2041170918	Triggered	5,23,24,25,26,27,28,29,30,31,	 NoSound	40	2	2041170918
2041171120	Triggered	5,23,24,25,26,27,28,29,30,31,	 PureTone-2kHz	40	2	2041171120
2041176453	Triggered	2,37,38,39,40,41,	 NoSound	40	2	2041176453
2041176654	Triggered	2,37,38,39,40,41,	 File_beep1	40	2	2041176654
2041185298	Triggered	5,23,24,25,26,27,28,29,30,31,	 NoSound	40	2	2041185298
2041185501	Triggered	5,23,24,25,26,27,28,29,30,31,	 PureTone-1kHz	40	2	2041185501
2041190530	Triggered	8,52,53,54,55,56,	 NoSound	40	2	2041190530
2041190731	Triggered	8,52,53,54,55,56,	 File_beep2	40	2	2041190731
2041207865	Triggered	5,23,24,25,26,27,28,29,30,31,	 NoSound	40	2	2041207865
2041208067	Triggered	5,23,24,25,26,27,28,29,30,31,	 StopSoundShort	40	2	2041208067
2041221878	Triggered	1,14,15,16,17,18,19,20,21,22,	 NoSound	40	2	2041221878
2041227653	Triggered	6,47,48,49,50,51,	 NoSound	40	2	2041227653
2041273258	Triggered	1,14,15,16,17,18,19,20,21,22,	 NoSound	40	2	2041273258
2041284388	Triggered	6,47,48,49,50,51,	 NoSound	40	2	2041284388
2041299490	Triggered	1,14,15,16,17,18,19,20,21,22,	 NoSound	40	2	2041299490
2041359174	Triggered	6,47,48,49,50,51,	 NoSound	40	2	2041359174
2041428547	Triggered	1,14,15,16,17,18,19,20,21,22,	 NoSound	40	2	2041428547
2041428766	Triggered	1,14,15,16,17,18,19,20,21,22,	 PureTone-11kHz	40	2	2041428766
2041433058	Triggered	4,42,43,44,45,46,	 NoSound	40	2	2041433058
2041433260	Triggered	4,42,43,44,45,46,	 File_beep3	40	2	2041433260
2041448160	Triggered	1,14,15,16,17,18,19,20,21,22,	 NoSound	40	2	2041448160
2041448366	Triggered	1,14,15,16,17,18,19,20,21,22,	 PureTone-11kHz	40	2	2041448366
2041452071	Triggered	6,47,48,49,50,51,	 NoSound	40	2	2041452071
2041459952	Triggered	1,14,15,16,17,18,19,20,21,22,	 NoSound	40	2	2041459952
2041460157	Triggered	1,14,15,16,17,18,19,20,21,22,	 PureTone-11kHz	40	2	2041460157
2041464649	Triggered	4,42,43,44,45,46,	 NoSound	40	2	2041464649
2041464850	Triggered	4,42,43,44,45,46,	 File_beep3	40	2	2041464850
2041479266	Triggered	1,14,15,16,17,18,19,20,21,22,	 NoSound	40	2	2041479266
2041479471	Triggered	1,14,15,16,17,18,19,20,21,22,	 PureTone-11kHz	40	2	2041479471
2041483662	Triggered	4,42,43,44,45,46,	 NoSound	40	2	2041483662
2041483864	Triggered	4,42,43,44,45,46,	 File_beep3	40	2	2041483864
2041496172	Triggered	1,14,15,16,17,18,19,20,21,22,	 NoSound	40	2	2041496172
2041496376	Triggered	1,14,15,16,17,18,19,20,21,22,	 PureTone-11kHz	40	2	2041496376
2041502431	Triggered	4,42,43,44,45,46,	 NoSound	40	2	2041502431
2041502633	Triggered	4,42,43,44,45,46,	 File_beep3	40	2	2041502633
2041517117	Triggered	1,14,15,16,17,18,19,20,21,22,	 NoSound	40	2	2041517117
2041517320	Triggered	1,14,15,16,17,18,19,20,21,22,	 PureTone-11kHz	40	2	2041517320
2041521503	Triggered	4,42,43,44,45,46,	 NoSound	40	2	2041521503
2041521716	Triggered	4,42,43,44,45,46,	 File_beep3	40	2	2041521716
2041583232	Triggered	1,14,15,16,17,18,19,20,21,22,	 NoSound	40	2	2041583232
2041583435	Triggered	1,14,15,16,17,18,19,20,21,22,	 PureTone-11kHz	40	2	2041583435
2041587082	Triggered	4,42,43,44,45,46,	 NoSound	40	2	2041587082
2041587285	Triggered	4,42,43,44,45,46,	 File_beep3	40	2	2041587285
2041601222	Triggered	1,14,15,16,17,18,19,20,21,22,	 NoSound	40	2	2041601222
2041601426	Triggered	1,14,15,16,17,18,19,20,21,22,	 PureTone-11kHz	40	2	2041601426
2041605675	Triggered	6,47,48,49,50,51,	 NoSound	40	2	2041605675
2041610488	Triggered	1,14,15,16,17,18,19,20,21,22,	 NoSound	40	2	2041610488
2041610705	Triggered	1,14,15,16,17,18,19,20,21,22,	 PureTone-11kHz	40	2	2041610705
2041614399	Triggered	4,42,43,44,45,46,	 NoSound	40	2	2041614399
2041614601	Triggered	4,42,43,44,45,46,	 File_beep3	40	2	2041614601
2041626371	Triggered	1,14,15,16,17,18,19,20,21,22,	 NoSound	40	2	2041626371
2041626575	Triggered	1,14,15,16,17,18,19,20,21,22,	 PureTone-9kHz	40	2	2041626575
2041630282	Triggered	4,42,43,44,45,46,	 NoSound	40	2	2041630282
2041630484	Triggered	4,42,43,44,45,46,	 File_beep3	40	2	2041630484
2041641474	Triggered	1,14,15,16,17,18,19,20,21,22,	 NoSound	40	2	2041641474
2041641677	Triggered	1,14,15,16,17,18,19,20,21,22,	 PureTone-7kHz	40	2	2041641677
2041645382	Triggered	4,42,43,44,45,46,	 NoSound	40	2	2041645382
2041645584	Triggered	4,42,43,44,45,46,	 File_beep3	40	2	2041645584
2041657777	Triggered	1,14,15,16,17,18,19,20,21,22,	 NoSound	40	2	2041657777
2041657981	Triggered	1,14,15,16,17,18,19,20,21,22,	 PureTone-5kHz	40	2	2041657981
2041661628	Triggered	4,42,43,44,45,46,	 NoSound	40	2	2041661628
2041661830	Triggered	4,42,43,44,45,46,	 File_beep3	40	2	2041661830
2041674085	Triggered	1,14,15,16,17,18,19,20,21,22,	 NoSound	40	2	2041674085
2041674288	Triggered	1,14,15,16,17,18,19,20,21,22,	 PureTone-3kHz	40	2	2041674288
2041678476	Triggered	4,42,43,44,45,46,	 NoSound	40	2	2041678476
2041678678	Triggered	4,42,43,44,45,46,	 File_beep3	40	2	2041678678
2041691831	Triggered	1,14,15,16,17,18,19,20,21,22,	 NoSound	40	2	2041691831
2041692033	Triggered	1,14,15,16,17,18,19,20,21,22,	 PureTone-2kHz	40	2	2041692033
2041696464	Triggered	6,47,48,49,50,51,	 NoSound	40	2	2041696464
2041700976	Triggered	1,14,15,16,17,18,19,20,21,22,	 NoSound	40	2	2041700976
2041701177	Triggered	1,14,15,16,17,18,19,20,21,22,	 PureTone-1kHz	40	2	2041701177
2041706218	Triggered	4,42,43,44,45,46,	 NoSound	40	2	2041706218
2041706420	Triggered	4,42,43,44,45,46,	 File_beep3	40	2	2041706420
2041719508	Triggered	1,14,15,16,17,18,19,20,21,22,	 NoSound	40	2	2041719508
2041719708	Triggered	1,14,15,16,17,18,19,20,21,22,	 StopSoundShort	40	2	2041719708
2041733405	Triggered	5,23,24,25,26,27,28,29,30,31,	 NoSound	40	2	2041733405
2041737147	Triggered	2,37,38,39,40,41,	 NoSound	40	2	2041737147
2041737351	Triggered	2,37,38,39,40,41,	 File_beep4	40	2	2041737351
2041750435	Triggered	5,23,24,25,26,27,28,29,30,31,	 NoSound	40	2	2041750435
2041754344	Triggered	2,37,38,39,40,41,	 NoSound	40	2	2041754344
2041754547	Triggered	2,37,38,39,40,41,	 File_beep4	40	2	2041754547
2041767280	Triggered	5,23,24,25,26,27,28,29,30,31,	 NoSound	40	2	2041767280
2041771130	Triggered	2,37,38,39,40,41,	 NoSound	40	2	2041771130
2041771332	Triggered	2,37,38,39,40,41,	 File_beep4	40	2	2041771332
2041783704	Triggered	5,23,24,25,26,27,28,29,30,31,	 NoSound	40	2	2041783704
2041783907	Triggered	5,23,24,25,26,27,28,29,30,31,	 PureTone-11kHz	40	2	2041783907
2041787857	Triggered	8,52,53,54,55,56,	 NoSound	40	2	2041787857
2041788059	Triggered	8,52,53,54,55,56,	 File_beep3	40	2	2041788059
2041798746	Triggered	5,23,24,25,26,27,28,29,30,31,	 NoSound	40	2	2041798746
2041798951	Triggered	5,23,24,25,26,27,28,29,30,31,	 PureTone-11kHz	40	2	2041798951
2041802598	Triggered	8,52,53,54,55,56,	 NoSound	40	2	2041802598
2041802800	Triggered	8,52,53,54,55,56,	 File_beep3	40	2	2041802800
2041813607	Triggered	5,23,24,25,26,27,28,29,30,31,	 NoSound	40	2	2041813607
2041813811	Triggered	5,23,24,25,26,27,28,29,30,31,	 PureTone-11kHz	40	2	2041813811
2041817398	Triggered	8,52,53,54,55,56,	 NoSound	40	2	2041817398
2041817612	Triggered	8,52,53,54,55,56,	 File_beep3	40	2	2041817612
2041828709	Triggered	5,23,24,25,26,27,28,29,30,31,	 NoSound	40	2	2041828709
2041828913	Triggered	5,23,24,25,26,27,28,29,30,31,	 PureTone-11kHz	40	2	2041828913
2041833102	Triggered	8,52,53,54,55,56,	 NoSound	40	2	2041833102
2041833315	Triggered	8,52,53,54,55,56,	 File_beep3	40	2	2041833315
2041844773	Triggered	5,23,24,25,26,27,28,29,30,31,	 NoSound	40	2	2041844773
2041844986	Triggered	5,23,24,25,26,27,28,29,30,31,	 PureTone-11kHz	40	2	2041844986
2041849225	Triggered	2,37,38,39,40,41,	 NoSound	40	2	2041849225
2041849427	Triggered	2,37,38,39,40,41,	 File_beep4	40	2	2041849427
2041863123	Triggered	5,23,24,25,26,27,28,29,30,31,	 NoSound	40	2	2041863123
2041863327	Triggered	5,23,24,25,26,27,28,29,30,31,	 PureTone-11kHz	40	2	2041863327
2041867217	Triggered	8,52,53,54,55,56,	 NoSound	40	2	2041867217
2041867418	Triggered	8,52,53,54,55,56,	 File_beep3	40	2	2041867418
2041878287	Triggered	5,23,24,25,26,27,28,29,30,31,	 NoSound	40	2	2041878287
2041878491	Triggered	5,23,24,25,26,27,28,29,30,31,	 PureTone-11kHz	40	2	2041878491
2041883040	Triggered	2,37,38,39,40,41,	 NoSound	40	2	2041883040
2041883242	Triggered	2,37,38,39,40,41,	 File_beep4	40	2	2041883242
2041896397	Triggered	5,23,24,25,26,27,28,29,30,31,	 NoSound	40	2	2041896397
2041896600	Triggered	5,23,24,25,26,27,28,29,30,31,	 PureTone-11kHz	40	2	2041896600
2041900847	Triggered	8,52,53,54,55,56,	 NoSound	40	2	2041900847
2041901049	Triggered	8,52,53,54,55,56,	 File_beep3	40	2	2041901049
2041912098	Triggered	5,23,24,25,26,27,28,29,30,31,	 NoSound	40	2	2041912098
2041912303	Triggered	5,23,24,25,26,27,28,29,30,31,	 PureTone-11kHz	40	2	2041912303
2041916550	Triggered	8,52,53,54,55,56,	 NoSound	40	2	2041916550
2041916752	Triggered	8,52,53,54,55,56,	 File_beep3	40	2	2041916752
2041930930	Triggered	5,23,24,25,26,27,28,29,30,31,	 NoSound	40	2	2041930930
2041931134	Triggered	5,23,24,25,26,27,28,29,30,31,	 PureTone-9kHz	40	2	2041931134
2041935503	Triggered	8,52,53,54,55,56,	 NoSound	40	2	2041935503
2041935706	Triggered	8,52,53,54,55,56,	 File_beep3	40	2	2041935706
2041949220	Triggered	5,23,24,25,26,27,28,29,30,31,	 NoSound	40	2	2041949220
2041949423	Triggered	5,23,24,25,26,27,28,29,30,31,	 PureTone-7kHz	40	2	2041949423
2041953615	Triggered	8,52,53,54,55,56,	 NoSound	40	2	2041953615
2041953818	Triggered	8,52,53,54,55,56,	 File_beep3	40	2	2041953818
2041965164	Triggered	5,23,24,25,26,27,28,29,30,31,	 NoSound	40	2	2041965164
2041965368	Triggered	5,23,24,25,26,27,28,29,30,31,	 PureTone-5kHz	40	2	2041965368
2041970400	Triggered	8,52,53,54,55,56,	 NoSound	40	2	2041970400
2041970602	Triggered	8,52,53,54,55,56,	 File_beep3	40	2	2041970602
2041981409	Triggered	5,23,24,25,26,27,28,29,30,31,	 NoSound	40	2	2041981409
2041981613	Triggered	5,23,24,25,26,27,28,29,30,31,	 PureTone-3kHz	40	2	2041981613
2041986403	Triggered	2,37,38,39,40,41,	 NoSound	40	2	2041986403
2041986606	Triggered	2,37,38,39,40,41,	 File_beep4	40	2	2041986606
2041999104	Triggered	5,23,24,25,26,27,28,29,30,31,	 NoSound	40	2	2041999104
2041999308	Triggered	5,23,24,25,26,27,28,29,30,31,	 PureTone-2kHz	40	2	2041999308
2042003678	Triggered	2,37,38,39,40,41,	 NoSound	40	2	2042003678
2042003881	Triggered	2,37,38,39,40,41,	 File_beep4	40	2	2042003881
2042015223	Triggered	5,23,24,25,26,27,28,29,30,31,	 NoSound	40	2	2042015223
2042015424	Triggered	5,23,24,25,26,27,28,29,30,31,	 PureTone-1kHz	40	2	2042015424
2042020156	Triggered	8,52,53,54,55,56,	 NoSound	40	2	2042020156
2042020358	Triggered	8,52,53,54,55,56,	 File_beep3	40	2	2042020358
2042032009	Triggered	5,23,24,25,26,27,28,29,30,31,	 NoSound	40	2	2042032009
2042032210	Triggered	5,23,24,25,26,27,28,29,30,31,	 StopSoundShort	40	2	2042032210
