Ver1.3	755213902	StartFile	11/19/2020	12:17:30 PM	E:\BehavioralExperiments\Bobo\RawData\111920\SoundData.txt	755213902
755767365	Triggered	5,23,24,25,26,27,28,29,30,31,	 NoSound	40	2	755767365
755767566	Triggered	5,23,24,25,26,27,28,29,30,31,	 StopSoundShort	40	2	755767566
755785880	Triggered	1,14,15,16,17,18,19,20,21,22,	 NoSound	40	2	755785880
755893497	Triggered	6,47,48,49,50,51,	 NoSound	40	2	755893497
755893698	Triggered	6,47,48,49,50,51,	 File_beep1	40	2	755893698
755909936	Triggered	1,14,15,16,17,18,19,20,21,22,	 NoSound	40	2	755909936
755923440	Triggered	6,47,48,49,50,51,	 NoSound	40	2	755923440
755923641	Triggered	6,47,48,49,50,51,	 File_beep1	40	2	755923641
755937206	Triggered	1,14,15,16,17,18,19,20,21,22,	 NoSound	40	2	755937206
756104578	Triggered	6,47,48,49,50,51,	 NoSound	40	2	756104578
756104780	Triggered	6,47,48,49,50,51,	 File_beep1	40	2	756104780
756117945	Triggered	1,14,15,16,17,18,19,20,21,22,	 NoSound	40	2	756117945
756118148	Triggered	1,14,15,16,17,18,19,20,21,22,	 PureTone-9kHz	40	2	756118148
756126835	Triggered	6,47,48,49,50,51,	 NoSound	40	2	756126835
756127036	Triggered	6,47,48,49,50,51,	 File_beep1	40	2	756127036
756137998	Triggered	1,14,15,16,17,18,19,20,21,22,	 NoSound	40	2	756137998
756138200	Triggered	1,14,15,16,17,18,19,20,21,22,	 PureTone-7kHz	40	2	756138200
756144549	Triggered	6,47,48,49,50,51,	 NoSound	40	2	756144549
756144751	Triggered	6,47,48,49,50,51,	 File_beep1	40	2	756144751
756154641	Triggered	1,14,15,16,17,18,19,20,21,22,	 NoSound	40	2	756154641
756154845	Triggered	1,14,15,16,17,18,19,20,21,22,	 PureTone-5kHz	40	2	756154845
756161391	Triggered	6,47,48,49,50,51,	 NoSound	40	2	756161391
756161592	Triggered	6,47,48,49,50,51,	 File_beep1	40	2	756161592
756171819	Triggered	1,14,15,16,17,18,19,20,21,22,	 NoSound	40	2	756171819
756172022	Triggered	1,14,15,16,17,18,19,20,21,22,	 PureTone-3kHz	40	2	756172022
756177233	Triggered	6,47,48,49,50,51,	 NoSound	40	2	756177233
756177434	Triggered	6,47,48,49,50,51,	 File_beep1	40	2	756177434
756186992	Triggered	1,14,15,16,17,18,19,20,21,22,	 NoSound	40	2	756186992
756187195	Triggered	1,14,15,16,17,18,19,20,21,22,	 PureTone-2kHz	40	2	756187195
756193275	Triggered	6,47,48,49,50,51,	 NoSound	40	2	756193275
756193475	Triggered	6,47,48,49,50,51,	 File_beep1	40	2	756193475
756203369	Triggered	1,14,15,16,17,18,19,20,21,22,	 NoSound	40	2	756203369
756203571	Triggered	1,14,15,16,17,18,19,20,21,22,	 PureTone-1kHz	40	2	756203571
756210186	Triggered	6,47,48,49,50,51,	 NoSound	40	2	756210186
756210388	Triggered	6,47,48,49,50,51,	 File_beep1	40	2	756210388
756220279	Triggered	1,14,15,16,17,18,19,20,21,22,	 NoSound	40	2	756220279
756220479	Triggered	1,14,15,16,17,18,19,20,21,22,	 StopSoundShort	40	2	756220479
756231307	Triggered	5,23,24,25,26,27,28,29,30,31,	 NoSound	40	2	756231307
756237125	Triggered	2,37,38,39,40,41,	 NoSound	40	2	756237125
756237326	Triggered	2,37,38,39,40,41,	 File_beep3	40	2	756237326
756263396	Triggered	5,23,24,25,26,27,28,29,30,31,	 NoSound	40	2	756263396
756268271	Triggered	2,37,38,39,40,41,	 NoSound	40	2	756268271
756268473	Triggered	2,37,38,39,40,41,	 File_beep3	40	2	756268473
756286184	Triggered	5,23,24,25,26,27,28,29,30,31,	 NoSound	40	2	756286184
756290929	Triggered	8,52,53,54,55,56,	 NoSound	40	2	756290929
756291130	Triggered	8,52,53,54,55,56,	 File_beep1	40	2	756291130
756300488	Triggered	5,23,24,25,26,27,28,29,30,31,	 NoSound	40	2	756300488
756305435	Triggered	8,52,53,54,55,56,	 NoSound	40	2	756305435
756305636	Triggered	8,52,53,54,55,56,	 File_beep1	40	2	756305636
756315460	Triggered	5,23,24,25,26,27,28,29,30,31,	 NoSound	40	2	756315460
756315662	Triggered	5,23,24,25,26,27,28,29,30,31,	 PureTone-9kHz	40	2	756315662
756320606	Triggered	2,37,38,39,40,41,	 NoSound	40	2	756320606
756320809	Triggered	2,37,38,39,40,41,	 File_beep3	40	2	756320809
756334387	Triggered	5,23,24,25,26,27,28,29,30,31,	 NoSound	40	2	756334387
756334591	Triggered	5,23,24,25,26,27,28,29,30,31,	 PureTone-7kHz	40	2	756334591
756339458	Triggered	2,37,38,39,40,41,	 NoSound	40	2	756339458
756339660	Triggered	2,37,38,39,40,41,	 File_beep3	40	2	756339660
756353359	Triggered	5,23,24,25,26,27,28,29,30,31,	 NoSound	40	2	756353359
756353563	Triggered	5,23,24,25,26,27,28,29,30,31,	 PureTone-5kHz	40	2	756353563
756358104	Triggered	8,52,53,54,55,56,	 NoSound	40	2	756358104
756358304	Triggered	8,52,53,54,55,56,	 File_beep1	40	2	756358304
756365995	Triggered	5,23,24,25,26,27,28,29,30,31,	 NoSound	40	2	756365995
756366197	Triggered	5,23,24,25,26,27,28,29,30,31,	 PureTone-3kHz	40	2	756366197
756370672	Triggered	8,52,53,54,55,56,	 NoSound	40	2	756370672
756370873	Triggered	8,52,53,54,55,56,	 File_beep1	40	2	756370873
756385048	Triggered	5,23,24,25,26,27,28,29,30,31,	 NoSound	40	2	756385048
756385251	Triggered	5,23,24,25,26,27,28,29,30,31,	 PureTone-2kHz	40	2	756385251
756389853	Triggered	8,52,53,54,55,56,	 NoSound	40	2	756389853
756390054	Triggered	8,52,53,54,55,56,	 File_beep1	40	2	756390054
756399082	Triggered	5,23,24,25,26,27,28,29,30,31,	 NoSound	40	2	756399082
756399284	Triggered	5,23,24,25,26,27,28,29,30,31,	 PureTone-1kHz	40	2	756399284
756404759	Triggered	2,37,38,39,40,41,	 NoSound	40	2	756404759
756404960	Triggered	2,37,38,39,40,41,	 File_beep3	40	2	756404960
756417393	Triggered	5,23,24,25,26,27,28,29,30,31,	 NoSound	40	2	756417393
756417594	Triggered	5,23,24,25,26,27,28,29,30,31,	 StopSoundShort	40	2	756417594
756432833	Triggered	1,14,15,16,17,18,19,20,21,22,	 NoSound	40	2	756432833
756469194	Triggered	6,47,48,49,50,51,	 NoSound	40	2	756469194
756469394	Triggered	6,47,48,49,50,51,	 File_beep1	40	2	756469394
756481358	Triggered	1,14,15,16,17,18,19,20,21,22,	 NoSound	40	2	756481358
756485709	Triggered	6,47,48,49,50,51,	 NoSound	40	2	756485709
756485910	Triggered	6,47,48,49,50,51,	 File_beep1	40	2	756485910
756498070	Triggered	1,14,15,16,17,18,19,20,21,22,	 NoSound	40	2	756498070
756502148	Triggered	4,42,43,44,45,46,	 NoSound	40	2	756502148
756502351	Triggered	4,42,43,44,45,46,	 File_beep3	40	2	756502351
756513509	Triggered	1,14,15,16,17,18,19,20,21,22,	 NoSound	40	2	756513509
756518460	Triggered	4,42,43,44,45,46,	 NoSound	40	2	756518460
756518663	Triggered	4,42,43,44,45,46,	 File_beep3	40	2	756518663
756529686	Triggered	1,14,15,16,17,18,19,20,21,22,	 NoSound	40	2	756529686
756529889	Triggered	1,14,15,16,17,18,19,20,21,22,	 PureTone-9kHz	40	2	756529889
756534031	Triggered	6,47,48,49,50,51,	 NoSound	40	2	756534031
756534232	Triggered	6,47,48,49,50,51,	 File_beep1	40	2	756534232
756543387	Triggered	1,14,15,16,17,18,19,20,21,22,	 NoSound	40	2	756543387
756543590	Triggered	1,14,15,16,17,18,19,20,21,22,	 PureTone-7kHz	40	2	756543590
756548267	Triggered	6,47,48,49,50,51,	 NoSound	40	2	756548267
756548468	Triggered	6,47,48,49,50,51,	 File_beep1	40	2	756548468
756556689	Triggered	1,14,15,16,17,18,19,20,21,22,	 NoSound	40	2	756556689
756556892	Triggered	1,14,15,16,17,18,19,20,21,22,	 PureTone-5kHz	40	2	756556892
756561367	Triggered	6,47,48,49,50,51,	 NoSound	40	2	756561367
756561568	Triggered	6,47,48,49,50,51,	 File_beep1	40	2	756561568
756569455	Triggered	1,14,15,16,17,18,19,20,21,22,	 NoSound	40	2	756569455
756569667	Triggered	1,14,15,16,17,18,19,20,21,22,	 PureTone-3kHz	40	2	756569667
756574200	Triggered	6,47,48,49,50,51,	 NoSound	40	2	756574200
756574400	Triggered	6,47,48,49,50,51,	 File_beep1	40	2	756574400
756583090	Triggered	1,14,15,16,17,18,19,20,21,22,	 NoSound	40	2	756583090
756583293	Triggered	1,14,15,16,17,18,19,20,21,22,	 PureTone-2kHz	40	2	756583293
756587569	Triggered	6,47,48,49,50,51,	 NoSound	40	2	756587569
756587770	Triggered	6,47,48,49,50,51,	 File_beep1	40	2	756587770
756595924	Triggered	1,14,15,16,17,18,19,20,21,22,	 NoSound	40	2	756595924
756596127	Triggered	1,14,15,16,17,18,19,20,21,22,	 PureTone-1kHz	40	2	756596127
756601137	Triggered	6,47,48,49,50,51,	 NoSound	40	2	756601137
756601350	Triggered	6,47,48,49,50,51,	 File_beep1	40	2	756601350
756610028	Triggered	1,14,15,16,17,18,19,20,21,22,	 NoSound	40	2	756610028
756610231	Triggered	1,14,15,16,17,18,19,20,21,22,	 StopSoundShort	40	2	756610231
756628809	Triggered	8,52,53,54,55,56,	 NoSound	40	2	756628809
756629013	Triggered	8,52,53,54,55,56,	 File_beep1	40	2	756629013
756636497	Triggered	5,23,24,25,26,27,28,29,30,31,	 NoSound	40	2	756636497
756640974	Triggered	2,37,38,39,40,41,	 NoSound	40	2	756640974
756641176	Triggered	2,37,38,39,40,41,	 File_beep3	40	2	756641176
756653540	Triggered	5,23,24,25,26,27,28,29,30,31,	 NoSound	40	2	756653540
756657418	Triggered	8,52,53,54,55,56,	 NoSound	40	2	756657418
756657619	Triggered	8,52,53,54,55,56,	 File_beep1	40	2	756657619
756665574	Triggered	5,23,24,25,26,27,28,29,30,31,	 NoSound	40	2	756665574
756670318	Triggered	2,37,38,39,40,41,	 NoSound	40	2	756670318
756670519	Triggered	2,37,38,39,40,41,	 File_beep3	40	2	756670519
756687297	Triggered	5,23,24,25,26,27,28,29,30,31,	 NoSound	40	2	756687297
756687501	Triggered	5,23,24,25,26,27,28,29,30,31,	 PureTone-9kHz	40	2	756687501
756691706	Triggered	2,37,38,39,40,41,	 NoSound	40	2	756691706
756691907	Triggered	2,37,38,39,40,41,	 File_beep3	40	2	756691907
756703470	Triggered	5,23,24,25,26,27,28,29,30,31,	 NoSound	40	2	756703470
756703674	Triggered	5,23,24,25,26,27,28,29,30,31,	 PureTone-7kHz	40	2	756703674
756708150	Triggered	2,37,38,39,40,41,	 NoSound	40	2	756708150
756708353	Triggered	2,37,38,39,40,41,	 File_beep3	40	2	756708353
756721317	Triggered	5,23,24,25,26,27,28,29,30,31,	 NoSound	40	2	756721317
756721519	Triggered	5,23,24,25,26,27,28,29,30,31,	 PureTone-5kHz	40	2	756721519
756725930	Triggered	2,37,38,39,40,41,	 NoSound	40	2	756725930
756726131	Triggered	2,37,38,39,40,41,	 File_beep3	40	2	756726131
756739565	Triggered	5,23,24,25,26,27,28,29,30,31,	 NoSound	40	2	756739565
756739779	Triggered	5,23,24,25,26,27,28,29,30,31,	 PureTone-3kHz	40	2	756739779
756744847	Triggered	8,52,53,54,55,56,	 NoSound	40	2	756744847
756745047	Triggered	8,52,53,54,55,56,	 File_beep1	40	2	756745047
756755684	Triggered	5,23,24,25,26,27,28,29,30,31,	 NoSound	40	2	756755684
756755887	Triggered	5,23,24,25,26,27,28,29,30,31,	 PureTone-2kHz	40	2	756755887
756760285	Triggered	2,37,38,39,40,41,	 NoSound	40	2	756760285
756760487	Triggered	2,37,38,39,40,41,	 File_beep3	40	2	756760487
756772384	Triggered	5,23,24,25,26,27,28,29,30,31,	 NoSound	40	2	756772384
756772586	Triggered	5,23,24,25,26,27,28,29,30,31,	 PureTone-1kHz	40	2	756772586
756777531	Triggered	2,37,38,39,40,41,	 NoSound	40	2	756777531
756777743	Triggered	2,37,38,39,40,41,	 File_beep3	40	2	756777743
756799856	Triggered	5,23,24,25,26,27,28,29,30,31,	 NoSound	40	2	756799856
756800057	Triggered	5,23,24,25,26,27,28,29,30,31,	 StopSoundShort	40	2	756800057
756817436	Triggered	1,14,15,16,17,18,19,20,21,22,	 NoSound	40	2	756817436
756823985	Triggered	4,42,43,44,45,46,	 NoSound	40	2	756823985
756824187	Triggered	4,42,43,44,45,46,	 File_beep3	40	2	756824187
756836958	Triggered	1,14,15,16,17,18,19,20,21,22,	 NoSound	40	2	756836958
756841899	Triggered	6,47,48,49,50,51,	 NoSound	40	2	756841899
756842099	Triggered	6,47,48,49,50,51,	 File_beep1	40	2	756842099
756851857	Triggered	1,14,15,16,17,18,19,20,21,22,	 NoSound	40	2	756851857
756856804	Triggered	4,42,43,44,45,46,	 NoSound	40	2	756856804
756857005	Triggered	4,42,43,44,45,46,	 File_beep3	40	2	756857005
756869438	Triggered	1,14,15,16,17,18,19,20,21,22,	 NoSound	40	2	756869438
756875787	Triggered	4,42,43,44,45,46,	 NoSound	40	2	756875787
756875989	Triggered	4,42,43,44,45,46,	 File_beep3	40	2	756875989
756889622	Triggered	1,14,15,16,17,18,19,20,21,22,	 NoSound	40	2	756889622
756889839	Triggered	1,14,15,16,17,18,19,20,21,22,	 PureTone-9kHz	40	2	756889839
756894301	Triggered	6,47,48,49,50,51,	 NoSound	40	2	756894301
756894501	Triggered	6,47,48,49,50,51,	 File_beep1	40	2	756894501
756901989	Triggered	1,14,15,16,17,18,19,20,21,22,	 NoSound	40	2	756901989
756902194	Triggered	1,14,15,16,17,18,19,20,21,22,	 PureTone-7kHz	40	2	756902194
756907937	Triggered	6,47,48,49,50,51,	 NoSound	40	2	756907937
756908151	Triggered	6,47,48,49,50,51,	 File_beep1	40	2	756908151
756916827	Triggered	1,14,15,16,17,18,19,20,21,22,	 NoSound	40	2	756916827
756917030	Triggered	1,14,15,16,17,18,19,20,21,22,	 PureTone-5kHz	40	2	756917030
756922174	Triggered	6,47,48,49,50,51,	 NoSound	40	2	756922174
756922375	Triggered	6,47,48,49,50,51,	 File_beep1	40	2	756922375
756934606	Triggered	1,14,15,16,17,18,19,20,21,22,	 NoSound	40	2	756934606
756934808	Triggered	1,14,15,16,17,18,19,20,21,22,	 PureTone-3kHz	40	2	756934808
756939820	Triggered	6,47,48,49,50,51,	 NoSound	40	2	756939820
756940020	Triggered	6,47,48,49,50,51,	 File_beep1	40	2	756940020
756948856	Triggered	1,14,15,16,17,18,19,20,21,22,	 NoSound	40	2	756948856
756949057	Triggered	1,14,15,16,17,18,19,20,21,22,	 PureTone-2kHz	40	2	756949057
756954792	Triggered	6,47,48,49,50,51,	 NoSound	40	2	756954792
756954994	Triggered	6,47,48,49,50,51,	 File_beep1	40	2	756954994
756962680	Triggered	1,14,15,16,17,18,19,20,21,22,	 NoSound	40	2	756962680
756962892	Triggered	1,14,15,16,17,18,19,20,21,22,	 PureTone-1kHz	40	2	756962892
756970039	Triggered	6,47,48,49,50,51,	 NoSound	40	2	756970039
756970240	Triggered	6,47,48,49,50,51,	 File_beep1	40	2	756970240
756977718	Triggered	1,14,15,16,17,18,19,20,21,22,	 NoSound	40	2	756977718
756977919	Triggered	1,14,15,16,17,18,19,20,21,22,	 StopSoundShort	40	2	756977919
756992222	Triggered	5,23,24,25,26,27,28,29,30,31,	 NoSound	40	2	756992223
756996034	Triggered	2,37,38,39,40,41,	 NoSound	40	2	756996034
756996236	Triggered	2,37,38,39,40,41,	 File_beep3	40	2	756996236
757007998	Triggered	5,23,24,25,26,27,28,29,30,31,	 NoSound	40	2	757007998
757012418	Triggered	8,52,53,54,55,56,	 NoSound	40	2	757012418
757012619	Triggered	8,52,53,54,55,56,	 File_beep1	40	2	757012619
757020096	Triggered	5,23,24,25,26,27,28,29,30,31,	 NoSound	40	2	757020096
757024842	Triggered	2,37,38,39,40,41,	 NoSound	40	2	757024842
757025045	Triggered	2,37,38,39,40,41,	 File_beep3	40	2	757025045
757037274	Triggered	5,23,24,25,26,27,28,29,30,31,	 NoSound	40	2	757037274
757041954	Triggered	8,52,53,54,55,56,	 NoSound	40	2	757041954
757042155	Triggered	8,52,53,54,55,56,	 File_beep1	40	2	757042155
757049910	Triggered	5,23,24,25,26,27,28,29,30,31,	 NoSound	40	2	757049910
757050114	Triggered	5,23,24,25,26,27,28,29,30,31,	 PureTone-9kHz	40	2	757050114
757055589	Triggered	2,37,38,39,40,41,	 NoSound	40	2	757055589
757055791	Triggered	2,37,38,39,40,41,	 File_beep3	40	2	757055791
757069693	Triggered	5,23,24,25,26,27,28,29,30,31,	 NoSound	40	2	757069693
757069898	Triggered	5,23,24,25,26,27,28,29,30,31,	 PureTone-7kHz	40	2	757069898
757076377	Triggered	2,37,38,39,40,41,	 NoSound	40	2	757076377
757076578	Triggered	2,37,38,39,40,41,	 File_beep3	40	2	757076578
757090882	Triggered	5,23,24,25,26,27,28,29,30,31,	 NoSound	40	2	757090882
757091095	Triggered	5,23,24,25,26,27,28,29,30,31,	 PureTone-5kHz	40	2	757091095
757095827	Triggered	2,37,38,39,40,41,	 NoSound	40	2	757095827
757096028	Triggered	2,37,38,39,40,41,	 File_beep3	40	2	757096028
757109529	Triggered	5,23,24,25,26,27,28,29,30,31,	 NoSound	40	2	757109529
757109732	Triggered	5,23,24,25,26,27,28,29,30,31,	 PureTone-3kHz	40	2	757109732
757114947	Triggered	2,37,38,39,40,41,	 NoSound	40	2	757114947
757115149	Triggered	2,37,38,39,40,41,	 File_beep3	40	2	757115149
757128111	Triggered	5,23,24,25,26,27,28,29,30,31,	 NoSound	40	2	757128111
757128314	Triggered	5,23,24,25,26,27,28,29,30,31,	 PureTone-2kHz	40	2	757128314
757133336	Triggered	2,37,38,39,40,41,	 NoSound	40	2	757133336
757133538	Triggered	2,37,38,39,40,41,	 File_beep3	40	2	757133538
757151574	Triggered	5,23,24,25,26,27,28,29,30,31,	 NoSound	40	2	757151574
757151775	Triggered	5,23,24,25,26,27,28,29,30,31,	 PureTone-1kHz	40	2	757151775
757161263	Triggered	2,37,38,39,40,41,	 NoSound	40	2	757161263
757161477	Triggered	2,37,38,39,40,41,	 File_beep3	40	2	757161477
757185862	Triggered	5,23,24,25,26,27,28,29,30,31,	 NoSound	40	2	757185862
757186063	Triggered	5,23,24,25,26,27,28,29,30,31,	 StopSoundShort	40	2	757186063
757196356	Triggered	1,14,15,16,17,18,19,20,21,22,	 NoSound	40	2	757196356
757203441	Triggered	4,42,43,44,45,46,	 NoSound	40	2	757203441
757203643	Triggered	4,42,43,44,45,46,	 File_beep1	40	2	757203643
757212397	Triggered	1,14,15,16,17,18,19,20,21,22,	 NoSound	40	2	757212397
757217878	Triggered	4,42,43,44,45,46,	 NoSound	40	2	757217878
757218078	Triggered	4,42,43,44,45,46,	 File_beep1	40	2	757218078
757225498	Triggered	1,14,15,16,17,18,19,20,21,22,	 NoSound	40	2	757225498
757230779	Triggered	4,42,43,44,45,46,	 NoSound	40	2	757230779
757230980	Triggered	4,42,43,44,45,46,	 File_beep1	40	2	757230980
757239067	Triggered	1,14,15,16,17,18,19,20,21,22,	 NoSound	40	2	757239067
757246753	Triggered	6,47,48,49,50,51,	 NoSound	40	2	757246753
757246955	Triggered	6,47,48,49,50,51,	 File_beep3	40	2	757246955
757260925	Triggered	1,14,15,16,17,18,19,20,21,22,	 NoSound	40	2	757260925
757261129	Triggered	1,14,15,16,17,18,19,20,21,22,	 PureTone-9kHz	40	2	757261129
757266538	Triggered	6,47,48,49,50,51,	 NoSound	40	2	757266538
757266740	Triggered	6,47,48,49,50,51,	 File_beep3	40	2	757266740
757288061	Triggered	1,14,15,16,17,18,19,20,21,22,	 NoSound	40	2	757288061
757288264	Triggered	1,14,15,16,17,18,19,20,21,22,	 PureTone-7kHz	40	2	757288264
757292813	Triggered	6,47,48,49,50,51,	 NoSound	40	2	757292813
757293015	Triggered	6,47,48,49,50,51,	 File_beep3	40	2	757293015
757306175	Triggered	1,14,15,16,17,18,19,20,21,22,	 NoSound	40	2	757306175
757306378	Triggered	1,14,15,16,17,18,19,20,21,22,	 PureTone-5kHz	40	2	757306378
757312526	Triggered	6,47,48,49,50,51,	 NoSound	40	2	757312526
757312728	Triggered	6,47,48,49,50,51,	 File_beep3	40	2	757312728
757326228	Triggered	1,14,15,16,17,18,19,20,21,22,	 NoSound	40	2	757326228
757326431	Triggered	1,14,15,16,17,18,19,20,21,22,	 PureTone-3kHz	40	2	757326431
757332710	Triggered	6,47,48,49,50,51,	 NoSound	40	2	757332710
757332912	Triggered	6,47,48,49,50,51,	 File_beep3	40	2	757332912
757347549	Triggered	1,14,15,16,17,18,19,20,21,22,	 NoSound	40	2	757347549
757347752	Triggered	1,14,15,16,17,18,19,20,21,22,	 PureTone-2kHz	40	2	757347752
757353030	Triggered	6,47,48,49,50,51,	 NoSound	40	2	757353030
757353232	Triggered	6,47,48,49,50,51,	 File_beep3	40	2	757353232
757369140	Triggered	1,14,15,16,17,18,19,20,21,22,	 NoSound	40	2	757369140
757369342	Triggered	1,14,15,16,17,18,19,20,21,22,	 PureTone-1kHz	40	2	757369342
757377027	Triggered	6,47,48,49,50,51,	 NoSound	40	2	757377027
757377228	Triggered	6,47,48,49,50,51,	 File_beep3	40	2	757377228
757392869	Triggered	1,14,15,16,17,18,19,20,21,22,	 NoSound	40	2	757392869
757393069	Triggered	1,14,15,16,17,18,19,20,21,22,	 StopSoundShort	40	2	757393069
757433172	Triggered	5,23,24,25,26,27,28,29,30,31,	 NoSound	40	2	757433172
757437650	Triggered	2,37,38,39,40,41,	 NoSound	40	2	757437650
757437851	Triggered	2,37,38,39,40,41,	 File_beep1	40	2	757437851
757449214	Triggered	5,23,24,25,26,27,28,29,30,31,	 NoSound	40	2	757449214
757453564	Triggered	2,37,38,39,40,41,	 NoSound	40	2	757453564
757453765	Triggered	2,37,38,39,40,41,	 File_beep1	40	2	757453765
757462047	Triggered	5,23,24,25,26,27,28,29,30,31,	 NoSound	40	2	757462047
757466194	Triggered	8,52,53,54,55,56,	 NoSound	40	2	757466194
757466395	Triggered	8,52,53,54,55,56,	 File_beep3	40	2	757466395
757479894	Triggered	5,23,24,25,26,27,28,29,30,31,	 NoSound	40	2	757479894
757484440	Triggered	2,37,38,39,40,41,	 NoSound	40	2	757484440
757484641	Triggered	2,37,38,39,40,41,	 File_beep1	40	2	757484641
757494867	Triggered	5,23,24,25,26,27,28,29,30,31,	 NoSound	40	2	757494867
757495082	Triggered	5,23,24,25,26,27,28,29,30,31,	 PureTone-9kHz	40	2	757495082
757499546	Triggered	2,37,38,39,40,41,	 NoSound	40	2	757499546
757499746	Triggered	2,37,38,39,40,41,	 File_beep1	40	2	757499746
757517996	Triggered	5,23,24,25,26,27,28,29,30,31,	 NoSound	40	2	757517996
757518200	Triggered	5,23,24,25,26,27,28,29,30,31,	 PureTone-7kHz	40	2	757518200
757522807	Triggered	2,37,38,39,40,41,	 NoSound	40	2	757522807
757523010	Triggered	2,37,38,39,40,41,	 File_beep1	40	2	757523010
757531027	Triggered	5,23,24,25,26,27,28,29,30,31,	 NoSound	40	2	757531027
757531231	Triggered	5,23,24,25,26,27,28,29,30,31,	 PureTone-5kHz	40	2	757531231
757536643	Triggered	8,52,53,54,55,56,	 NoSound	40	2	757536643
757536845	Triggered	8,52,53,54,55,56,	 File_beep3	40	2	757536845
757571133	Triggered	5,23,24,25,26,27,28,29,30,31,	 NoSound	40	2	757571133
757571336	Triggered	5,23,24,25,26,27,28,29,30,31,	 PureTone-3kHz	40	2	757571336
757576947	Triggered	2,37,38,39,40,41,	 NoSound	40	2	757576947
757577158	Triggered	2,37,38,39,40,41,	 File_beep1	40	2	757577158
757587175	Triggered	5,23,24,25,26,27,28,29,30,31,	 NoSound	40	2	757587175
757587378	Triggered	5,23,24,25,26,27,28,29,30,31,	 PureTone-2kHz	40	2	757587378
757592321	Triggered	2,37,38,39,40,41,	 NoSound	40	2	757592321
757592535	Triggered	2,37,38,39,40,41,	 File_beep1	40	2	757592535
757625542	Triggered	5,23,24,25,26,27,28,29,30,31,	 NoSound	40	2	757625542
757625745	Triggered	5,23,24,25,26,27,28,29,30,31,	 PureTone-1kHz	40	2	757625745
757678214	Triggered	2,37,38,39,40,41,	 NoSound	40	2	757678214
757678415	Triggered	2,37,38,39,40,41,	 File_beep1	40	2	757678415
757715242	Triggered	5,23,24,25,26,27,28,29,30,31,	 NoSound	40	2	757715242
757715442	Triggered	5,23,24,25,26,27,28,29,30,31,	 StopSoundShort	40	2	757715442
757737967	Triggered	1,14,15,16,17,18,19,20,21,22,	 NoSound	40	2	757737967
757753674	Triggered	4,42,43,44,45,46,	 NoSound	40	2	757753674
757753875	Triggered	4,42,43,44,45,46,	 File_beep1	40	2	757753875
757768982	Triggered	1,14,15,16,17,18,19,20,21,22,	 NoSound	40	2	757768982
757797722	Triggered	6,47,48,49,50,51,	 NoSound	40	2	757797722
757797924	Triggered	6,47,48,49,50,51,	 File_beep3	40	2	757797924
757835293	Triggered	1,14,15,16,17,18,19,20,21,22,	 NoSound	40	2	757835293
757851330	Triggered	6,47,48,49,50,51,	 NoSound	40	2	757851330
757851532	Triggered	6,47,48,49,50,51,	 File_beep3	40	2	757851532
757875259	Triggered	1,14,15,16,17,18,19,20,21,22,	 NoSound	40	2	757875259
757880539	Triggered	6,47,48,49,50,51,	 NoSound	40	2	757880539
757880741	Triggered	6,47,48,49,50,51,	 File_beep3	40	2	757880741
757897383	Triggered	1,14,15,16,17,18,19,20,21,22,	 NoSound	40	2	757897383
757897585	Triggered	1,14,15,16,17,18,19,20,21,22,	 PureTone-9kHz	40	2	757897585
757902065	Triggered	6,47,48,49,50,51,	 NoSound	40	2	757902065
757902266	Triggered	6,47,48,49,50,51,	 File_beep3	40	2	757902266
757919116	Triggered	1,14,15,16,17,18,19,20,21,22,	 NoSound	40	2	757919116
757919320	Triggered	1,14,15,16,17,18,19,20,21,22,	 PureTone-7kHz	40	2	757919320
757924052	Triggered	6,47,48,49,50,51,	 NoSound	40	2	757924052
757924255	Triggered	6,47,48,49,50,51,	 File_beep3	40	2	757924255
757940093	Triggered	1,14,15,16,17,18,19,20,21,22,	 NoSound	40	2	757940093
757940297	Triggered	1,14,15,16,17,18,19,20,21,22,	 PureTone-5kHz	40	2	757940297
757945182	Triggered	6,47,48,49,50,51,	 NoSound	40	2	757945182
757945384	Triggered	6,47,48,49,50,51,	 File_beep3	40	2	757945384
757961091	Triggered	1,14,15,16,17,18,19,20,21,22,	 NoSound	40	2	757961091
757961295	Triggered	1,14,15,16,17,18,19,20,21,22,	 PureTone-3kHz	40	2	757961295
757965761	Triggered	6,47,48,49,50,51,	 NoSound	40	2	757965761
757965963	Triggered	6,47,48,49,50,51,	 File_beep3	40	2	757965963
757979195	Triggered	1,14,15,16,17,18,19,20,21,22,	 NoSound	40	2	757979195
757979397	Triggered	1,14,15,16,17,18,19,20,21,22,	 PureTone-2kHz	40	2	757979397
757984143	Triggered	6,47,48,49,50,51,	 NoSound	40	2	757984143
757984347	Triggered	6,47,48,49,50,51,	 File_beep3	40	2	757984347
757997777	Triggered	1,14,15,16,17,18,19,20,21,22,	 NoSound	40	2	757997777
757997990	Triggered	1,14,15,16,17,18,19,20,21,22,	 PureTone-1kHz	40	2	757997990
758005664	Triggered	6,47,48,49,50,51,	 NoSound	40	2	758005664
758005867	Triggered	6,47,48,49,50,51,	 File_beep3	40	2	758005867
758019301	Triggered	1,14,15,16,17,18,19,20,21,22,	 NoSound	40	2	758019301
758019502	Triggered	1,14,15,16,17,18,19,20,21,22,	 StopSoundShort	40	2	758019502
