1	1	0
9	0	0	0	0
N5	100	1	0	00
1	100	0	0	1
6o	100	1	0	41
1	100	0	0	1
6o	100	1	0	41
1	100	0	0	1
6o	100	1	0	41
M1	100	1	0	10
6o4g	100	1	0	4111
M1	100	1	0	10
6o4g	100	1	0	4111
M1	100	1	0	10
6o4g	100	1	0	4111
M1	100	1	0	10
6o4g	100	1	0	4111
M1	100	1	0	10
6o4g	100	1	0	4111
M1	100	1	0	10
6o4g	100	1	0	4111
M1	100	1	0	10
6o4g	100	1	0	4111
M1	100	1	0	10
6o4g	100	1	0	4111
M1	100	1	0	10
6o4g	100	1	0	4111
L1	100	1	0	10
6o4g	100	1	0	4111
K1	100	1	0	10
6o4g	100	1	0	4111
J1	100	1	0	10
6o4g	100	1	0	4111
I1	100	1	0	10
6o4g	100	1	0	4111
H1	100	1	0	10
6o4g	100	1	0	4111
G1	100	1	0	10
6o4g	100	1	0	4111
E1	100	1	0	00
5	100	0	0	1
8u	100	1	0	51
5	100	0	0	1
8u	100	1	0	51
5	100	0	0	1
8u	100	1	0	51
V5	100	1	0	10
8u2c	100	1	0	5121
V5	100	1	0	10
8u2c	100	1	0	5121
V5	100	1	0	10
8u2c	100	1	0	5121
V5	100	1	0	10
8u2c	100	1	0	5121
V5	100	1	0	10
8u2c	100	1	0	5121
V5	100	1	0	10
8u2c	100	1	0	5121
V5	100	1	0	10
8u2c	100	1	0	5121
V5	100	1	0	10
8u2c	100	1	0	5121
V5	100	1	0	10
8u2c	100	1	0	5121
U5	100	1	0	10
8u2c	100	1	0	5121
T5	100	1	0	10
8u2c	100	1	0	5121
S5	100	1	0	10
8u2c	100	1	0	5121
R5	100	1	0	10
8u2c	100	1	0	5121
Q5	100	1	0	10
8u2c	100	1	0	5121
P5	100	1	0	10
8u2c	100	1	0	5121
N5	100	1	0	00
1	100	0	0	1
6l	100	1	0	11
1	100	0	0	1
6l	100	1	0	11
1	100	0	0	1
6l	100	1	0	11
M1	100	1	0	10
6l4g	100	1	0	1111
M1	100	1	0	10
6l4g	100	1	0	1111
M1	100	1	0	10
6l4g	100	1	0	1111
M1	100	1	0	10
6l4g	100	1	0	1111
M1	100	1	0	10
6l4g	100	1	0	1111
M1	100	1	0	10
6l4g	100	1	0	1111
M1	100	1	0	10
6l4g	100	1	0	1111
M1	100	1	0	10
6l4g	100	1	0	1111
M1	100	1	0	10
6l4g	100	1	0	1111
L1	100	1	0	10
6l4g	100	1	0	1111
K1	100	1	0	10
6l4g	100	1	0	1111
J1	100	1	0	10
6l4g	100	1	0	1111
I1	100	1	0	10
6l4g	100	1	0	1111
H1	100	1	0	10
6l4g	100	1	0	1111
G1	100	1	0	10
6l4g	100	1	0	1111
E1	100	1	0	00
5	100	0	0	1
8	100	1	0	0
5	100	0	0	1
8	100	1	0	0
5	100	0	0	1
8	100	1	0	0
V5	100	1	0	10
28	100	1	0	00
V5	100	1	0	10
28	100	1	0	00
V5	100	1	0	10
28	100	1	0	00
V5	100	1	0	10
28	100	1	0	00
V5	100	1	0	10
28	100	1	0	00
V5	100	1	0	10
28	100	1	0	00
V5	100	1	0	10
28	100	1	0	00
V5	100	1	0	10
28	100	1	0	00
V5	100	1	0	10
28	100	1	0	00
U5	100	1	0	10
28	100	1	0	00
T5	100	1	0	10
28	100	1	0	00
S5	100	1	0	10
28	100	1	0	00
R5	100	1	0	10
28	100	1	0	00
Q5	100	1	0	10
28	100	1	0	00
P5	100	1	0	10
28	100	1	0	00
N5	100	1	0	00
1	100	0	0	1
4g	100	1	0	11
1	100	0	0	1
4g	100	1	0	11
1	100	0	0	1
4g	100	1	0	11
M1	100	1	0	10
4g6m	100	1	0	1121
M1	100	1	0	10
4g6m	100	1	0	1121
M1	100	1	0	10
4g6m	100	1	0	1121
M1	100	1	0	10
4g6m	100	1	0	1121
M1	100	1	0	10
4g6m	100	1	0	1121
M1	100	1	0	10
4g6m	100	1	0	1121
M1	100	1	0	10
4g6m	100	1	0	1121
M1	100	1	0	10
4g6m	100	1	0	1121
M1	100	1	0	10
4g6m	100	1	0	1121
L1	100	1	0	10
4g6m	100	1	0	1121
K1	100	1	0	10
4g6m	100	1	0	1121
J1	100	1	0	10
4g6m	100	1	0	1121
I1	100	1	0	10
4g6m	100	1	0	1121
H1	100	1	0	10
4g6m	100	1	0	1121
G1	100	1	0	10
4g6m	100	1	0	1121
E1	100	1	0	00
5	100	0	0	1
2f	100	1	0	51
5	100	0	0	1
2f	100	1	0	51
5	100	0	0	1
2f	100	1	0	51
V5	100	1	0	10
2f8s	100	1	0	5131
V5	100	1	0	10
2f8s	100	1	0	5131
V5	100	1	0	10
2f8s	100	1	0	5131
V5	100	1	0	10
2f8s	100	1	0	5131
V5	100	1	0	10
2f8s	100	1	0	5131
V5	100	1	0	10
2f8s	100	1	0	5131
V5	100	1	0	10
2f8s	100	1	0	5131
V5	100	1	0	10
2f8s	100	1	0	5131
V5	100	1	0	10
2f8s	100	1	0	5131
U5	100	1	0	10
2f8s	100	1	0	5131
T5	100	1	0	10
2f8s	100	1	0	5131
S5	100	1	0	10
2f8s	100	1	0	5131
R5	100	1	0	10
2f8s	100	1	0	5131
Q5	100	1	0	10
2f8s	100	1	0	5131
P5	100	1	0	10
2f8s	100	1	0	5131
N5	100	1	0	00
1	100	0	0	1
6m	100	1	0	21
1	100	0	0	1
6m	100	1	0	21
1	100	0	0	1
6m	100	1	0	21
M1	100	1	0	10
6m4k	100	1	0	2151
M1	100	1	0	10
6m4k	100	1	0	2151
M1	100	1	0	10
6m4k	100	1	0	2151
M1	100	1	0	10
6m4k	100	1	0	2151
M1	100	1	0	10
6m4k	100	1	0	2151
M1	100	1	0	10
6m4k	100	1	0	2151
M1	100	1	0	10
6m4k	100	1	0	2151
M1	100	1	0	10
6m4k	100	1	0	2151
M1	100	1	0	10
6m4k	100	1	0	2151
L1	100	1	0	10
6m4k	100	1	0	2151
K1	100	1	0	10
6m4k	100	1	0	2151
J1	100	1	0	10
6m4k	100	1	0	2151
I1	100	1	0	10
6m4k	100	1	0	2151
H1	100	1	0	10
6m4k	100	1	0	2151
G1	100	1	0	10
6m4k	100	1	0	2151
E1	100	1	0	00
5	100	0	0	1
2	100	1	0	0
5	100	0	0	1
2	100	1	0	0
5	100	0	0	1
2	100	1	0	0
V5	100	1	0	10
82	100	1	0	00
V5	100	1	0	10
82	100	1	0	00
V5	100	1	0	10
82	100	1	0	00
V5	100	1	0	10
82	100	1	0	00
V5	100	1	0	10
82	100	1	0	00
V5	100	1	0	10
82	100	1	0	00
V5	100	1	0	10
82	100	1	0	00
V5	100	1	0	10
82	100	1	0	00
V5	100	1	0	10
82	100	1	0	00
U5	100	1	0	10
82	100	1	0	00
T5	100	1	0	10
82	100	1	0	00
S5	100	1	0	10
82	100	1	0	00
R5	100	1	0	10
82	100	1	0	00
Q5	100	1	0	10
82	100	1	0	00
P5	100	1	0	10
82	100	1	0	00
N5	100	1	0	00
1	100	0	0	1
4h	100	1	0	21
1	100	0	0	1
4h	100	1	0	21
1	100	0	0	1
4h	100	1	0	21
M1	100	1	0	10
4h6o	100	1	0	2141
M1	100	1	0	10
4h6o	100	1	0	2141
M1	100	1	0	10
4h6o	100	1	0	2141
M1	100	1	0	10
4h6o	100	1	0	2141
M1	100	1	0	10
4h6o	100	1	0	2141
M1	100	1	0	10
4h6o	100	1	0	2141
M1	100	1	0	10
4h6o	100	1	0	2141
M1	100	1	0	10
4h6o	100	1	0	2141
M1	100	1	0	10
4h6o	100	1	0	2141
L1	100	1	0	10
4h6o	100	1	0	2141
K1	100	1	0	10
4h6o	100	1	0	2141
J1	100	1	0	10
4h6o	100	1	0	2141
I1	100	1	0	10
4h6o	100	1	0	2141
H1	100	1	0	10
4h6o	100	1	0	2141
G1	100	1	0	10
4h6o	100	1	0	2141
E1	100	1	0	00
5	100	0	0	1
2d	100	1	0	31
5	100	0	0	1
2d	100	1	0	31
5	100	0	0	1
2d	100	1	0	31
V5	100	1	0	10
2d8q	100	1	0	3111
V5	100	1	0	10
2d8q	100	1	0	3111
V5	100	1	0	10
2d8q	100	1	0	3111
V5	100	1	0	10
2d8q	100	1	0	3111
V5	100	1	0	10
2d8q	100	1	0	3111
V5	100	1	0	10
2d8q	100	1	0	3111
V5	100	1	0	10
2d8q	100	1	0	3111
V5	100	1	0	10
2d8q	100	1	0	3111
V5	100	1	0	10
2d8q	100	1	0	3111
U5	100	1	0	10
2d8q	100	1	0	3111
T5	100	1	0	10
2d8q	100	1	0	3111
S5	100	1	0	10
2d8q	100	1	0	3111
R5	100	1	0	10
2d8q	100	1	0	3111
Q5	100	1	0	10
2d8q	100	1	0	3111
P5	100	1	0	10
2d8q	100	1	0	3111
N5	100	1	0	00
1	100	0	0	1
4j	100	1	0	41
1	100	0	0	1
4j	100	1	0	41
1	100	0	0	1
4j	100	1	0	41
M1	100	1	0	10
4j6m	100	1	0	4121
M1	100	1	0	10
4j6m	100	1	0	4121
M1	100	1	0	10
4j6m	100	1	0	4121
M1	100	1	0	10
4j6m	100	1	0	4121
M1	100	1	0	10
4j6m	100	1	0	4121
M1	100	1	0	10
4j6m	100	1	0	4121
M1	100	1	0	10
4j6m	100	1	0	4121
M1	100	1	0	10
4j6m	100	1	0	4121
M1	100	1	0	10
4j6m	100	1	0	4121
L1	100	1	0	10
4j6m	100	1	0	4121
K1	100	1	0	10
4j6m	100	1	0	4121
J1	100	1	0	10
4j6m	100	1	0	4121
I1	100	1	0	10
4j6m	100	1	0	4121
H1	100	1	0	10
4j6m	100	1	0	4121
G1	100	1	0	10
4j6m	100	1	0	4121
E1	100	1	0	00
5	100	0	0	1
8s	100	1	0	31
5	100	0	0	1
8s	100	1	0	31
5	100	0	0	1
8s	100	1	0	31
V5	100	1	0	10
8s2c	100	1	0	3121
V5	100	1	0	10
8s2c	100	1	0	3121
V5	100	1	0	10
8s2c	100	1	0	3121
V5	100	1	0	10
8s2c	100	1	0	3121
V5	100	1	0	10
8s2c	100	1	0	3121
V5	100	1	0	10
8s2c	100	1	0	3121
V5	100	1	0	10
8s2c	100	1	0	3121
V5	100	1	0	10
8s2c	100	1	0	3121
V5	100	1	0	10
8s2c	100	1	0	3121
U5	100	1	0	10
8s2c	100	1	0	3121
T5	100	1	0	10
8s2c	100	1	0	3121
S5	100	1	0	10
8s2c	100	1	0	3121
R5	100	1	0	10
8s2c	100	1	0	3121
Q5	100	1	0	10
8s2c	100	1	0	3121
P5	100	1	0	10
8s2c	100	1	0	3121
N5	100	1	0	00
1	100	0	0	1
4g	100	1	0	11
1	100	0	0	1
4g	100	1	0	11
1	100	0	0	1
4g	100	1	0	11
M1	100	1	0	10
4g6o	100	1	0	1141
M1	100	1	0	10
4g6o	100	1	0	1141
M1	100	1	0	10
4g6o	100	1	0	1141
M1	100	1	0	10
4g6o	100	1	0	1141
M1	100	1	0	10
4g6o	100	1	0	1141
M1	100	1	0	10
4g6o	100	1	0	1141
M1	100	1	0	10
4g6o	100	1	0	1141
M1	100	1	0	10
4g6o	100	1	0	1141
M1	100	1	0	10
4g6o	100	1	0	1141
L1	100	1	0	10
4g6o	100	1	0	1141
K1	100	1	0	10
4g6o	100	1	0	1141
J1	100	1	0	10
4g6o	100	1	0	1141
I1	100	1	0	10
4g6o	100	1	0	1141
H1	100	1	0	10
4g6o	100	1	0	1141
G1	100	1	0	10
4g6o	100	1	0	1141
E1	100	1	0	00
5	100	0	0	1
8t	100	1	0	41
5	100	0	0	1
8t	100	1	0	41
5	100	0	0	1
8t	100	1	0	41
V5	100	1	0	10
8t2c	100	1	0	4121
V5	100	1	0	10
8t2c	100	1	0	4121
V5	100	1	0	10
8t2c	100	1	0	4121
V5	100	1	0	10
8t2c	100	1	0	4121
V5	100	1	0	10
8t2c	100	1	0	4121
V5	100	1	0	10
8t2c	100	1	0	4121
V5	100	1	0	10
8t2c	100	1	0	4121
V5	100	1	0	10
8t2c	100	1	0	4121
V5	100	1	0	10
8t2c	100	1	0	4121
U5	100	1	0	10
8t2c	100	1	0	4121
T5	100	1	0	10
8t2c	100	1	0	4121
S5	100	1	0	10
8t2c	100	1	0	4121
R5	100	1	0	10
8t2c	100	1	0	4121
Q5	100	1	0	10
8t2c	100	1	0	4121
P5	100	1	0	10
8t2c	100	1	0	4121
N5	100	1	0	00
1	100	0	0	1
4	100	1	0	0
1	100	0	0	1
4	100	1	0	0
1	100	0	0	1
4	100	1	0	0
M1	100	1	0	10
6l4	100	1	0	110
M1	100	1	0	10
6l4	100	1	0	110
M1	100	1	0	10
6l4	100	1	0	110
M1	100	1	0	10
6l4	100	1	0	110
M1	100	1	0	10
6l4	100	1	0	110
M1	100	1	0	10
6l4	100	1	0	110
M1	100	1	0	10
6l4	100	1	0	110
M1	100	1	0	10
6l4	100	1	0	110
M1	100	1	0	10
6l4	100	1	0	110
L1	100	1	0	10
6l4	100	1	0	110
K1	100	1	0	10
6l4	100	1	0	110
J1	100	1	0	10
6l4	100	1	0	110
I1	100	1	0	10
6l4	100	1	0	110
H1	100	1	0	10
6l4	100	1	0	110
G1	100	1	0	10
6l4	100	1	0	110
E1	100	1	0	00
5	100	0	0	1
2d	100	1	0	31
5	100	0	0	1
2d	100	1	0	31
5	100	0	0	1
2d	100	1	0	31
V5	100	1	0	10
2d8s	100	1	0	3131
V5	100	1	0	10
2d8s	100	1	0	3131
V5	100	1	0	10
2d8s	100	1	0	3131
V5	100	1	0	10
2d8s	100	1	0	3131
V5	100	1	0	10
2d8s	100	1	0	3131
V5	100	1	0	10
2d8s	100	1	0	3131
V5	100	1	0	10
2d8s	100	1	0	3131
V5	100	1	0	10
2d8s	100	1	0	3131
V5	100	1	0	10
2d8s	100	1	0	3131
U5	100	1	0	10
2d8s	100	1	0	3131
T5	100	1	0	10
2d8s	100	1	0	3131
S5	100	1	0	10
2d8s	100	1	0	3131
R5	100	1	0	10
2d8s	100	1	0	3131
Q5	100	1	0	10
2d8s	100	1	0	3131
P5	100	1	0	10
2d8s	100	1	0	3131
N5	100	1	0	00
1	100	0	0	1
4h	100	1	0	21
1	100	0	0	1
4h	100	1	0	21
1	100	0	0	1
4h	100	1	0	21
M1	100	1	0	10
4h6p	100	1	0	2151
M1	100	1	0	10
4h6p	100	1	0	2151
M1	100	1	0	10
4h6p	100	1	0	2151
M1	100	1	0	10
4h6p	100	1	0	2151
M1	100	1	0	10
4h6p	100	1	0	2151
M1	100	1	0	10
4h6p	100	1	0	2151
M1	100	1	0	10
4h6p	100	1	0	2151
M1	100	1	0	10
4h6p	100	1	0	2151
M1	100	1	0	10
4h6p	100	1	0	2151
L1	100	1	0	10
4h6p	100	1	0	2151
K1	100	1	0	10
4h6p	100	1	0	2151
J1	100	1	0	10
4h6p	100	1	0	2151
I1	100	1	0	10
4h6p	100	1	0	2151
H1	100	1	0	10
4h6p	100	1	0	2151
G1	100	1	0	10
4h6p	100	1	0	2151
E1	100	1	0	00
5	100	0	0	1
2e	100	1	0	41
5	100	0	0	1
2e	100	1	0	41
5	100	0	0	1
2e	100	1	0	41
V5	100	1	0	10
2e8	100	1	0	410
V5	100	1	0	10
2e8	100	1	0	410
V5	100	1	0	10
2e8	100	1	0	410
V5	100	1	0	10
2e8	100	1	0	410
V5	100	1	0	10
2e8	100	1	0	410
V5	100	1	0	10
2e8	100	1	0	410
V5	100	1	0	10
2e8	100	1	0	410
V5	100	1	0	10
2e8	100	1	0	410
V5	100	1	0	10
2e8	100	1	0	410
U5	100	1	0	10
2e8	100	1	0	410
T5	100	1	0	10
2e8	100	1	0	410
S5	100	1	0	10
2e8	100	1	0	410
R5	100	1	0	10
2e8	100	1	0	410
Q5	100	1	0	10
2e8	100	1	0	410
P5	100	1	0	10
2e8	100	1	0	410
N5	100	1	0	00
1	100	0	0	1
6l	100	1	0	11
1	100	0	0	1
6l	100	1	0	11
1	100	0	0	1
6l	100	1	0	11
M1	100	1	0	10
6l4	100	1	0	110
M1	100	1	0	10
6l4	100	1	0	110
M1	100	1	0	10
6l4	100	1	0	110
M1	100	1	0	10
6l4	100	1	0	110
M1	100	1	0	10
6l4	100	1	0	110
M1	100	1	0	10
6l4	100	1	0	110
M1	100	1	0	10
6l4	100	1	0	110
M1	100	1	0	10
6l4	100	1	0	110
M1	100	1	0	10
6l4	100	1	0	110
L1	100	1	0	10
6l4	100	1	0	110
K1	100	1	0	10
6l4	100	1	0	110
J1	100	1	0	10
6l4	100	1	0	110
I1	100	1	0	10
6l4	100	1	0	110
H1	100	1	0	10
6l4	100	1	0	110
G1	100	1	0	10
6l4	100	1	0	110
E1	100	1	0	00
5	100	0	0	1
2f	100	1	0	51
5	100	0	0	1
2f	100	1	0	51
5	100	0	0	1
2f	100	1	0	51
V5	100	1	0	10
2f8u	100	1	0	5151
V5	100	1	0	10
2f8u	100	1	0	5151
V5	100	1	0	10
2f8u	100	1	0	5151
V5	100	1	0	10
2f8u	100	1	0	5151
V5	100	1	0	10
2f8u	100	1	0	5151
V5	100	1	0	10
2f8u	100	1	0	5151
V5	100	1	0	10
2f8u	100	1	0	5151
V5	100	1	0	10
2f8u	100	1	0	5151
V5	100	1	0	10
2f8u	100	1	0	5151
U5	100	1	0	10
2f8u	100	1	0	5151
T5	100	1	0	10
2f8u	100	1	0	5151
S5	100	1	0	10
2f8u	100	1	0	5151
R5	100	1	0	10
2f8u	100	1	0	5151
Q5	100	1	0	10
2f8u	100	1	0	5151
P5	100	1	0	10
2f8u	100	1	0	5151
N5	100	1	0	00
1	100	0	0	1
6	100	1	0	0
1	100	0	0	1
6	100	1	0	0
1	100	0	0	1
6	100	1	0	0
M1	100	1	0	10
4k6	100	1	0	510
M1	100	1	0	10
4k6	100	1	0	510
M1	100	1	0	10
4k6	100	1	0	510
M1	100	1	0	10
4k6	100	1	0	510
M1	100	1	0	10
4k6	100	1	0	510
M1	100	1	0	10
4k6	100	1	0	510
M1	100	1	0	10
4k6	100	1	0	510
M1	100	1	0	10
4k6	100	1	0	510
M1	100	1	0	10
4k6	100	1	0	510
L1	100	1	0	10
4k6	100	1	0	510
K1	100	1	0	10
4k6	100	1	0	510
J1	100	1	0	10
4k6	100	1	0	510
I1	100	1	0	10
4k6	100	1	0	510
H1	100	1	0	10
4k6	100	1	0	510
G1	100	1	0	10
4k6	100	1	0	510
E1	100	1	0	00
5	100	0	0	1
2c	100	1	0	21
5	100	0	0	1
2c	100	1	0	21
5	100	0	0	1
2c	100	1	0	21
V5	100	1	0	10
2c8s	100	1	0	2131
V5	100	1	0	10
2c8s	100	1	0	2131
V5	100	1	0	10
2c8s	100	1	0	2131
V5	100	1	0	10
2c8s	100	1	0	2131
V5	100	1	0	10
2c8s	100	1	0	2131
V5	100	1	0	10
2c8s	100	1	0	2131
V5	100	1	0	10
2c8s	100	1	0	2131
V5	100	1	0	10
2c8s	100	1	0	2131
V5	100	1	0	10
2c8s	100	1	0	2131
U5	100	1	0	10
2c8s	100	1	0	2131
T5	100	1	0	10
2c8s	100	1	0	2131
S5	100	1	0	10
2c8s	100	1	0	2131
R5	100	1	0	10
2c8s	100	1	0	2131
Q5	100	1	0	10
2c8s	100	1	0	2131
P5	100	1	0	10
2c8s	100	1	0	2131
N5	100	1	0	00
1	100	0	0	1
4k	100	1	0	51
1	100	0	0	1
4k	100	1	0	51
1	100	0	0	1
4k	100	1	0	51
M1	100	1	0	10
4k6o	100	1	0	5141
M1	100	1	0	10
4k6o	100	1	0	5141
M1	100	1	0	10
4k6o	100	1	0	5141
M1	100	1	0	10
4k6o	100	1	0	5141
M1	100	1	0	10
4k6o	100	1	0	5141
M1	100	1	0	10
4k6o	100	1	0	5141
M1	100	1	0	10
4k6o	100	1	0	5141
M1	100	1	0	10
4k6o	100	1	0	5141
M1	100	1	0	10
4k6o	100	1	0	5141
L1	100	1	0	10
4k6o	100	1	0	5141
K1	100	1	0	10
4k6o	100	1	0	5141
J1	100	1	0	10
4k6o	100	1	0	5141
I1	100	1	0	10
4k6o	100	1	0	5141
H1	100	1	0	10
4k6o	100	1	0	5141
G1	100	1	0	10
4k6o	100	1	0	5141
E1	100	1	0	00
5	100	0	0	1
8s	100	1	0	31
5	100	0	0	1
8s	100	1	0	31
5	100	0	0	1
8s	100	1	0	31
V5	100	1	0	10
8s2	100	1	0	310
V5	100	1	0	10
8s2	100	1	0	310
V5	100	1	0	10
8s2	100	1	0	310
V5	100	1	0	10
8s2	100	1	0	310
V5	100	1	0	10
8s2	100	1	0	310
V5	100	1	0	10
8s2	100	1	0	310
V5	100	1	0	10
8s2	100	1	0	310
V5	100	1	0	10
8s2	100	1	0	310
V5	100	1	0	10
8s2	100	1	0	310
U5	100	1	0	10
8s2	100	1	0	310
T5	100	1	0	10
8s2	100	1	0	310
S5	100	1	0	10
8s2	100	1	0	310
R5	100	1	0	10
8s2	100	1	0	310
Q5	100	1	0	10
8s2	100	1	0	310
P5	100	1	0	10
8s2	100	1	0	310
N5	100	1	0	00
1	100	0	0	1
4h	100	1	0	21
1	100	0	0	1
4h	100	1	0	21
1	100	0	0	1
4h	100	1	0	21
M1	100	1	0	10
4h6m	100	1	0	2121
M1	100	1	0	10
4h6m	100	1	0	2121
M1	100	1	0	10
4h6m	100	1	0	2121
M1	100	1	0	10
4h6m	100	1	0	2121
M1	100	1	0	10
4h6m	100	1	0	2121
M1	100	1	0	10
4h6m	100	1	0	2121
M1	100	1	0	10
4h6m	100	1	0	2121
M1	100	1	0	10
4h6m	100	1	0	2121
M1	100	1	0	10
4h6m	100	1	0	2121
L1	100	1	0	10
4h6m	100	1	0	2121
K1	100	1	0	10
4h6m	100	1	0	2121
J1	100	1	0	10
4h6m	100	1	0	2121
I1	100	1	0	10
4h6m	100	1	0	2121
H1	100	1	0	10
4h6m	100	1	0	2121
G1	100	1	0	10
4h6m	100	1	0	2121
E1	100	1	0	00
5	100	0	0	1
8q	100	1	0	11
5	100	0	0	1
8q	100	1	0	11
5	100	0	0	1
8q	100	1	0	11
V5	100	1	0	10
8q2e	100	1	0	1141
V5	100	1	0	10
8q2e	100	1	0	1141
V5	100	1	0	10
8q2e	100	1	0	1141
V5	100	1	0	10
8q2e	100	1	0	1141
V5	100	1	0	10
8q2e	100	1	0	1141
V5	100	1	0	10
8q2e	100	1	0	1141
V5	100	1	0	10
8q2e	100	1	0	1141
V5	100	1	0	10
8q2e	100	1	0	1141
V5	100	1	0	10
8q2e	100	1	0	1141
U5	100	1	0	10
8q2e	100	1	0	1141
T5	100	1	0	10
8q2e	100	1	0	1141
S5	100	1	0	10
8q2e	100	1	0	1141
R5	100	1	0	10
8q2e	100	1	0	1141
Q5	100	1	0	10
8q2e	100	1	0	1141
P5	100	1	0	10
8q2e	100	1	0	1141
N5	100	1	0	00
1	100	0	0	1
6n	100	1	0	31
1	100	0	0	1
6n	100	1	0	31
1	100	0	0	1
6n	100	1	0	31
M1	100	1	0	10
6n4k	100	1	0	3151
M1	100	1	0	10
6n4k	100	1	0	3151
M1	100	1	0	10
6n4k	100	1	0	3151
M1	100	1	0	10
6n4k	100	1	0	3151
M1	100	1	0	10
6n4k	100	1	0	3151
M1	100	1	0	10
6n4k	100	1	0	3151
M1	100	1	0	10
6n4k	100	1	0	3151
M1	100	1	0	10
6n4k	100	1	0	3151
M1	100	1	0	10
6n4k	100	1	0	3151
L1	100	1	0	10
6n4k	100	1	0	3151
K1	100	1	0	10
6n4k	100	1	0	3151
J1	100	1	0	10
6n4k	100	1	0	3151
I1	100	1	0	10
6n4k	100	1	0	3151
H1	100	1	0	10
6n4k	100	1	0	3151
G1	100	1	0	10
6n4k	100	1	0	3151
E1	100	1	0	00
5	100	0	0	1
8t	100	1	0	41
5	100	0	0	1
8t	100	1	0	41
5	100	0	0	1
8t	100	1	0	41
V5	100	1	0	10
8t2d	100	1	0	4131
V5	100	1	0	10
8t2d	100	1	0	4131
V5	100	1	0	10
8t2d	100	1	0	4131
V5	100	1	0	10
8t2d	100	1	0	4131
V5	100	1	0	10
8t2d	100	1	0	4131
V5	100	1	0	10
8t2d	100	1	0	4131
V5	100	1	0	10
8t2d	100	1	0	4131
V5	100	1	0	10
8t2d	100	1	0	4131
V5	100	1	0	10
8t2d	100	1	0	4131
U5	100	1	0	10
8t2d	100	1	0	4131
T5	100	1	0	10
8t2d	100	1	0	4131
S5	100	1	0	10
8t2d	100	1	0	4131
R5	100	1	0	10
8t2d	100	1	0	4131
Q5	100	1	0	10
8t2d	100	1	0	4131
P5	100	1	0	10
8t2d	100	1	0	4131
N5	100	1	0	00
1	100	0	0	1
6	100	1	0	0
1	100	0	0	1
6	100	1	0	0
1	100	0	0	1
6	100	1	0	0
M1	100	1	0	10
4g6	100	1	0	110
M1	100	1	0	10
4g6	100	1	0	110
M1	100	1	0	10
4g6	100	1	0	110
M1	100	1	0	10
4g6	100	1	0	110
M1	100	1	0	10
4g6	100	1	0	110
M1	100	1	0	10
4g6	100	1	0	110
M1	100	1	0	10
4g6	100	1	0	110
M1	100	1	0	10
4g6	100	1	0	110
M1	100	1	0	10
4g6	100	1	0	110
L1	100	1	0	10
4g6	100	1	0	110
K1	100	1	0	10
4g6	100	1	0	110
J1	100	1	0	10
4g6	100	1	0	110
I1	100	1	0	10
4g6	100	1	0	110
H1	100	1	0	10
4g6	100	1	0	110
G1	100	1	0	10
4g6	100	1	0	110
E1	100	1	0	00
5	100	0	0	1
8s	100	1	0	31
5	100	0	0	1
8s	100	1	0	31
5	100	0	0	1
8s	100	1	0	31
V5	100	1	0	10
8s2	100	1	0	310
V5	100	1	0	10
8s2	100	1	0	310
V5	100	1	0	10
8s2	100	1	0	310
V5	100	1	0	10
8s2	100	1	0	310
V5	100	1	0	10
8s2	100	1	0	310
V5	100	1	0	10
8s2	100	1	0	310
V5	100	1	0	10
8s2	100	1	0	310
V5	100	1	0	10
8s2	100	1	0	310
V5	100	1	0	10
8s2	100	1	0	310
U5	100	1	0	10
8s2	100	1	0	310
T5	100	1	0	10
8s2	100	1	0	310
S5	100	1	0	10
8s2	100	1	0	310
R5	100	1	0	10
8s2	100	1	0	310
Q5	100	1	0	10
8s2	100	1	0	310
P5	100	1	0	10
8s2	100	1	0	310
N5	100	1	0	00
1	100	0	0	1
4k	100	1	0	51
1	100	0	0	1
4k	100	1	0	51
1	100	0	0	1
4k	100	1	0	51
M1	100	1	0	10
4k6m	100	1	0	5121
M1	100	1	0	10
4k6m	100	1	0	5121
M1	100	1	0	10
4k6m	100	1	0	5121
M1	100	1	0	10
4k6m	100	1	0	5121
M1	100	1	0	10
4k6m	100	1	0	5121
M1	100	1	0	10
4k6m	100	1	0	5121
M1	100	1	0	10
4k6m	100	1	0	5121
M1	100	1	0	10
4k6m	100	1	0	5121
M1	100	1	0	10
4k6m	100	1	0	5121
L1	100	1	0	10
4k6m	100	1	0	5121
K1	100	1	0	10
4k6m	100	1	0	5121
J1	100	1	0	10
4k6m	100	1	0	5121
I1	100	1	0	10
4k6m	100	1	0	5121
H1	100	1	0	10
4k6m	100	1	0	5121
G1	100	1	0	10
4k6m	100	1	0	5121
E1	100	1	0	00
5	100	0	0	1
2f	100	1	0	51
5	100	0	0	1
2f	100	1	0	51
5	100	0	0	1
2f	100	1	0	51
V5	100	1	0	10
2f8	100	1	0	510
V5	100	1	0	10
2f8	100	1	0	510
V5	100	1	0	10
2f8	100	1	0	510
V5	100	1	0	10
2f8	100	1	0	510
V5	100	1	0	10
2f8	100	1	0	510
V5	100	1	0	10
2f8	100	1	0	510
V5	100	1	0	10
2f8	100	1	0	510
V5	100	1	0	10
2f8	100	1	0	510
V5	100	1	0	10
2f8	100	1	0	510
U5	100	1	0	10
2f8	100	1	0	510
T5	100	1	0	10
2f8	100	1	0	510
S5	100	1	0	10
2f8	100	1	0	510
R5	100	1	0	10
2f8	100	1	0	510
Q5	100	1	0	10
2f8	100	1	0	510
P5	100	1	0	10
2f8	100	1	0	510
N5	100	1	0	00
1	100	0	0	1
6o	100	1	0	41
1	100	0	0	1
6o	100	1	0	41
1	100	0	0	1
6o	100	1	0	41
M1	100	1	0	10
6o4k	100	1	0	4151
M1	100	1	0	10
6o4k	100	1	0	4151
M1	100	1	0	10
6o4k	100	1	0	4151
M1	100	1	0	10
6o4k	100	1	0	4151
M1	100	1	0	10
6o4k	100	1	0	4151
M1	100	1	0	10
6o4k	100	1	0	4151
M1	100	1	0	10
6o4k	100	1	0	4151
M1	100	1	0	10
6o4k	100	1	0	4151
M1	100	1	0	10
6o4k	100	1	0	4151
L1	100	1	0	10
6o4k	100	1	0	4151
K1	100	1	0	10
6o4k	100	1	0	4151
J1	100	1	0	10
6o4k	100	1	0	4151
I1	100	1	0	10
6o4k	100	1	0	4151
H1	100	1	0	10
6o4k	100	1	0	4151
G1	100	1	0	10
6o4k	100	1	0	4151
E1	100	1	0	00
5	100	0	0	1
2b	100	1	0	11
5	100	0	0	1
2b	100	1	0	11
5	100	0	0	1
2b	100	1	0	11
V5	100	1	0	10
2b8q	100	1	0	1111
V5	100	1	0	10
2b8q	100	1	0	1111
V5	100	1	0	10
2b8q	100	1	0	1111
V5	100	1	0	10
2b8q	100	1	0	1111
V5	100	1	0	10
2b8q	100	1	0	1111
V5	100	1	0	10
2b8q	100	1	0	1111
V5	100	1	0	10
2b8q	100	1	0	1111
V5	100	1	0	10
2b8q	100	1	0	1111
V5	100	1	0	10
2b8q	100	1	0	1111
U5	100	1	0	10
2b8q	100	1	0	1111
T5	100	1	0	10
2b8q	100	1	0	1111
S5	100	1	0	10
2b8q	100	1	0	1111
R5	100	1	0	10
2b8q	100	1	0	1111
Q5	100	1	0	10
2b8q	100	1	0	1111
P5	100	1	0	10
2b8q	100	1	0	1111
N5	100	1	0	00
1	100	0	0	1
4	100	1	0	0
1	100	0	0	1
4	100	1	0	0
1	100	0	0	1
4	100	1	0	0
M1	100	1	0	10
6p4	100	1	0	510
M1	100	1	0	10
6p4	100	1	0	510
M1	100	1	0	10
6p4	100	1	0	510
M1	100	1	0	10
6p4	100	1	0	510
M1	100	1	0	10
6p4	100	1	0	510
M1	100	1	0	10
6p4	100	1	0	510
M1	100	1	0	10
6p4	100	1	0	510
M1	100	1	0	10
6p4	100	1	0	510
M1	100	1	0	10
6p4	100	1	0	510
L1	100	1	0	10
6p4	100	1	0	510
K1	100	1	0	10
6p4	100	1	0	510
J1	100	1	0	10
6p4	100	1	0	510
I1	100	1	0	10
6p4	100	1	0	510
H1	100	1	0	10
6p4	100	1	0	510
G1	100	1	0	10
6p4	100	1	0	510
E1	100	1	0	00
5	100	0	0	1
2c	100	1	0	21
5	100	0	0	1
2c	100	1	0	21
5	100	0	0	1
2c	100	1	0	21
V5	100	1	0	10
2c8q	100	1	0	2111
V5	100	1	0	10
2c8q	100	1	0	2111
V5	100	1	0	10
2c8q	100	1	0	2111
V5	100	1	0	10
2c8q	100	1	0	2111
V5	100	1	0	10
2c8q	100	1	0	2111
V5	100	1	0	10
2c8q	100	1	0	2111
V5	100	1	0	10
2c8q	100	1	0	2111
V5	100	1	0	10
2c8q	100	1	0	2111
V5	100	1	0	10
2c8q	100	1	0	2111
U5	100	1	0	10
2c8q	100	1	0	2111
T5	100	1	0	10
2c8q	100	1	0	2111
S5	100	1	0	10
2c8q	100	1	0	2111
R5	100	1	0	10
2c8q	100	1	0	2111
Q5	100	1	0	10
2c8q	100	1	0	2111
P5	100	1	0	10
2c8q	100	1	0	2111
N5	100	1	0	00
1	100	0	0	1
4k	100	1	0	51
1	100	0	0	1
4k	100	1	0	51
1	100	0	0	1
4k	100	1	0	51
M1	100	1	0	10
4k6p	100	1	0	5151
M1	100	1	0	10
4k6p	100	1	0	5151
M1	100	1	0	10
4k6p	100	1	0	5151
M1	100	1	0	10
4k6p	100	1	0	5151
M1	100	1	0	10
4k6p	100	1	0	5151
M1	100	1	0	10
4k6p	100	1	0	5151
M1	100	1	0	10
4k6p	100	1	0	5151
M1	100	1	0	10
4k6p	100	1	0	5151
M1	100	1	0	10
4k6p	100	1	0	5151
L1	100	1	0	10
4k6p	100	1	0	5151
K1	100	1	0	10
4k6p	100	1	0	5151
J1	100	1	0	10
4k6p	100	1	0	5151
I1	100	1	0	10
4k6p	100	1	0	5151
H1	100	1	0	10
4k6p	100	1	0	5151
G1	100	1	0	10
4k6p	100	1	0	5151
E1	100	1	0	00
5	100	0	0	1
8s	100	1	0	31
5	100	0	0	1
8s	100	1	0	31
5	100	0	0	1
8s	100	1	0	31
V5	100	1	0	10
8s2e	100	1	0	3141
V5	100	1	0	10
8s2e	100	1	0	3141
V5	100	1	0	10
8s2e	100	1	0	3141
V5	100	1	0	10
8s2e	100	1	0	3141
V5	100	1	0	10
8s2e	100	1	0	3141
V5	100	1	0	10
8s2e	100	1	0	3141
V5	100	1	0	10
8s2e	100	1	0	3141
V5	100	1	0	10
8s2e	100	1	0	3141
V5	100	1	0	10
8s2e	100	1	0	3141
U5	100	1	0	10
8s2e	100	1	0	3141
T5	100	1	0	10
8s2e	100	1	0	3141
S5	100	1	0	10
8s2e	100	1	0	3141
R5	100	1	0	10
8s2e	100	1	0	3141
Q5	100	1	0	10
8s2e	100	1	0	3141
P5	100	1	0	10
8s2e	100	1	0	3141
N5	100	1	0	00
1	100	0	0	1
4g	100	1	0	11
1	100	0	0	1
4g	100	1	0	11
1	100	0	0	1
4g	100	1	0	11
M1	100	1	0	10
4g6o	100	1	0	1141
M1	100	1	0	10
4g6o	100	1	0	1141
M1	100	1	0	10
4g6o	100	1	0	1141
M1	100	1	0	10
4g6o	100	1	0	1141
M1	100	1	0	10
4g6o	100	1	0	1141
M1	100	1	0	10
4g6o	100	1	0	1141
M1	100	1	0	10
4g6o	100	1	0	1141
M1	100	1	0	10
4g6o	100	1	0	1141
M1	100	1	0	10
4g6o	100	1	0	1141
L1	100	1	0	10
4g6o	100	1	0	1141
K1	100	1	0	10
4g6o	100	1	0	1141
J1	100	1	0	10
4g6o	100	1	0	1141
I1	100	1	0	10
4g6o	100	1	0	1141
H1	100	1	0	10
4g6o	100	1	0	1141
G1	100	1	0	10
4g6o	100	1	0	1141
E1	100	1	0	00
5	100	0	0	1
2c	100	1	0	21
5	100	0	0	1
2c	100	1	0	21
5	100	0	0	1
2c	100	1	0	21
V5	100	1	0	10
2c8r	100	1	0	2121
V5	100	1	0	10
2c8r	100	1	0	2121
V5	100	1	0	10
2c8r	100	1	0	2121
V5	100	1	0	10
2c8r	100	1	0	2121
V5	100	1	0	10
2c8r	100	1	0	2121
V5	100	1	0	10
2c8r	100	1	0	2121
V5	100	1	0	10
2c8r	100	1	0	2121
V5	100	1	0	10
2c8r	100	1	0	2121
V5	100	1	0	10
2c8r	100	1	0	2121
U5	100	1	0	10
2c8r	100	1	0	2121
T5	100	1	0	10
2c8r	100	1	0	2121
S5	100	1	0	10
2c8r	100	1	0	2121
R5	100	1	0	10
2c8r	100	1	0	2121
Q5	100	1	0	10
2c8r	100	1	0	2121
P5	100	1	0	10
2c8r	100	1	0	2121
N5	100	1	0	00
1	100	0	0	1
4j	100	1	0	41
1	100	0	0	1
4j	100	1	0	41
1	100	0	0	1
4j	100	1	0	41
M1	100	1	0	10
4j6n	100	1	0	4131
M1	100	1	0	10
4j6n	100	1	0	4131
M1	100	1	0	10
4j6n	100	1	0	4131
M1	100	1	0	10
4j6n	100	1	0	4131
M1	100	1	0	10
4j6n	100	1	0	4131
M1	100	1	0	10
4j6n	100	1	0	4131
M1	100	1	0	10
4j6n	100	1	0	4131
M1	100	1	0	10
4j6n	100	1	0	4131
M1	100	1	0	10
4j6n	100	1	0	4131
L1	100	1	0	10
4j6n	100	1	0	4131
K1	100	1	0	10
4j6n	100	1	0	4131
J1	100	1	0	10
4j6n	100	1	0	4131
I1	100	1	0	10
4j6n	100	1	0	4131
H1	100	1	0	10
4j6n	100	1	0	4131
G1	100	1	0	10
4j6n	100	1	0	4131
E1	100	1	0	00
5	100	0	0	1
2	100	1	0	0
5	100	0	0	1
2	100	1	0	0
5	100	0	0	1
2	100	1	0	0
V5	100	1	0	10
82	100	1	0	00
V5	100	1	0	10
82	100	1	0	00
V5	100	1	0	10
82	100	1	0	00
V5	100	1	0	10
82	100	1	0	00
V5	100	1	0	10
82	100	1	0	00
V5	100	1	0	10
82	100	1	0	00
V5	100	1	0	10
82	100	1	0	00
V5	100	1	0	10
82	100	1	0	00
V5	100	1	0	10
82	100	1	0	00
U5	100	1	0	10
82	100	1	0	00
T5	100	1	0	10
82	100	1	0	00
S5	100	1	0	10
82	100	1	0	00
R5	100	1	0	10
82	100	1	0	00
Q5	100	1	0	10
82	100	1	0	00
P5	100	1	0	10
82	100	1	0	00
N5	100	1	0	00
1	100	0	0	1
6p	100	1	0	51
1	100	0	0	1
6p	100	1	0	51
1	100	0	0	1
6p	100	1	0	51
M1	100	1	0	10
6p4j	100	1	0	5141
M1	100	1	0	10
6p4j	100	1	0	5141
M1	100	1	0	10
6p4j	100	1	0	5141
M1	100	1	0	10
6p4j	100	1	0	5141
M1	100	1	0	10
6p4j	100	1	0	5141
M1	100	1	0	10
6p4j	100	1	0	5141
M1	100	1	0	10
6p4j	100	1	0	5141
M1	100	1	0	10
6p4j	100	1	0	5141
M1	100	1	0	10
6p4j	100	1	0	5141
L1	100	1	0	10
6p4j	100	1	0	5141
K1	100	1	0	10
6p4j	100	1	0	5141
J1	100	1	0	10
6p4j	100	1	0	5141
I1	100	1	0	10
6p4j	100	1	0	5141
H1	100	1	0	10
6p4j	100	1	0	5141
G1	100	1	0	10
6p4j	100	1	0	5141
E1	100	1	0	00
5	100	0	0	1
2e	100	1	0	41
5	100	0	0	1
2e	100	1	0	41
5	100	0	0	1
2e	100	1	0	41
V5	100	1	0	10
2e8q	100	1	0	4111
V5	100	1	0	10
2e8q	100	1	0	4111
V5	100	1	0	10
2e8q	100	1	0	4111
V5	100	1	0	10
2e8q	100	1	0	4111
V5	100	1	0	10
2e8q	100	1	0	4111
V5	100	1	0	10
2e8q	100	1	0	4111
V5	100	1	0	10
2e8q	100	1	0	4111
V5	100	1	0	10
2e8q	100	1	0	4111
V5	100	1	0	10
2e8q	100	1	0	4111
U5	100	1	0	10
2e8q	100	1	0	4111
T5	100	1	0	10
2e8q	100	1	0	4111
S5	100	1	0	10
2e8q	100	1	0	4111
R5	100	1	0	10
2e8q	100	1	0	4111
Q5	100	1	0	10
2e8q	100	1	0	4111
P5	100	1	0	10
2e8q	100	1	0	4111
N5	100	1	0	00
1	100	0	0	1
4h	100	1	0	21
1	100	0	0	1
4h	100	1	0	21
1	100	0	0	1
4h	100	1	0	21
M1	100	1	0	10
4h6p	100	1	0	2151
M1	100	1	0	10
4h6p	100	1	0	2151
M1	100	1	0	10
4h6p	100	1	0	2151
M1	100	1	0	10
4h6p	100	1	0	2151
M1	100	1	0	10
4h6p	100	1	0	2151
M1	100	1	0	10
4h6p	100	1	0	2151
M1	100	1	0	10
4h6p	100	1	0	2151
M1	100	1	0	10
4h6p	100	1	0	2151
M1	100	1	0	10
4h6p	100	1	0	2151
L1	100	1	0	10
4h6p	100	1	0	2151
K1	100	1	0	10
4h6p	100	1	0	2151
J1	100	1	0	10
4h6p	100	1	0	2151
I1	100	1	0	10
4h6p	100	1	0	2151
H1	100	1	0	10
4h6p	100	1	0	2151
G1	100	1	0	10
4h6p	100	1	0	2151
E1	100	1	0	00
5	100	0	0	1
2b	100	1	0	11
5	100	0	0	1
2b	100	1	0	11
5	100	0	0	1
2b	100	1	0	11
V5	100	1	0	10
2b8u	100	1	0	1151
V5	100	1	0	10
2b8u	100	1	0	1151
V5	100	1	0	10
2b8u	100	1	0	1151
V5	100	1	0	10
2b8u	100	1	0	1151
V5	100	1	0	10
2b8u	100	1	0	1151
V5	100	1	0	10
2b8u	100	1	0	1151
V5	100	1	0	10
2b8u	100	1	0	1151
V5	100	1	0	10
2b8u	100	1	0	1151
V5	100	1	0	10
2b8u	100	1	0	1151
U5	100	1	0	10
2b8u	100	1	0	1151
T5	100	1	0	10
2b8u	100	1	0	1151
S5	100	1	0	10
2b8u	100	1	0	1151
R5	100	1	0	10
2b8u	100	1	0	1151
Q5	100	1	0	10
2b8u	100	1	0	1151
P5	100	1	0	10
2b8u	100	1	0	1151
N5	100	1	0	00
1	100	0	0	1
4	100	1	0	0
1	100	0	0	1
4	100	1	0	0
1	100	0	0	1
4	100	1	0	0
M1	100	1	0	10
6p4	100	1	0	510
M1	100	1	0	10
6p4	100	1	0	510
M1	100	1	0	10
6p4	100	1	0	510
M1	100	1	0	10
6p4	100	1	0	510
M1	100	1	0	10
6p4	100	1	0	510
M1	100	1	0	10
6p4	100	1	0	510
M1	100	1	0	10
6p4	100	1	0	510
M1	100	1	0	10
6p4	100	1	0	510
M1	100	1	0	10
6p4	100	1	0	510
L1	100	1	0	10
6p4	100	1	0	510
K1	100	1	0	10
6p4	100	1	0	510
J1	100	1	0	10
6p4	100	1	0	510
I1	100	1	0	10
6p4	100	1	0	510
H1	100	1	0	10
6p4	100	1	0	510
G1	100	1	0	10
6p4	100	1	0	510
E1	100	1	0	00
5	100	0	0	1
2d	100	1	0	31
5	100	0	0	1
2d	100	1	0	31
5	100	0	0	1
2d	100	1	0	31
V5	100	1	0	10
2d8u	100	1	0	3151
V5	100	1	0	10
2d8u	100	1	0	3151
V5	100	1	0	10
2d8u	100	1	0	3151
V5	100	1	0	10
2d8u	100	1	0	3151
V5	100	1	0	10
2d8u	100	1	0	3151
V5	100	1	0	10
2d8u	100	1	0	3151
V5	100	1	0	10
2d8u	100	1	0	3151
V5	100	1	0	10
2d8u	100	1	0	3151
V5	100	1	0	10
2d8u	100	1	0	3151
U5	100	1	0	10
2d8u	100	1	0	3151
T5	100	1	0	10
2d8u	100	1	0	3151
S5	100	1	0	10
2d8u	100	1	0	3151
R5	100	1	0	10
2d8u	100	1	0	3151
Q5	100	1	0	10
2d8u	100	1	0	3151
P5	100	1	0	10
2d8u	100	1	0	3151
N5	100	1	0	00
