1	1	0
9	0	0	0	0
N5	100	1	0	00
I1	100	1	0	10
4k6	100	1	0	510
H1	100	1	0	10
4k6	100	1	0	510
G1	100	1	0	10
4k6	100	1	0	510
F1	100	1	0	00
W5	100	1	0	10
8r2b	100	1	0	2111
V5	100	1	0	10
8r2b	100	1	0	2111
U5	100	1	0	10
8r2b	100	1	0	2111
T5	100	1	0	10
8r2b	100	1	0	2111
S5	100	1	0	10
8r2b	100	1	0	2111
R5	100	1	0	10
8r2b	100	1	0	2111
Q5	100	1	0	10
8r2b	100	1	0	2111
P5	100	1	0	10
8r2b	100	1	0	2111
N5	100	1	0	00
I1	100	1	0	10
6p4	100	1	0	510
H1	100	1	0	10
6p4	100	1	0	510
G1	100	1	0	10
6p4	100	1	0	510
F1	100	1	0	00
W5	100	1	0	10
2c8u	100	1	0	2151
V5	100	1	0	10
2c8u	100	1	0	2151
U5	100	1	0	10
2c8u	100	1	0	2151
T5	100	1	0	10
2c8u	100	1	0	2151
S5	100	1	0	10
2c8u	100	1	0	2151
R5	100	1	0	10
2c8u	100	1	0	2151
Q5	100	1	0	10
2c8u	100	1	0	2151
P5	100	1	0	10
2c8u	100	1	0	2151
N5	100	1	0	00
I1	100	1	0	10
6m4	100	1	0	210
H1	100	1	0	10
6m4	100	1	0	210
G1	100	1	0	10
6m4	100	1	0	210
F1	100	1	0	00
W5	100	1	0	10
2b8s	100	1	0	1131
V5	100	1	0	10
2b8s	100	1	0	1131
U5	100	1	0	10
2b8s	100	1	0	1131
T5	100	1	0	10
2b8s	100	1	0	1131
S5	100	1	0	10
2b8s	100	1	0	1131
R5	100	1	0	10
2b8s	100	1	0	1131
Q5	100	1	0	10
2b8s	100	1	0	1131
P5	100	1	0	10
2b8s	100	1	0	1131
N5	100	1	0	00
I1	100	1	0	10
4i6p	100	1	0	3151
H1	100	1	0	10
4i6p	100	1	0	3151
G1	100	1	0	10
4i6p	100	1	0	3151
F1	100	1	0	00
W5	100	1	0	10
2e8r	100	1	0	4121
V5	100	1	0	10
2e8r	100	1	0	4121
U5	100	1	0	10
2e8r	100	1	0	4121
T5	100	1	0	10
2e8r	100	1	0	4121
S5	100	1	0	10
2e8r	100	1	0	4121
R5	100	1	0	10
2e8r	100	1	0	4121
Q5	100	1	0	10
2e8r	100	1	0	4121
P5	100	1	0	10
2e8r	100	1	0	4121
N5	100	1	0	00
I1	100	1	0	10
6n4h	100	1	0	3121
H1	100	1	0	10
6n4h	100	1	0	3121
G1	100	1	0	10
6n4h	100	1	0	3121
F1	100	1	0	00
W5	100	1	0	10
8r2	100	1	0	210
V5	100	1	0	10
8r2	100	1	0	210
U5	100	1	0	10
8r2	100	1	0	210
T5	100	1	0	10
8r2	100	1	0	210
S5	100	1	0	10
8r2	100	1	0	210
R5	100	1	0	10
8r2	100	1	0	210
Q5	100	1	0	10
8r2	100	1	0	210
P5	100	1	0	10
8r2	100	1	0	210
N5	100	1	0	00
I1	100	1	0	10
4g6m	100	1	0	1121
H1	100	1	0	10
4g6m	100	1	0	1121
G1	100	1	0	10
4g6m	100	1	0	1121
F1	100	1	0	00
W5	100	1	0	10
8t2b	100	1	0	4111
V5	100	1	0	10
8t2b	100	1	0	4111
U5	100	1	0	10
8t2b	100	1	0	4111
T5	100	1	0	10
8t2b	100	1	0	4111
S5	100	1	0	10
8t2b	100	1	0	4111
R5	100	1	0	10
8t2b	100	1	0	4111
Q5	100	1	0	10
8t2b	100	1	0	4111
P5	100	1	0	10
8t2b	100	1	0	4111
N5	100	1	0	00
I1	100	1	0	10
4j6p	100	1	0	4151
H1	100	1	0	10
4j6p	100	1	0	4151
G1	100	1	0	10
4j6p	100	1	0	4151
F1	100	1	0	00
W5	100	1	0	10
8u2d	100	1	0	5131
V5	100	1	0	10
8u2d	100	1	0	5131
U5	100	1	0	10
8u2d	100	1	0	5131
T5	100	1	0	10
8u2d	100	1	0	5131
S5	100	1	0	10
8u2d	100	1	0	5131
R5	100	1	0	10
8u2d	100	1	0	5131
Q5	100	1	0	10
8u2d	100	1	0	5131
P5	100	1	0	10
8u2d	100	1	0	5131
N5	100	1	0	00
I1	100	1	0	10
6m4i	100	1	0	2131
H1	100	1	0	10
6m4i	100	1	0	2131
G1	100	1	0	10
6m4i	100	1	0	2131
F1	100	1	0	00
W5	100	1	0	10
8r2b	100	1	0	2111
V5	100	1	0	10
8r2b	100	1	0	2111
U5	100	1	0	10
8r2b	100	1	0	2111
T5	100	1	0	10
8r2b	100	1	0	2111
S5	100	1	0	10
8r2b	100	1	0	2111
R5	100	1	0	10
8r2b	100	1	0	2111
Q5	100	1	0	10
8r2b	100	1	0	2111
P5	100	1	0	10
8r2b	100	1	0	2111
N5	100	1	0	00
I1	100	1	0	10
6n4	100	1	0	310
H1	100	1	0	10
6n4	100	1	0	310
G1	100	1	0	10
6n4	100	1	0	310
F1	100	1	0	00
W5	100	1	0	10
8q2c	100	1	0	1121
V5	100	1	0	10
8q2c	100	1	0	1121
U5	100	1	0	10
8q2c	100	1	0	1121
T5	100	1	0	10
8q2c	100	1	0	1121
S5	100	1	0	10
8q2c	100	1	0	1121
R5	100	1	0	10
8q2c	100	1	0	1121
Q5	100	1	0	10
8q2c	100	1	0	1121
P5	100	1	0	10
8q2c	100	1	0	1121
N5	100	1	0	00
I1	100	1	0	10
6l4j	100	1	0	1141
H1	100	1	0	10
6l4j	100	1	0	1141
G1	100	1	0	10
6l4j	100	1	0	1141
F1	100	1	0	00
W5	100	1	0	10
8s2	100	1	0	310
V5	100	1	0	10
8s2	100	1	0	310
U5	100	1	0	10
8s2	100	1	0	310
T5	100	1	0	10
8s2	100	1	0	310
S5	100	1	0	10
8s2	100	1	0	310
R5	100	1	0	10
8s2	100	1	0	310
Q5	100	1	0	10
8s2	100	1	0	310
P5	100	1	0	10
8s2	100	1	0	310
N5	100	1	0	00
I1	100	1	0	10
6p4i	100	1	0	5131
H1	100	1	0	10
6p4i	100	1	0	5131
G1	100	1	0	10
6p4i	100	1	0	5131
F1	100	1	0	00
W5	100	1	0	10
2e8s	100	1	0	4131
V5	100	1	0	10
2e8s	100	1	0	4131
U5	100	1	0	10
2e8s	100	1	0	4131
T5	100	1	0	10
2e8s	100	1	0	4131
S5	100	1	0	10
2e8s	100	1	0	4131
R5	100	1	0	10
2e8s	100	1	0	4131
Q5	100	1	0	10
2e8s	100	1	0	4131
P5	100	1	0	10
2e8s	100	1	0	4131
N5	100	1	0	00
I1	100	1	0	10
4i6p	100	1	0	3151
H1	100	1	0	10
4i6p	100	1	0	3151
G1	100	1	0	10
4i6p	100	1	0	3151
F1	100	1	0	00
W5	100	1	0	10
2d8	100	1	0	310
V5	100	1	0	10
2d8	100	1	0	310
U5	100	1	0	10
2d8	100	1	0	310
T5	100	1	0	10
2d8	100	1	0	310
S5	100	1	0	10
2d8	100	1	0	310
R5	100	1	0	10
2d8	100	1	0	310
Q5	100	1	0	10
2d8	100	1	0	310
P5	100	1	0	10
2d8	100	1	0	310
N5	100	1	0	00
I1	100	1	0	10
6m4g	100	1	0	2111
H1	100	1	0	10
6m4g	100	1	0	2111
G1	100	1	0	10
6m4g	100	1	0	2111
F1	100	1	0	00
W5	100	1	0	10
8q2b	100	1	0	1111
V5	100	1	0	10
8q2b	100	1	0	1111
U5	100	1	0	10
8q2b	100	1	0	1111
T5	100	1	0	10
8q2b	100	1	0	1111
S5	100	1	0	10
8q2b	100	1	0	1111
R5	100	1	0	10
8q2b	100	1	0	1111
Q5	100	1	0	10
8q2b	100	1	0	1111
P5	100	1	0	10
8q2b	100	1	0	1111
N5	100	1	0	00
I1	100	1	0	10
4k6	100	1	0	510
H1	100	1	0	10
4k6	100	1	0	510
G1	100	1	0	10
4k6	100	1	0	510
F1	100	1	0	00
W5	100	1	0	10
2b8r	100	1	0	1121
V5	100	1	0	10
2b8r	100	1	0	1121
U5	100	1	0	10
2b8r	100	1	0	1121
T5	100	1	0	10
2b8r	100	1	0	1121
S5	100	1	0	10
2b8r	100	1	0	1121
R5	100	1	0	10
2b8r	100	1	0	1121
Q5	100	1	0	10
2b8r	100	1	0	1121
P5	100	1	0	10
2b8r	100	1	0	1121
N5	100	1	0	00
I1	100	1	0	10
6p4	100	1	0	510
H1	100	1	0	10
6p4	100	1	0	510
G1	100	1	0	10
6p4	100	1	0	510
F1	100	1	0	00
W5	100	1	0	10
2c8	100	1	0	210
V5	100	1	0	10
2c8	100	1	0	210
U5	100	1	0	10
2c8	100	1	0	210
T5	100	1	0	10
2c8	100	1	0	210
S5	100	1	0	10
2c8	100	1	0	210
R5	100	1	0	10
2c8	100	1	0	210
Q5	100	1	0	10
2c8	100	1	0	210
P5	100	1	0	10
2c8	100	1	0	210
N5	100	1	0	00
I1	100	1	0	10
6n4k	100	1	0	3151
H1	100	1	0	10
6n4k	100	1	0	3151
G1	100	1	0	10
6n4k	100	1	0	3151
F1	100	1	0	00
W5	100	1	0	10
8t2b	100	1	0	4111
V5	100	1	0	10
8t2b	100	1	0	4111
U5	100	1	0	10
8t2b	100	1	0	4111
T5	100	1	0	10
8t2b	100	1	0	4111
S5	100	1	0	10
8t2b	100	1	0	4111
R5	100	1	0	10
8t2b	100	1	0	4111
Q5	100	1	0	10
8t2b	100	1	0	4111
P5	100	1	0	10
8t2b	100	1	0	4111
N5	100	1	0	00
I1	100	1	0	10
4h6	100	1	0	210
H1	100	1	0	10
4h6	100	1	0	210
G1	100	1	0	10
4h6	100	1	0	210
F1	100	1	0	00
W5	100	1	0	10
8r2b	100	1	0	2111
V5	100	1	0	10
8r2b	100	1	0	2111
U5	100	1	0	10
8r2b	100	1	0	2111
T5	100	1	0	10
8r2b	100	1	0	2111
S5	100	1	0	10
8r2b	100	1	0	2111
R5	100	1	0	10
8r2b	100	1	0	2111
Q5	100	1	0	10
8r2b	100	1	0	2111
P5	100	1	0	10
8r2b	100	1	0	2111
N5	100	1	0	00
I1	100	1	0	10
4i6l	100	1	0	3111
H1	100	1	0	10
4i6l	100	1	0	3111
G1	100	1	0	10
4i6l	100	1	0	3111
F1	100	1	0	00
W5	100	1	0	10
2e8t	100	1	0	4141
V5	100	1	0	10
2e8t	100	1	0	4141
U5	100	1	0	10
2e8t	100	1	0	4141
T5	100	1	0	10
2e8t	100	1	0	4141
S5	100	1	0	10
2e8t	100	1	0	4141
R5	100	1	0	10
2e8t	100	1	0	4141
Q5	100	1	0	10
2e8t	100	1	0	4141
P5	100	1	0	10
2e8t	100	1	0	4141
N5	100	1	0	00
I1	100	1	0	10
6l4j	100	1	0	1141
H1	100	1	0	10
6l4j	100	1	0	1141
G1	100	1	0	10
6l4j	100	1	0	1141
F1	100	1	0	00
W5	100	1	0	10
2f8t	100	1	0	5141
V5	100	1	0	10
2f8t	100	1	0	5141
U5	100	1	0	10
2f8t	100	1	0	5141
T5	100	1	0	10
2f8t	100	1	0	5141
S5	100	1	0	10
2f8t	100	1	0	5141
R5	100	1	0	10
2f8t	100	1	0	5141
Q5	100	1	0	10
2f8t	100	1	0	5141
P5	100	1	0	10
2f8t	100	1	0	5141
N5	100	1	0	00
I1	100	1	0	10
4j6m	100	1	0	4121
H1	100	1	0	10
4j6m	100	1	0	4121
G1	100	1	0	10
4j6m	100	1	0	4121
F1	100	1	0	00
W5	100	1	0	10
8r2	100	1	0	210
V5	100	1	0	10
8r2	100	1	0	210
U5	100	1	0	10
8r2	100	1	0	210
T5	100	1	0	10
8r2	100	1	0	210
S5	100	1	0	10
8r2	100	1	0	210
R5	100	1	0	10
8r2	100	1	0	210
Q5	100	1	0	10
8r2	100	1	0	210
P5	100	1	0	10
8r2	100	1	0	210
N5	100	1	0	00
I1	100	1	0	10
4g6n	100	1	0	1131
H1	100	1	0	10
4g6n	100	1	0	1131
G1	100	1	0	10
4g6n	100	1	0	1131
F1	100	1	0	00
W5	100	1	0	10
2e8t	100	1	0	4141
V5	100	1	0	10
2e8t	100	1	0	4141
U5	100	1	0	10
2e8t	100	1	0	4141
T5	100	1	0	10
2e8t	100	1	0	4141
S5	100	1	0	10
2e8t	100	1	0	4141
R5	100	1	0	10
2e8t	100	1	0	4141
Q5	100	1	0	10
2e8t	100	1	0	4141
P5	100	1	0	10
2e8t	100	1	0	4141
N5	100	1	0	00
I1	100	1	0	10
6p4	100	1	0	510
H1	100	1	0	10
6p4	100	1	0	510
G1	100	1	0	10
6p4	100	1	0	510
F1	100	1	0	00
W5	100	1	0	10
8s2f	100	1	0	3151
V5	100	1	0	10
8s2f	100	1	0	3151
U5	100	1	0	10
8s2f	100	1	0	3151
T5	100	1	0	10
8s2f	100	1	0	3151
S5	100	1	0	10
8s2f	100	1	0	3151
R5	100	1	0	10
8s2f	100	1	0	3151
Q5	100	1	0	10
8s2f	100	1	0	3151
P5	100	1	0	10
8s2f	100	1	0	3151
N5	100	1	0	00
I1	100	1	0	10
4k6l	100	1	0	5111
H1	100	1	0	10
4k6l	100	1	0	5111
G1	100	1	0	10
4k6l	100	1	0	5111
F1	100	1	0	00
W5	100	1	0	10
2c8u	100	1	0	2151
V5	100	1	0	10
2c8u	100	1	0	2151
U5	100	1	0	10
2c8u	100	1	0	2151
T5	100	1	0	10
2c8u	100	1	0	2151
S5	100	1	0	10
2c8u	100	1	0	2151
R5	100	1	0	10
2c8u	100	1	0	2151
Q5	100	1	0	10
2c8u	100	1	0	2151
P5	100	1	0	10
2c8u	100	1	0	2151
N5	100	1	0	00
I1	100	1	0	10
6n4i	100	1	0	3131
H1	100	1	0	10
6n4i	100	1	0	3131
G1	100	1	0	10
6n4i	100	1	0	3131
F1	100	1	0	00
W5	100	1	0	10
8r2	100	1	0	210
V5	100	1	0	10
8r2	100	1	0	210
U5	100	1	0	10
8r2	100	1	0	210
T5	100	1	0	10
8r2	100	1	0	210
S5	100	1	0	10
8r2	100	1	0	210
R5	100	1	0	10
8r2	100	1	0	210
Q5	100	1	0	10
8r2	100	1	0	210
P5	100	1	0	10
8r2	100	1	0	210
N5	100	1	0	00
I1	100	1	0	10
6o4h	100	1	0	4121
H1	100	1	0	10
6o4h	100	1	0	4121
G1	100	1	0	10
6o4h	100	1	0	4121
F1	100	1	0	00
W5	100	1	0	10
2e8	100	1	0	410
V5	100	1	0	10
2e8	100	1	0	410
U5	100	1	0	10
2e8	100	1	0	410
T5	100	1	0	10
2e8	100	1	0	410
S5	100	1	0	10
2e8	100	1	0	410
R5	100	1	0	10
2e8	100	1	0	410
Q5	100	1	0	10
2e8	100	1	0	410
P5	100	1	0	10
2e8	100	1	0	410
N5	100	1	0	00
I1	100	1	0	10
6l4	100	1	0	110
H1	100	1	0	10
6l4	100	1	0	110
G1	100	1	0	10
6l4	100	1	0	110
F1	100	1	0	00
W5	100	1	0	10
2c8s	100	1	0	2131
V5	100	1	0	10
2c8s	100	1	0	2131
U5	100	1	0	10
2c8s	100	1	0	2131
T5	100	1	0	10
2c8s	100	1	0	2131
S5	100	1	0	10
2c8s	100	1	0	2131
R5	100	1	0	10
2c8s	100	1	0	2131
Q5	100	1	0	10
2c8s	100	1	0	2131
P5	100	1	0	10
2c8s	100	1	0	2131
N5	100	1	0	00
I1	100	1	0	10
4i6l	100	1	0	3111
H1	100	1	0	10
4i6l	100	1	0	3111
G1	100	1	0	10
4i6l	100	1	0	3111
F1	100	1	0	00
W5	100	1	0	10
8r2	100	1	0	210
V5	100	1	0	10
8r2	100	1	0	210
U5	100	1	0	10
8r2	100	1	0	210
T5	100	1	0	10
8r2	100	1	0	210
S5	100	1	0	10
8r2	100	1	0	210
R5	100	1	0	10
8r2	100	1	0	210
Q5	100	1	0	10
8r2	100	1	0	210
P5	100	1	0	10
8r2	100	1	0	210
N5	100	1	0	00
I1	100	1	0	10
4h6	100	1	0	210
H1	100	1	0	10
4h6	100	1	0	210
G1	100	1	0	10
4h6	100	1	0	210
F1	100	1	0	00
W5	100	1	0	10
8t2	100	1	0	410
V5	100	1	0	10
8t2	100	1	0	410
U5	100	1	0	10
8t2	100	1	0	410
T5	100	1	0	10
8t2	100	1	0	410
S5	100	1	0	10
8t2	100	1	0	410
R5	100	1	0	10
8t2	100	1	0	410
Q5	100	1	0	10
8t2	100	1	0	410
P5	100	1	0	10
8t2	100	1	0	410
N5	100	1	0	00
I1	100	1	0	10
6n4h	100	1	0	3121
H1	100	1	0	10
6n4h	100	1	0	3121
G1	100	1	0	10
6n4h	100	1	0	3121
F1	100	1	0	00
W5	100	1	0	10
8u2f	100	1	0	5151
V5	100	1	0	10
8u2f	100	1	0	5151
U5	100	1	0	10
8u2f	100	1	0	5151
T5	100	1	0	10
8u2f	100	1	0	5151
S5	100	1	0	10
8u2f	100	1	0	5151
R5	100	1	0	10
8u2f	100	1	0	5151
Q5	100	1	0	10
8u2f	100	1	0	5151
P5	100	1	0	10
8u2f	100	1	0	5151
N5	100	1	0	00
I1	100	1	0	10
4g6	100	1	0	110
H1	100	1	0	10
4g6	100	1	0	110
G1	100	1	0	10
4g6	100	1	0	110
F1	100	1	0	00
W5	100	1	0	10
2f8u	100	1	0	5151
V5	100	1	0	10
2f8u	100	1	0	5151
U5	100	1	0	10
2f8u	100	1	0	5151
T5	100	1	0	10
2f8u	100	1	0	5151
S5	100	1	0	10
2f8u	100	1	0	5151
R5	100	1	0	10
2f8u	100	1	0	5151
Q5	100	1	0	10
2f8u	100	1	0	5151
P5	100	1	0	10
2f8u	100	1	0	5151
N5	100	1	0	00
