Ver1.3	1096255695	StartFile	12/22/2020	10:55:34 AM	E:\BehavioralExperiments\Rizzo\Horizon\Rawdata\122220\SoundData.txt	1096255695
1096576848	Triggered	5,23,24,25,26,27,28,29,30,31,	 NoSound	40	2	1096576848
1096577049	Triggered	5,23,24,25,26,27,28,29,30,31,	 StopSoundShort	40	2	1096577050
1096594657	Triggered	1,14,15,16,17,18,19,20,21,22,	 NoSound	40	2	1096594657
1096600319	Triggered	6,47,48,49,50,51,	 NoSound	40	2	1096600319
1096600521	Triggered	6,47,48,49,50,51,	 File_beep2	40	2	1096600521
1096615896	Triggered	1,14,15,16,17,18,19,20,21,22,	 NoSound	40	2	1096615896
1096621612	Triggered	6,47,48,49,50,51,	 NoSound	40	2	1096621612
1096621814	Triggered	6,47,48,49,50,51,	 File_beep4	40	2	1096621814
1096638278	Triggered	1,14,15,16,17,18,19,20,21,22,	 NoSound	40	2	1096638278
1096642850	Triggered	6,47,48,49,50,51,	 NoSound	40	2	1096642850
1096643052	Triggered	6,47,48,49,50,51,	 File_beep5	40	2	1096643052
1096655792	Triggered	1,14,15,16,17,18,19,20,21,22,	 NoSound	40	2	1096655792
1096655995	Triggered	1,14,15,16,17,18,19,20,21,22,	 PureTone-9kHz	40	2	1096655995
1096659517	Triggered	6,47,48,49,50,51,	 NoSound	40	2	1096659517
1096659717	Triggered	6,47,48,49,50,51,	 File_beep2	40	2	1096659717
1096667519	Triggered	1,14,15,16,17,18,19,20,21,22,	 NoSound	40	2	1096667519
1096667724	Triggered	1,14,15,16,17,18,19,20,21,22,	 PureTone-7kHz	40	2	1096667724
1096671007	Triggered	6,47,48,49,50,51,	 NoSound	40	2	1096671007
1096671220	Triggered	6,47,48,49,50,51,	 File_beep5	40	2	1096671220
1096682921	Triggered	1,14,15,16,17,18,19,20,21,22,	 NoSound	40	2	1096682921
1096683124	Triggered	1,14,15,16,17,18,19,20,21,22,	 PureTone-5kHz	40	2	1096683124
1096685988	Triggered	6,47,48,49,50,51,	 NoSound	40	2	1096685988
1096686190	Triggered	6,47,48,49,50,51,	 File_beep2	40	2	1096686190
1096695436	Triggered	1,14,15,16,17,18,19,20,21,22,	 NoSound	40	2	1096695436
1096695639	Triggered	1,14,15,16,17,18,19,20,21,22,	 PureTone-3kHz	40	2	1096695639
1096698865	Triggered	6,47,48,49,50,51,	 NoSound	40	2	1096698865
1096699067	Triggered	6,47,48,49,50,51,	 File_beep2	40	2	1096699067
1096708009	Triggered	1,14,15,16,17,18,19,20,21,22,	 NoSound	40	2	1096708009
1096708213	Triggered	1,14,15,16,17,18,19,20,21,22,	 PureTone-2kHz	40	2	1096708213
1096711138	Triggered	6,47,48,49,50,51,	 NoSound	40	2	1096711138
1096711342	Triggered	6,47,48,49,50,51,	 File_beep4	40	2	1096711342
1096722269	Triggered	1,14,15,16,17,18,19,20,21,22,	 NoSound	40	2	1096722269
1096722471	Triggered	1,14,15,16,17,18,19,20,21,22,	 PureTone-1kHz	40	2	1096722471
1096725878	Triggered	6,47,48,49,50,51,	 NoSound	40	2	1096725878
1096726081	Triggered	6,47,48,49,50,51,	 File_beep5	40	2	1096726081
1096738573	Triggered	1,14,15,16,17,18,19,20,21,22,	 NoSound	40	2	1096738573
1096738784	Triggered	1,14,15,16,17,18,19,20,21,22,	 StopSoundShort	40	2	1096738784
1096753916	Triggered	5,23,24,25,26,27,28,29,30,31,	 NoSound	40	2	1096753916
1096756865	Triggered	8,52,53,54,55,56,	 NoSound	40	2	1096756865
1096757068	Triggered	8,52,53,54,55,56,	 File_beep4	40	2	1096757068
1096766430	Triggered	5,23,24,25,26,27,28,29,30,31,	 NoSound	40	2	1096766430
1096769629	Triggered	8,52,53,54,55,56,	 NoSound	40	2	1096769629
1096769830	Triggered	8,52,53,54,55,56,	 File_beep3	40	2	1096769830
1096780028	Triggered	5,23,24,25,26,27,28,29,30,31,	 NoSound	40	2	1096780028
1096782796	Triggered	8,52,53,54,55,56,	 NoSound	40	2	1096782796
1096782996	Triggered	8,52,53,54,55,56,	 File_beep1	40	2	1096782996
1096788932	Triggered	5,23,24,25,26,27,28,29,30,31,	 NoSound	40	2	1096788932
1096789137	Triggered	5,23,24,25,26,27,28,29,30,31,	 PureTone-9kHz	40	2	1096789137
1096791761	Triggered	8,52,53,54,55,56,	 NoSound	40	2	1096791761
1096791962	Triggered	8,52,53,54,55,56,	 File_beep2	40	2	1096791962
1096798259	Triggered	5,23,24,25,26,27,28,29,30,31,	 NoSound	40	2	1096798259
1096798461	Triggered	5,23,24,25,26,27,28,29,30,31,	 PureTone-7kHz	40	2	1096798461
1096801027	Triggered	8,52,53,54,55,56,	 NoSound	40	2	1096801027
1096801227	Triggered	8,52,53,54,55,56,	 File_beep1	40	2	1096801227
1096806741	Triggered	5,23,24,25,26,27,28,29,30,31,	 NoSound	40	2	1096806741
1096806943	Triggered	5,23,24,25,26,27,28,29,30,31,	 PureTone-5kHz	40	2	1096806943
1096809690	Triggered	2,37,38,39,40,41,	 NoSound	40	2	1096809690
1096819200	Triggered	5,23,24,25,26,27,28,29,30,31,	 NoSound	40	2	1096819200
1096819402	Triggered	5,23,24,25,26,27,28,29,30,31,	 PureTone-3kHz	40	2	1096819402
1096822205	Triggered	8,52,53,54,55,56,	 NoSound	40	2	1096822205
1096822407	Triggered	8,52,53,54,55,56,	 File_beep4	40	2	1096822407
1096830340	Triggered	5,23,24,25,26,27,28,29,30,31,	 NoSound	40	2	1096830340
1096830543	Triggered	5,23,24,25,26,27,28,29,30,31,	 PureTone-2kHz	40	2	1096830543
1096833154	Triggered	8,52,53,54,55,56,	 NoSound	40	2	1096833154
1096833356	Triggered	8,52,53,54,55,56,	 File_beep3	40	2	1096833356
1096840494	Triggered	5,23,24,25,26,27,28,29,30,31,	 NoSound	40	2	1096840494
1096840707	Triggered	5,23,24,25,26,27,28,29,30,31,	 PureTone-1kHz	40	2	1096840707
1096843985	Triggered	2,37,38,39,40,41,	 NoSound	40	2	1096843985
1096844188	Triggered	2,37,38,39,40,41,	 File_beep4	40	2	1096844188
1096851807	Triggered	5,23,24,25,26,27,28,29,30,31,	 NoSound	40	2	1096851807
1096852007	Triggered	5,23,24,25,26,27,28,29,30,31,	 StopSoundShort	40	2	1096852007
1096864681	Triggered	1,14,15,16,17,18,19,20,21,22,	 NoSound	40	2	1096864681
1096867389	Triggered	4,42,43,44,45,46,	 NoSound	40	2	1096867389
1096867590	Triggered	4,42,43,44,45,46,	 File_beep3	40	2	1096867590
1096876715	Triggered	1,14,15,16,17,18,19,20,21,22,	 NoSound	40	2	1096876715
1096879602	Triggered	4,42,43,44,45,46,	 NoSound	40	2	1096879602
1096879805	Triggered	4,42,43,44,45,46,	 File_beep5	40	2	1096879805
1096890493	Triggered	1,14,15,16,17,18,19,20,21,22,	 NoSound	40	2	1096890493
1096893380	Triggered	4,42,43,44,45,46,	 NoSound	40	2	1096893380
1096893580	Triggered	4,42,43,44,45,46,	 File_beep1	40	2	1096893580
1096899516	Triggered	1,14,15,16,17,18,19,20,21,22,	 NoSound	40	2	1096899516
1096899719	Triggered	1,14,15,16,17,18,19,20,21,22,	 PureTone-9kHz	40	2	1096899719
1096902355	Triggered	4,42,43,44,45,46,	 NoSound	40	2	1096902355
1096902565	Triggered	4,42,43,44,45,46,	 File_beep2	40	2	1096902565
1096908904	Triggered	1,14,15,16,17,18,19,20,21,22,	 NoSound	40	2	1096908904
1096909107	Triggered	1,14,15,16,17,18,19,20,21,22,	 PureTone-7kHz	40	2	1096909107
1096911731	Triggered	4,42,43,44,45,46,	 NoSound	40	2	1096911731
1096911933	Triggered	4,42,43,44,45,46,	 File_beep4	40	2	1096911933
1096921839	Triggered	1,14,15,16,17,18,19,20,21,22,	 NoSound	40	2	1096921839
1096922052	Triggered	1,14,15,16,17,18,19,20,21,22,	 PureTone-5kHz	40	2	1096922052
1096924789	Triggered	4,42,43,44,45,46,	 NoSound	40	2	1096924789
1096925002	Triggered	4,42,43,44,45,46,	 File_beep5	40	2	1096925002
1096935436	Triggered	1,14,15,16,17,18,19,20,21,22,	 NoSound	40	2	1096935436
1096935638	Triggered	1,14,15,16,17,18,19,20,21,22,	 PureTone-3kHz	40	2	1096935638
1096938207	Triggered	4,42,43,44,45,46,	 NoSound	40	2	1096938207
1096938418	Triggered	4,42,43,44,45,46,	 File_beep3	40	2	1096938418
1096945846	Triggered	1,14,15,16,17,18,19,20,21,22,	 NoSound	40	2	1096945846
1096946049	Triggered	1,14,15,16,17,18,19,20,21,22,	 PureTone-2kHz	40	2	1096946049
1096948612	Triggered	4,42,43,44,45,46,	 NoSound	40	2	1096948612
1096948814	Triggered	4,42,43,44,45,46,	 File_beep4	40	2	1096948814
1096957818	Triggered	1,14,15,16,17,18,19,20,21,22,	 NoSound	40	2	1096957818
1096958030	Triggered	1,14,15,16,17,18,19,20,21,22,	 PureTone-1kHz	40	2	1096958030
1096961127	Triggered	6,47,48,49,50,51,	 NoSound	40	2	1096961127
1096961339	Triggered	6,47,48,49,50,51,	 File_beep3	40	2	1096961339
1096970392	Triggered	1,14,15,16,17,18,19,20,21,22,	 NoSound	40	2	1096970392
1096970592	Triggered	1,14,15,16,17,18,19,20,21,22,	 StopSoundShort	40	2	1096970592
1096983454	Triggered	5,23,24,25,26,27,28,29,30,31,	 NoSound	40	2	1096983454
1096986336	Triggered	8,52,53,54,55,56,	 NoSound	40	2	1096986336
1096986548	Triggered	8,52,53,54,55,56,	 File_beep2	40	2	1096986548
1096992172	Triggered	5,23,24,25,26,27,28,29,30,31,	 NoSound	40	2	1096992172
1096994879	Triggered	8,52,53,54,55,56,	 NoSound	40	2	1096994879
1096995082	Triggered	8,52,53,54,55,56,	 File_beep5	40	2	1096995082
1097006250	Triggered	5,23,24,25,26,27,28,29,30,31,	 NoSound	40	2	1097006250
1097008898	Triggered	8,52,53,54,55,56,	 NoSound	40	2	1097008898
1097009110	Triggered	8,52,53,54,55,56,	 File_beep3	40	2	1097009110
1097017261	Triggered	5,23,24,25,26,27,28,29,30,31,	 NoSound	40	2	1097017261
1097017464	Triggered	5,23,24,25,26,27,28,29,30,31,	 PureTone-9kHz	40	2	1097017464
1097020330	Triggered	8,52,53,54,55,56,	 NoSound	40	2	1097020330
1097020532	Triggered	8,52,53,54,55,56,	 File_beep5	40	2	1097020532
1097029896	Triggered	5,23,24,25,26,27,28,29,30,31,	 NoSound	40	2	1097029896
1097030099	Triggered	5,23,24,25,26,27,28,29,30,31,	 PureTone-7kHz	40	2	1097030099
1097032546	Triggered	8,52,53,54,55,56,	 NoSound	40	2	1097032546
1097032757	Triggered	8,52,53,54,55,56,	 File_beep1	40	2	1097032757
1097038019	Triggered	5,23,24,25,26,27,28,29,30,31,	 NoSound	40	2	1097038019
1097038221	Triggered	5,23,24,25,26,27,28,29,30,31,	 PureTone-5kHz	40	2	1097038221
1097040907	Triggered	8,52,53,54,55,56,	 NoSound	40	2	1097040907
1097041120	Triggered	8,52,53,54,55,56,	 File_beep5	40	2	1097041120
1097050174	Triggered	5,23,24,25,26,27,28,29,30,31,	 NoSound	40	2	1097050174
1097050375	Triggered	5,23,24,25,26,27,28,29,30,31,	 PureTone-3kHz	40	2	1097050375
1097052820	Triggered	8,52,53,54,55,56,	 NoSound	40	2	1097052820
1097053021	Triggered	8,52,53,54,55,56,	 File_beep4	40	2	1097053021
1097061544	Triggered	5,23,24,25,26,27,28,29,30,31,	 NoSound	40	2	1097061544
1097061746	Triggered	5,23,24,25,26,27,28,29,30,31,	 PureTone-2kHz	40	2	1097061746
1097064191	Triggered	8,52,53,54,55,56,	 NoSound	40	2	1097064191
1097064393	Triggered	8,52,53,54,55,56,	 File_beep4	40	2	1097064393
1097073095	Triggered	5,23,24,25,26,27,28,29,30,31,	 NoSound	40	2	1097073095
1097073297	Triggered	5,23,24,25,26,27,28,29,30,31,	 PureTone-1kHz	40	2	1097073297
1097076585	Triggered	2,37,38,39,40,41,	 NoSound	40	2	1097076585
1097076798	Triggered	2,37,38,39,40,41,	 File_beep2	40	2	1097076798
1097082601	Triggered	5,23,24,25,26,27,28,29,30,31,	 NoSound	40	2	1097082601
1097082803	Triggered	5,23,24,25,26,27,28,29,30,31,	 StopSoundShort	40	2	1097082803
1097099033	Triggered	1,14,15,16,17,18,19,20,21,22,	 NoSound	40	2	1097099033
1097102101	Triggered	4,42,43,44,45,46,	 NoSound	40	2	1097102101
1097102304	Triggered	4,42,43,44,45,46,	 File_beep5	40	2	1097102304
1097112630	Triggered	1,14,15,16,17,18,19,20,21,22,	 NoSound	40	2	1097112630
1097115511	Triggered	4,42,43,44,45,46,	 NoSound	40	2	1097115511
1097115712	Triggered	4,42,43,44,45,46,	 File_beep1	40	2	1097115712
1097121468	Triggered	1,14,15,16,17,18,19,20,21,22,	 NoSound	40	2	1097121468
1097124839	Triggered	4,42,43,44,45,46,	 NoSound	40	2	1097124839
1097125040	Triggered	4,42,43,44,45,46,	 File_beep1	40	2	1097125040
1097130433	Triggered	1,14,15,16,17,18,19,20,21,22,	 NoSound	40	2	1097130433
1097130636	Triggered	1,14,15,16,17,18,19,20,21,22,	 PureTone-9kHz	40	2	1097130636
1097133381	Triggered	4,42,43,44,45,46,	 NoSound	40	2	1097133381
1097133593	Triggered	4,42,43,44,45,46,	 File_beep2	40	2	1097133593
1097140240	Triggered	1,14,15,16,17,18,19,20,21,22,	 NoSound	40	2	1097140240
1097140444	Triggered	1,14,15,16,17,18,19,20,21,22,	 PureTone-7kHz	40	2	1097140444
1097143189	Triggered	4,42,43,44,45,46,	 NoSound	40	2	1097143189
1097143392	Triggered	4,42,43,44,45,46,	 File_beep5	40	2	1097143392
1097155163	Triggered	1,14,15,16,17,18,19,20,21,22,	 NoSound	40	2	1097155163
1097155367	Triggered	1,14,15,16,17,18,19,20,21,22,	 PureTone-5kHz	40	2	1097155367
1097157871	Triggered	4,42,43,44,45,46,	 NoSound	40	2	1097157871
1097158072	Triggered	4,42,43,44,45,46,	 File_beep3	40	2	1097158072
1097165636	Triggered	1,14,15,16,17,18,19,20,21,22,	 NoSound	40	2	1097165636
1097165838	Triggered	1,14,15,16,17,18,19,20,21,22,	 PureTone-3kHz	40	2	1097165838
1097168519	Triggered	4,42,43,44,45,46,	 NoSound	40	2	1097168519
1097168733	Triggered	4,42,43,44,45,46,	 File_beep5	40	2	1097168733
1097178988	Triggered	1,14,15,16,17,18,19,20,21,22,	 NoSound	40	2	1097178988
1097179191	Triggered	1,14,15,16,17,18,19,20,21,22,	 PureTone-2kHz	40	2	1097179191
1097182537	Triggered	4,42,43,44,45,46,	 NoSound	40	2	1097182537
1097182738	Triggered	4,42,43,44,45,46,	 File_beep1	40	2	1097182738
1097189105	Triggered	1,14,15,16,17,18,19,20,21,22,	 NoSound	40	2	1097189105
1097189308	Triggered	1,14,15,16,17,18,19,20,21,22,	 PureTone-1kHz	40	2	1097189308
1097193006	Triggered	4,42,43,44,45,46,	 NoSound	40	2	1097193006
1097193206	Triggered	4,42,43,44,45,46,	 File_beep1	40	2	1097193206
1097198602	Triggered	1,14,15,16,17,18,19,20,21,22,	 NoSound	40	2	1097198602
1097198813	Triggered	1,14,15,16,17,18,19,20,21,22,	 StopSoundShort	40	2	1097198813
1097210874	Triggered	5,23,24,25,26,27,28,29,30,31,	 NoSound	40	2	1097210874
1097213829	Triggered	2,37,38,39,40,41,	 NoSound	40	2	1097213829
1097214032	Triggered	2,37,38,39,40,41,	 File_beep4	40	2	1097214032
1097222185	Triggered	5,23,24,25,26,27,28,29,30,31,	 NoSound	40	2	1097222185
1097224953	Triggered	2,37,38,39,40,41,	 NoSound	40	2	1097224953
1097225155	Triggered	2,37,38,39,40,41,	 File_beep4	40	2	1097225155
1097233438	Triggered	5,23,24,25,26,27,28,29,30,31,	 NoSound	40	2	1097233438
1097236023	Triggered	2,37,38,39,40,41,	 NoSound	40	2	1097236023
1097245108	Triggered	5,23,24,25,26,27,28,29,30,31,	 NoSound	40	2	1097245108
1097245311	Triggered	5,23,24,25,26,27,28,29,30,31,	 PureTone-9kHz	40	2	1097245311
1097247936	Triggered	2,37,38,39,40,41,	 NoSound	40	2	1097247936
1097248137	Triggered	2,37,38,39,40,41,	 File_beep2	40	2	1097248137
1097254195	Triggered	5,23,24,25,26,27,28,29,30,31,	 NoSound	40	2	1097254195
1097254398	Triggered	5,23,24,25,26,27,28,29,30,31,	 PureTone-7kHz	40	2	1097254398
1097257083	Triggered	8,52,53,54,55,56,	 NoSound	40	2	1097257083
1097261714	Triggered	5,23,24,25,26,27,28,29,30,31,	 NoSound	40	2	1097261714
1097261918	Triggered	5,23,24,25,26,27,28,29,30,31,	 PureTone-5kHz	40	2	1097261918
1097264722	Triggered	8,52,53,54,55,56,	 NoSound	40	2	1097264722
1097264924	Triggered	8,52,53,54,55,56,	 File_beep3	40	2	1097264924
1097273326	Triggered	5,23,24,25,26,27,28,29,30,31,	 NoSound	40	2	1097273326
1097273529	Triggered	5,23,24,25,26,27,28,29,30,31,	 PureTone-3kHz	40	2	1097273529
1097276214	Triggered	8,52,53,54,55,56,	 NoSound	40	2	1097276214
1097276416	Triggered	8,52,53,54,55,56,	 File_beep3	40	2	1097276416
1097284698	Triggered	5,23,24,25,26,27,28,29,30,31,	 NoSound	40	2	1097284698
1097284900	Triggered	5,23,24,25,26,27,28,29,30,31,	 PureTone-2kHz	40	2	1097284900
1097287707	Triggered	8,52,53,54,55,56,	 NoSound	40	2	1097287707
1097287908	Triggered	8,52,53,54,55,56,	 File_beep2	40	2	1097287908
1097295106	Triggered	5,23,24,25,26,27,28,29,30,31,	 NoSound	40	2	1097295106
1097295307	Triggered	5,23,24,25,26,27,28,29,30,31,	 PureTone-1kHz	40	2	1097295307
1097298657	Triggered	8,52,53,54,55,56,	 NoSound	40	2	1097298657
1097303531	Triggered	5,23,24,25,26,27,28,29,30,31,	 NoSound	40	2	1097303531
1097303732	Triggered	5,23,24,25,26,27,28,29,30,31,	 StopSoundShort	40	2	1097303732
1097315141	Triggered	1,14,15,16,17,18,19,20,21,22,	 NoSound	40	2	1097315141
1097318091	Triggered	6,47,48,49,50,51,	 NoSound	40	2	1097318091
1097327055	Triggered	1,14,15,16,17,18,19,20,21,22,	 NoSound	40	2	1097327055
1097330424	Triggered	6,47,48,49,50,51,	 NoSound	40	2	1097330424
1097343250	Triggered	1,14,15,16,17,18,19,20,21,22,	 NoSound	40	2	1097343250
1097346549	Triggered	6,47,48,49,50,51,	 NoSound	40	2	1097346549
1097346763	Triggered	6,47,48,49,50,51,	 File_beep4	40	2	1097346763
1097359604	Triggered	1,14,15,16,17,18,19,20,21,22,	 NoSound	40	2	1097359604
1097359808	Triggered	1,14,15,16,17,18,19,20,21,22,	 PureTone-9kHz	40	2	1097359808
1097362612	Triggered	4,42,43,44,45,46,	 NoSound	40	2	1097362612
1097362816	Triggered	4,42,43,44,45,46,	 File_beep4	40	2	1097362816
1097374164	Triggered	1,14,15,16,17,18,19,20,21,22,	 NoSound	40	2	1097374164
1097374367	Triggered	1,14,15,16,17,18,19,20,21,22,	 PureTone-7kHz	40	2	1097374367
1097377054	Triggered	4,42,43,44,45,46,	 NoSound	40	2	1097377054
1097377254	Triggered	4,42,43,44,45,46,	 File_beep1	40	2	1097377254
1097382889	Triggered	1,14,15,16,17,18,19,20,21,22,	 NoSound	40	2	1097382889
1097383092	Triggered	1,14,15,16,17,18,19,20,21,22,	 PureTone-5kHz	40	2	1097383092
1097385957	Triggered	4,42,43,44,45,46,	 NoSound	40	2	1097385957
1097386159	Triggered	4,42,43,44,45,46,	 File_beep5	40	2	1097386159
1097397689	Triggered	1,14,15,16,17,18,19,20,21,22,	 NoSound	40	2	1097397689
1097397892	Triggered	1,14,15,16,17,18,19,20,21,22,	 PureTone-3kHz	40	2	1097397892
1097400877	Triggered	4,42,43,44,45,46,	 NoSound	40	2	1097400877
1097401078	Triggered	4,42,43,44,45,46,	 File_beep1	40	2	1097401078
1097406473	Triggered	1,14,15,16,17,18,19,20,21,22,	 NoSound	40	2	1097406473
1097406674	Triggered	1,14,15,16,17,18,19,20,21,22,	 PureTone-2kHz	40	2	1097406674
1097410384	Triggered	4,42,43,44,45,46,	 NoSound	40	2	1097410384
1097410595	Triggered	4,42,43,44,45,46,	 File_beep1	40	2	1097410595
1097415799	Triggered	1,14,15,16,17,18,19,20,21,22,	 NoSound	40	2	1097415799
1097416000	Triggered	1,14,15,16,17,18,19,20,21,22,	 PureTone-1kHz	40	2	1097416000
1097419409	Triggered	6,47,48,49,50,51,	 NoSound	40	2	1097419409
1097425607	Triggered	1,14,15,16,17,18,19,20,21,22,	 NoSound	40	2	1097425607
1097425819	Triggered	1,14,15,16,17,18,19,20,21,22,	 StopSoundShort	40	2	1097425819
1097439985	Triggered	5,23,24,25,26,27,28,29,30,31,	 NoSound	40	2	1097439985
1097443054	Triggered	8,52,53,54,55,56,	 NoSound	40	2	1097443054
1097443256	Triggered	8,52,53,54,55,56,	 File_beep2	40	2	1097443256
1097451237	Triggered	5,23,24,25,26,27,28,29,30,31,	 NoSound	40	2	1097451237
1097455510	Triggered	8,52,53,54,55,56,	 NoSound	40	2	1097455510
1097455711	Triggered	8,52,53,54,55,56,	 File_beep3	40	2	1097455711
1097464473	Triggered	5,23,24,25,26,27,28,29,30,31,	 NoSound	40	2	1097464473
1097468024	Triggered	8,52,53,54,55,56,	 NoSound	40	2	1097468024
1097468225	Triggered	8,52,53,54,55,56,	 File_beep2	40	2	1097468225
1097476446	Triggered	5,23,24,25,26,27,28,29,30,31,	 NoSound	40	2	1097476446
1097476660	Triggered	5,23,24,25,26,27,28,29,30,31,	 PureTone-9kHz	40	2	1097476660
1097479697	Triggered	2,37,38,39,40,41,	 NoSound	40	2	1097479697
1097479899	Triggered	2,37,38,39,40,41,	 File_beep4	40	2	1097479899
1097489923	Triggered	5,23,24,25,26,27,28,29,30,31,	 NoSound	40	2	1097489923
1097490124	Triggered	5,23,24,25,26,27,28,29,30,31,	 PureTone-7kHz	40	2	1097490124
1097492992	Triggered	2,37,38,39,40,41,	 NoSound	40	2	1097492992
1097493194	Triggered	2,37,38,39,40,41,	 File_beep5	40	2	1097493194
1097504670	Triggered	5,23,24,25,26,27,28,29,30,31,	 NoSound	40	2	1097504670
1097504872	Triggered	5,23,24,25,26,27,28,29,30,31,	 PureTone-5kHz	40	2	1097504872
1097507619	Triggered	2,37,38,39,40,41,	 NoSound	40	2	1097507619
1097507820	Triggered	2,37,38,39,40,41,	 File_beep2	40	2	1097507820
1097514953	Triggered	5,23,24,25,26,27,28,29,30,31,	 NoSound	40	2	1097514953
1097515157	Triggered	5,23,24,25,26,27,28,29,30,31,	 PureTone-3kHz	40	2	1097515157
1097518868	Triggered	2,37,38,39,40,41,	 NoSound	40	2	1097518868
1097519070	Triggered	2,37,38,39,40,41,	 File_beep3	40	2	1097519070
1097527166	Triggered	5,23,24,25,26,27,28,29,30,31,	 NoSound	40	2	1097527166
1097527368	Triggered	5,23,24,25,26,27,28,29,30,31,	 PureTone-2kHz	40	2	1097527368
1097531258	Triggered	2,37,38,39,40,41,	 NoSound	40	2	1097531258
1097531461	Triggered	2,37,38,39,40,41,	 File_beep4	40	2	1097531461
1097542387	Triggered	5,23,24,25,26,27,28,29,30,31,	 NoSound	40	2	1097542387
1097542589	Triggered	5,23,24,25,26,27,28,29,30,31,	 PureTone-1kHz	40	2	1097542589
1097546359	Triggered	2,37,38,39,40,41,	 NoSound	40	2	1097546359
1097546560	Triggered	2,37,38,39,40,41,	 File_beep3	40	2	1097546560
1097555866	Triggered	5,23,24,25,26,27,28,29,30,31,	 NoSound	40	2	1097555866
1097556067	Triggered	5,23,24,25,26,27,28,29,30,31,	 StopSoundShort	40	2	1097556067
1097566095	Triggered	1,14,15,16,17,18,19,20,21,22,	 NoSound	40	2	1097566095
1097572832	Triggered	6,47,48,49,50,51,	 NoSound	40	2	1097572832
1097573033	Triggered	6,47,48,49,50,51,	 File_beep2	40	2	1097573033
1097586677	Triggered	1,14,15,16,17,18,19,20,21,22,	 NoSound	40	2	1097586677
1097589688	Triggered	6,47,48,49,50,51,	 NoSound	40	2	1097589688
1097589890	Triggered	6,47,48,49,50,51,	 File_beep4	40	2	1097589890
1097605260	Triggered	1,14,15,16,17,18,19,20,21,22,	 NoSound	40	2	1097605260
1097608148	Triggered	6,47,48,49,50,51,	 NoSound	40	2	1097608148
1097608350	Triggered	6,47,48,49,50,51,	 File_beep2	40	2	1097608350
1097619045	Triggered	1,14,15,16,17,18,19,20,21,22,	 NoSound	40	2	1097619045
1097619249	Triggered	1,14,15,16,17,18,19,20,21,22,	 PureTone-9kHz	40	2	1097619249
1097622167	Triggered	6,47,48,49,50,51,	 NoSound	40	2	1097622167
1097627642	Triggered	1,14,15,16,17,18,19,20,21,22,	 NoSound	40	2	1097627642
1097627846	Triggered	1,14,15,16,17,18,19,20,21,22,	 PureTone-7kHz	40	2	1097627846
1097631253	Triggered	6,47,48,49,50,51,	 NoSound	40	2	1097631253
1097631454	Triggered	6,47,48,49,50,51,	 File_beep3	40	2	1097631454
1097644850	Triggered	1,14,15,16,17,18,19,20,21,22,	 NoSound	40	2	1097644850
1097645063	Triggered	1,14,15,16,17,18,19,20,21,22,	 PureTone-5kHz	40	2	1097645063
1097647917	Triggered	6,47,48,49,50,51,	 NoSound	40	2	1097647917
1097648119	Triggered	6,47,48,49,50,51,	 File_beep5	40	2	1097648119
1097663804	Triggered	1,14,15,16,17,18,19,20,21,22,	 NoSound	40	2	1097663804
1097664007	Triggered	1,14,15,16,17,18,19,20,21,22,	 PureTone-3kHz	40	2	1097664007
1097666811	Triggered	6,47,48,49,50,51,	 NoSound	40	2	1097666811
1097667015	Triggered	6,47,48,49,50,51,	 File_beep5	40	2	1097667015
1097685041	Triggered	1,14,15,16,17,18,19,20,21,22,	 NoSound	40	2	1097685041
1097685244	Triggered	1,14,15,16,17,18,19,20,21,22,	 PureTone-2kHz	40	2	1097685244
1097688771	Triggered	6,47,48,49,50,51,	 NoSound	40	2	1097688771
1097697617	Triggered	1,14,15,16,17,18,19,20,21,22,	 NoSound	40	2	1097697617
1097697818	Triggered	1,14,15,16,17,18,19,20,21,22,	 PureTone-1kHz	40	2	1097697818
1097702429	Triggered	4,42,43,44,45,46,	 NoSound	40	2	1097702429
1097702631	Triggered	4,42,43,44,45,46,	 File_beep5	40	2	1097702631
1097716448	Triggered	1,14,15,16,17,18,19,20,21,22,	 NoSound	40	2	1097716448
1097716648	Triggered	1,14,15,16,17,18,19,20,21,22,	 StopSoundShort	40	2	1097716648
1097758755	Triggered	5,23,24,25,26,27,28,29,30,31,	 NoSound	40	2	1097758755
1097762836	Triggered	2,37,38,39,40,41,	 NoSound	40	2	1097762836
1097763036	Triggered	2,37,38,39,40,41,	 File_beep2	40	2	1097763036
1097772114	Triggered	5,23,24,25,26,27,28,29,30,31,	 NoSound	40	2	1097772114
1097775830	Triggered	2,37,38,39,40,41,	 NoSound	40	2	1097775830
1097784735	Triggered	5,23,24,25,26,27,28,29,30,31,	 NoSound	40	2	1097784735
1097788225	Triggered	2,37,38,39,40,41,	 NoSound	40	2	1097788225
1097788426	Triggered	2,37,38,39,40,41,	 File_beep2	40	2	1097788426
1097797009	Triggered	5,23,24,25,26,27,28,29,30,31,	 NoSound	40	2	1097797009
1097797214	Triggered	5,23,24,25,26,27,28,29,30,31,	 PureTone-9kHz	40	2	1097797214
1097800859	Triggered	2,37,38,39,40,41,	 NoSound	40	2	1097800859
1097801060	Triggered	2,37,38,39,40,41,	 File_beep1	40	2	1097801060
1097807659	Triggered	5,23,24,25,26,27,28,29,30,31,	 NoSound	40	2	1097807659
1097807874	Triggered	5,23,24,25,26,27,28,29,30,31,	 PureTone-7kHz	40	2	1097807874
1097811148	Triggered	8,52,53,54,55,56,	 NoSound	40	2	1097811148
1097811350	Triggered	8,52,53,54,55,56,	 File_beep3	40	2	1097811350
1097821015	Triggered	5,23,24,25,26,27,28,29,30,31,	 NoSound	40	2	1097821015
1097821229	Triggered	5,23,24,25,26,27,28,29,30,31,	 PureTone-5kHz	40	2	1097821229
1097825050	Triggered	8,52,53,54,55,56,	 NoSound	40	2	1097825050
1097825252	Triggered	8,52,53,54,55,56,	 File_beep2	40	2	1097825252
1097832326	Triggered	5,23,24,25,26,27,28,29,30,31,	 NoSound	40	2	1097832326
1097832529	Triggered	5,23,24,25,26,27,28,29,30,31,	 PureTone-3kHz	40	2	1097832529
1097836237	Triggered	8,52,53,54,55,56,	 NoSound	40	2	1097836237
1097836439	Triggered	8,52,53,54,55,56,	 File_beep3	40	2	1097836439
1097846170	Triggered	5,23,24,25,26,27,28,29,30,31,	 NoSound	40	2	1097846170
1097846372	Triggered	5,23,24,25,26,27,28,29,30,31,	 PureTone-2kHz	40	2	1097846372
1097850324	Triggered	8,52,53,54,55,56,	 NoSound	40	2	1097850324
1097850526	Triggered	8,52,53,54,55,56,	 File_beep4	40	2	1097850526
1097862350	Triggered	5,23,24,25,26,27,28,29,30,31,	 NoSound	40	2	1097862350
1097862551	Triggered	5,23,24,25,26,27,28,29,30,31,	 PureTone-1kHz	40	2	1097862551
1097866681	Triggered	8,52,53,54,55,56,	 NoSound	40	2	1097866681
1097866883	Triggered	8,52,53,54,55,56,	 File_beep2	40	2	1097866883
1097874443	Triggered	5,23,24,25,26,27,28,29,30,31,	 NoSound	40	2	1097874443
1097874644	Triggered	5,23,24,25,26,27,28,29,30,31,	 StopSoundShort	40	2	1097874644
1097886655	Triggered	1,14,15,16,17,18,19,20,21,22,	 NoSound	40	2	1097886655
1097892372	Triggered	4,42,43,44,45,46,	 NoSound	40	2	1097892372
1097892574	Triggered	4,42,43,44,45,46,	 File_beep2	40	2	1097892574
1097903866	Triggered	1,14,15,16,17,18,19,20,21,22,	 NoSound	40	2	1097903866
1097909459	Triggered	4,42,43,44,45,46,	 NoSound	40	2	1097909459
1097909662	Triggered	4,42,43,44,45,46,	 File_beep4	40	2	1097909662
1097925102	Triggered	1,14,15,16,17,18,19,20,21,22,	 NoSound	40	2	1097925102
1097929254	Triggered	4,42,43,44,45,46,	 NoSound	40	2	1097929254
1097929456	Triggered	4,42,43,44,45,46,	 File_beep1	40	2	1097929456
1097938278	Triggered	1,14,15,16,17,18,19,20,21,22,	 NoSound	40	2	1097938278
1097938483	Triggered	1,14,15,16,17,18,19,20,21,22,	 PureTone-9kHz	40	2	1097938483
1097941948	Triggered	6,47,48,49,50,51,	 NoSound	40	2	1097941948
1097942161	Triggered	6,47,48,49,50,51,	 File_beep4	40	2	1097942161
1097959157	Triggered	1,14,15,16,17,18,19,20,21,22,	 NoSound	40	2	1097959157
1097959362	Triggered	1,14,15,16,17,18,19,20,21,22,	 PureTone-7kHz	40	2	1097959362
1097962827	Triggered	6,47,48,49,50,51,	 NoSound	40	2	1097962827
1097963028	Triggered	6,47,48,49,50,51,	 File_beep1	40	2	1097963028
1097972452	Triggered	1,14,15,16,17,18,19,20,21,22,	 NoSound	40	2	1097972452
1097972655	Triggered	1,14,15,16,17,18,19,20,21,22,	 PureTone-5kHz	40	2	1097972655
1097976123	Triggered	6,47,48,49,50,51,	 NoSound	40	2	1097976123
1097976325	Triggered	6,47,48,49,50,51,	 File_beep4	40	2	1097976325
1097990742	Triggered	1,14,15,16,17,18,19,20,21,22,	 NoSound	40	2	1097990742
1097990946	Triggered	1,14,15,16,17,18,19,20,21,22,	 PureTone-3kHz	40	2	1097990946
1097994173	Triggered	6,47,48,49,50,51,	 NoSound	40	2	1097994173
1097994373	Triggered	6,47,48,49,50,51,	 File_beep2	40	2	1097994373
1098007771	Triggered	1,14,15,16,17,18,19,20,21,22,	 NoSound	40	2	1098007771
1098007974	Triggered	1,14,15,16,17,18,19,20,21,22,	 PureTone-2kHz	40	2	1098007974
1098011199	Triggered	6,47,48,49,50,51,	 NoSound	40	2	1098011199
1098011400	Triggered	6,47,48,49,50,51,	 File_beep2	40	2	1098011400
1098023653	Triggered	1,14,15,16,17,18,19,20,21,22,	 NoSound	40	2	1098023653
1098023855	Triggered	1,14,15,16,17,18,19,20,21,22,	 PureTone-1kHz	40	2	1098023855
1098027443	Triggered	6,47,48,49,50,51,	 NoSound	40	2	1098027443
1098027646	Triggered	6,47,48,49,50,51,	 File_beep4	40	2	1098027646
1098042184	Triggered	1,14,15,16,17,18,19,20,21,22,	 NoSound	40	2	1098042184
1098042386	Triggered	1,14,15,16,17,18,19,20,21,22,	 StopSoundShort	40	2	1098042386
1098063664	Triggered	5,23,24,25,26,27,28,29,30,31,	 NoSound	40	2	1098063664
1098066913	Triggered	2,37,38,39,40,41,	 NoSound	40	2	1098066913
1098075335	Triggered	5,23,24,25,26,27,28,29,30,31,	 NoSound	40	2	1098075335
1098079129	Triggered	2,37,38,39,40,41,	 NoSound	40	2	1098079129
1098079331	Triggered	2,37,38,39,40,41,	 File_beep2	40	2	1098079331
1098086889	Triggered	5,23,24,25,26,27,28,29,30,31,	 NoSound	40	2	1098086889
1098090207	Triggered	2,37,38,39,40,41,	 NoSound	40	2	1098090207
1098090408	Triggered	2,37,38,39,40,41,	 File_beep2	40	2	1098090408
1098097897	Triggered	5,23,24,25,26,27,28,29,30,31,	 NoSound	40	2	1098097897
1098098101	Triggered	5,23,24,25,26,27,28,29,30,31,	 PureTone-9kHz	40	2	1098098101
1098101147	Triggered	2,37,38,39,40,41,	 NoSound	40	2	1098101147
1098101350	Triggered	2,37,38,39,40,41,	 File_beep3	40	2	1098101350
1098109450	Triggered	5,23,24,25,26,27,28,29,30,31,	 NoSound	40	2	1098109450
1098109652	Triggered	5,23,24,25,26,27,28,29,30,31,	 PureTone-7kHz	40	2	1098109652
1098112638	Triggered	2,37,38,39,40,41,	 NoSound	40	2	1098112638
1098112838	Triggered	2,37,38,39,40,41,	 File_beep1	40	2	1098112838
1098123168	Triggered	5,23,24,25,26,27,28,29,30,31,	 NoSound	40	2	1098123168
1098123369	Triggered	5,23,24,25,26,27,28,29,30,31,	 PureTone-5kHz	40	2	1098123369
1098127500	Triggered	8,52,53,54,55,56,	 NoSound	40	2	1098127500
1098127702	Triggered	8,52,53,54,55,56,	 File_beep5	40	2	1098127702
1098139412	Triggered	5,23,24,25,26,27,28,29,30,31,	 NoSound	40	2	1098139412
1098139615	Triggered	5,23,24,25,26,27,28,29,30,31,	 PureTone-3kHz	40	2	1098139615
1098143022	Triggered	8,52,53,54,55,56,	 NoSound	40	2	1098143022
1098143224	Triggered	8,52,53,54,55,56,	 File_beep5	40	2	1098143224
1098155056	Triggered	5,23,24,25,26,27,28,29,30,31,	 NoSound	40	2	1098155056
1098155258	Triggered	5,23,24,25,26,27,28,29,30,31,	 PureTone-2kHz	40	2	1098155258
1098159027	Triggered	2,37,38,39,40,41,	 NoSound	40	2	1098159027
1098159229	Triggered	2,37,38,39,40,41,	 File_beep4	40	2	1098159229
1098168714	Triggered	5,23,24,25,26,27,28,29,30,31,	 NoSound	40	2	1098168714
1098168925	Triggered	5,23,24,25,26,27,28,29,30,31,	 PureTone-1kHz	40	2	1098168925
1098172985	Triggered	8,52,53,54,55,56,	 NoSound	40	2	1098172985
1098178402	Triggered	5,23,24,25,26,27,28,29,30,31,	 NoSound	40	2	1098178402
1098178603	Triggered	5,23,24,25,26,27,28,29,30,31,	 StopSoundShort	40	2	1098178603
1098190794	Triggered	1,14,15,16,17,18,19,20,21,22,	 NoSound	40	2	1098190794
1098194524	Triggered	6,47,48,49,50,51,	 NoSound	40	2	1098194524
1098194727	Triggered	6,47,48,49,50,51,	 File_beep4	40	2	1098194727
1098208484	Triggered	1,14,15,16,17,18,19,20,21,22,	 NoSound	40	2	1098208484
1098211911	Triggered	6,47,48,49,50,51,	 NoSound	40	2	1098211911
1098220936	Triggered	1,14,15,16,17,18,19,20,21,22,	 NoSound	40	2	1098220936
1098224547	Triggered	6,47,48,49,50,51,	 NoSound	40	2	1098224547
1098230384	Triggered	1,14,15,16,17,18,19,20,21,22,	 NoSound	40	2	1098230384
1098230587	Triggered	1,14,15,16,17,18,19,20,21,22,	 PureTone-9kHz	40	2	1098230587
1098234234	Triggered	4,42,43,44,45,46,	 NoSound	40	2	1098234234
1098234436	Triggered	4,42,43,44,45,46,	 File_beep1	40	2	1098234436
1098241634	Triggered	1,14,15,16,17,18,19,20,21,22,	 NoSound	40	2	1098241634
1098241838	Triggered	1,14,15,16,17,18,19,20,21,22,	 PureTone-7kHz	40	2	1098241838
1098245605	Triggered	4,42,43,44,45,46,	 NoSound	40	2	1098245605
1098245808	Triggered	4,42,43,44,45,46,	 File_beep4	40	2	1098245808
1098258179	Triggered	1,14,15,16,17,18,19,20,21,22,	 NoSound	40	2	1098258179
1098258380	Triggered	1,14,15,16,17,18,19,20,21,22,	 PureTone-5kHz	40	2	1098258380
1098262031	Triggered	4,42,43,44,45,46,	 NoSound	40	2	1098262031
1098262231	Triggered	4,42,43,44,45,46,	 File_beep1	40	2	1098262231
1098269731	Triggered	1,14,15,16,17,18,19,20,21,22,	 NoSound	40	2	1098269731
1098269934	Triggered	1,14,15,16,17,18,19,20,21,22,	 PureTone-3kHz	40	2	1098269934
1098273461	Triggered	4,42,43,44,45,46,	 NoSound	40	2	1098273461
1098273663	Triggered	4,42,43,44,45,46,	 File_beep4	40	2	1098273663
1098284774	Triggered	1,14,15,16,17,18,19,20,21,22,	 NoSound	40	2	1098284774
1098284977	Triggered	1,14,15,16,17,18,19,20,21,22,	 PureTone-2kHz	40	2	1098284977
1098288323	Triggered	4,42,43,44,45,46,	 NoSound	40	2	1098288323
1098288523	Triggered	4,42,43,44,45,46,	 File_beep1	40	2	1098288523
1098294822	Triggered	1,14,15,16,17,18,19,20,21,22,	 NoSound	40	2	1098294822
1098295023	Triggered	1,14,15,16,17,18,19,20,21,22,	 PureTone-1kHz	40	2	1098295023
1098298612	Triggered	4,42,43,44,45,46,	 NoSound	40	2	1098298612
1098298812	Triggered	4,42,43,44,45,46,	 File_beep1	40	2	1098298812
1098305831	Triggered	1,14,15,16,17,18,19,20,21,22,	 NoSound	40	2	1098305831
1098306032	Triggered	1,14,15,16,17,18,19,20,21,22,	 StopSoundShort	40	2	1098306032
1098320631	Triggered	5,23,24,25,26,27,28,29,30,31,	 NoSound	40	2	1098320631
1098324063	Triggered	8,52,53,54,55,56,	 NoSound	40	2	1098324063
1098324264	Triggered	8,52,53,54,55,56,	 File_beep4	40	2	1098324264
1098334891	Triggered	5,23,24,25,26,27,28,29,30,31,	 NoSound	40	2	1098334891
1098338742	Triggered	8,52,53,54,55,56,	 NoSound	40	2	1098338742
1098338944	Triggered	8,52,53,54,55,56,	 File_beep3	40	2	1098338944
1098347587	Triggered	5,23,24,25,26,27,28,29,30,31,	 NoSound	40	2	1098347587
1098351076	Triggered	8,52,53,54,55,56,	 NoSound	40	2	1098351076
1098351278	Triggered	8,52,53,54,55,56,	 File_beep3	40	2	1098351278
1098361003	Triggered	5,23,24,25,26,27,28,29,30,31,	 NoSound	40	2	1098361003
1098361218	Triggered	5,23,24,25,26,27,28,29,30,31,	 PureTone-9kHz	40	2	1098361218
1098364915	Triggered	8,52,53,54,55,56,	 NoSound	40	2	1098364915
1098365117	Triggered	8,52,53,54,55,56,	 File_beep3	40	2	1098365117
1098374299	Triggered	5,23,24,25,26,27,28,29,30,31,	 NoSound	40	2	1098374299
1098374502	Triggered	5,23,24,25,26,27,28,29,30,31,	 PureTone-7kHz	40	2	1098374502
1098378090	Triggered	2,37,38,39,40,41,	 NoSound	40	2	1098378090
1098378291	Triggered	2,37,38,39,40,41,	 File_beep4	40	2	1098378291
1098388979	Triggered	5,23,24,25,26,27,28,29,30,31,	 NoSound	40	2	1098388979
1098389183	Triggered	5,23,24,25,26,27,28,29,30,31,	 PureTone-5kHz	40	2	1098389183
1098392290	Triggered	2,37,38,39,40,41,	 NoSound	40	2	1098392290
1098392491	Triggered	2,37,38,39,40,41,	 File_beep2	40	2	1098392491
1098400170	Triggered	5,23,24,25,26,27,28,29,30,31,	 NoSound	40	2	1098400170
1098400373	Triggered	5,23,24,25,26,27,28,29,30,31,	 PureTone-3kHz	40	2	1098400373
1098403660	Triggered	2,37,38,39,40,41,	 NoSound	40	2	1098403660
1098403862	Triggered	2,37,38,39,40,41,	 File_beep1	40	2	1098403862
1098411363	Triggered	5,23,24,25,26,27,28,29,30,31,	 NoSound	40	2	1098411363
1098411564	Triggered	5,23,24,25,26,27,28,29,30,31,	 PureTone-2kHz	40	2	1098411564
1098415274	Triggered	2,37,38,39,40,41,	 NoSound	40	2	1098415274
1098415475	Triggered	2,37,38,39,40,41,	 File_beep1	40	2	1098415475
1098422793	Triggered	5,23,24,25,26,27,28,29,30,31,	 NoSound	40	2	1098422793
1098422995	Triggered	5,23,24,25,26,27,28,29,30,31,	 PureTone-1kHz	40	2	1098422995
1098426945	Triggered	2,37,38,39,40,41,	 NoSound	40	2	1098426945
1098427147	Triggered	2,37,38,39,40,41,	 File_beep2	40	2	1098427147
1098436450	Triggered	5,23,24,25,26,27,28,29,30,31,	 NoSound	40	2	1098436450
1098436652	Triggered	5,23,24,25,26,27,28,29,30,31,	 StopSoundShort	40	2	1098436652
1098448424	Triggered	1,14,15,16,17,18,19,20,21,22,	 NoSound	40	2	1098448424
1098452215	Triggered	4,42,43,44,45,46,	 NoSound	40	2	1098452215
1098452417	Triggered	4,42,43,44,45,46,	 File_beep4	40	2	1098452417
1098464188	Triggered	1,14,15,16,17,18,19,20,21,22,	 NoSound	40	2	1098464188
1098467929	Triggered	4,42,43,44,45,46,	 NoSound	40	2	1098467929
1098468131	Triggered	4,42,43,44,45,46,	 File_beep2	40	2	1098468131
1098477785	Triggered	1,14,15,16,17,18,19,20,21,22,	 NoSound	40	2	1098477785
1098481695	Triggered	4,42,43,44,45,46,	 NoSound	40	2	1098481695
1098481896	Triggered	4,42,43,44,45,46,	 File_beep4	40	2	1098481896
1098497459	Triggered	1,14,15,16,17,18,19,20,21,22,	 NoSound	40	2	1098497459
1098497664	Triggered	1,14,15,16,17,18,19,20,21,22,	 PureTone-9kHz	40	2	1098497664
1098501490	Triggered	4,42,43,44,45,46,	 NoSound	40	2	1098501490
1098501692	Triggered	4,42,43,44,45,46,	 File_beep3	40	2	1098501692
1098512319	Triggered	1,14,15,16,17,18,19,20,21,22,	 NoSound	40	2	1098512319
1098512522	Triggered	1,14,15,16,17,18,19,20,21,22,	 PureTone-7kHz	40	2	1098512522
1098516110	Triggered	4,42,43,44,45,46,	 NoSound	40	2	1098516110
1098516311	Triggered	4,42,43,44,45,46,	 File_beep1	40	2	1098516311
1098523510	Triggered	1,14,15,16,17,18,19,20,21,22,	 NoSound	40	2	1098523510
1098523713	Triggered	1,14,15,16,17,18,19,20,21,22,	 PureTone-5kHz	40	2	1098523713
1098527422	Triggered	6,47,48,49,50,51,	 NoSound	40	2	1098527422
1098552569	Triggered	1,14,15,16,17,18,19,20,21,22,	 NoSound	40	2	1098552569
1098552772	Triggered	1,14,15,16,17,18,19,20,21,22,	 PureTone-3kHz	40	2	1098552772
1098556361	Triggered	6,47,48,49,50,51,	 NoSound	40	2	1098556361
1098556562	Triggered	6,47,48,49,50,51,	 File_beep1	40	2	1098556562
1098567973	Triggered	1,14,15,16,17,18,19,20,21,22,	 NoSound	40	2	1098567973
1098568175	Triggered	1,14,15,16,17,18,19,20,21,22,	 PureTone-2kHz	40	2	1098568175
1098571341	Triggered	6,47,48,49,50,51,	 NoSound	40	2	1098571341
1098577960	Triggered	1,14,15,16,17,18,19,20,21,22,	 NoSound	40	2	1098577960
1098578161	Triggered	1,14,15,16,17,18,19,20,21,22,	 PureTone-1kHz	40	2	1098578161
1098582413	Triggered	6,47,48,49,50,51,	 NoSound	40	2	1098582413
1098588431	Triggered	1,14,15,16,17,18,19,20,21,22,	 NoSound	40	2	1098588431
1098588642	Triggered	1,14,15,16,17,18,19,20,21,22,	 StopSoundShort	40	2	1098588642
1098604733	Triggered	8,52,53,54,55,56,	 NoSound	40	2	1098604733
1098604938	Triggered	8,52,53,54,55,56,	 File_beep3	40	2	1098604938
1098617670	Triggered	5,23,24,25,26,27,28,29,30,31,	 NoSound	40	2	1098617670
1098622484	Triggered	8,52,53,54,55,56,	 NoSound	40	2	1098622484
1098622686	Triggered	8,52,53,54,55,56,	 File_beep5	40	2	1098622686
1098638607	Triggered	5,23,24,25,26,27,28,29,30,31,	 NoSound	40	2	1098638607
1098643480	Triggered	8,52,53,54,55,56,	 NoSound	40	2	1098643480
1098643682	Triggered	8,52,53,54,55,56,	 File_beep2	40	2	1098643682
1098658943	Triggered	5,23,24,25,26,27,28,29,30,31,	 NoSound	40	2	1098658943
1098659148	Triggered	5,23,24,25,26,27,28,29,30,31,	 PureTone-9kHz	40	2	1098659148
1098663277	Triggered	2,37,38,39,40,41,	 NoSound	40	2	1098663277
1098663479	Triggered	2,37,38,39,40,41,	 File_beep4	40	2	1098663479
1098679821	Triggered	5,23,24,25,26,27,28,29,30,31,	 NoSound	40	2	1098679821
1098680038	Triggered	5,23,24,25,26,27,28,29,30,31,	 PureTone-7kHz	40	2	1098680038
1098684153	Triggered	2,37,38,39,40,41,	 NoSound	40	2	1098684153
1098684353	Triggered	2,37,38,39,40,41,	 File_beep2	40	2	1098684353
1098694742	Triggered	5,23,24,25,26,27,28,29,30,31,	 NoSound	40	2	1098694742
1098694945	Triggered	5,23,24,25,26,27,28,29,30,31,	 PureTone-5kHz	40	2	1098694945
1098701186	Triggered	2,37,38,39,40,41,	 NoSound	40	2	1098701186
1098701389	Triggered	2,37,38,39,40,41,	 File_beep2	40	2	1098701389
1098712611	Triggered	5,23,24,25,26,27,28,29,30,31,	 NoSound	40	2	1098712611
1098712815	Triggered	5,23,24,25,26,27,28,29,30,31,	 PureTone-3kHz	40	2	1098712815
1098717725	Triggered	8,52,53,54,55,56,	 NoSound	40	2	1098717725
1098717927	Triggered	8,52,53,54,55,56,	 File_beep5	40	2	1098717927
1098731745	Triggered	5,23,24,25,26,27,28,29,30,31,	 NoSound	40	2	1098731745
1098731946	Triggered	5,23,24,25,26,27,28,29,30,31,	 PureTone-2kHz	40	2	1098731946
1098736979	Triggered	2,37,38,39,40,41,	 NoSound	40	2	1098736979
1098737181	Triggered	2,37,38,39,40,41,	 File_beep5	40	2	1098737181
1098749975	Triggered	5,23,24,25,26,27,28,29,30,31,	 NoSound	40	2	1098749975
1098750176	Triggered	5,23,24,25,26,27,28,29,30,31,	 PureTone-1kHz	40	2	1098750176
1098755389	Triggered	8,52,53,54,55,56,	 NoSound	40	2	1098755389
1098755591	Triggered	8,52,53,54,55,56,	 File_beep3	40	2	1098755591
1098767242	Triggered	5,23,24,25,26,27,28,29,30,31,	 NoSound	40	2	1098767242
1098767442	Triggered	5,23,24,25,26,27,28,29,30,31,	 StopSoundShort	40	2	1098767442
1098787517	Triggered	1,14,15,16,17,18,19,20,21,22,	 NoSound	40	2	1098787517
1098791248	Triggered	6,47,48,49,50,51,	 NoSound	40	2	1098791248
1098791451	Triggered	6,47,48,49,50,51,	 File_beep4	40	2	1098791451
1098812787	Triggered	1,14,15,16,17,18,19,20,21,22,	 NoSound	40	2	1098812787
1098816397	Triggered	6,47,48,49,50,51,	 NoSound	40	2	1098816397
1098816599	Triggered	6,47,48,49,50,51,	 File_beep4	40	2	1098816599
1098840525	Triggered	1,14,15,16,17,18,19,20,21,22,	 NoSound	40	2	1098840525
1098844434	Triggered	6,47,48,49,50,51,	 NoSound	40	2	1098844434
1098844635	Triggered	6,47,48,49,50,51,	 File_beep1	40	2	1098844635
1098855023	Triggered	1,14,15,16,17,18,19,20,21,22,	 NoSound	40	2	1098855023
1098855238	Triggered	1,14,15,16,17,18,19,20,21,22,	 PureTone-9kHz	40	2	1098855238
1098859536	Triggered	4,42,43,44,45,46,	 NoSound	40	2	1098859536
1098859737	Triggered	4,42,43,44,45,46,	 File_beep1	40	2	1098859737
1098867669	Triggered	1,14,15,16,17,18,19,20,21,22,	 NoSound	40	2	1098867669
1098867873	Triggered	1,14,15,16,17,18,19,20,21,22,	 PureTone-7kHz	40	2	1098867873
1098872050	Triggered	4,42,43,44,45,46,	 NoSound	40	2	1098872050
1098872252	Triggered	4,42,43,44,45,46,	 File_beep3	40	2	1098872252
1098883241	Triggered	1,14,15,16,17,18,19,20,21,22,	 NoSound	40	2	1098883241
1098883443	Triggered	1,14,15,16,17,18,19,20,21,22,	 PureTone-5kHz	40	2	1098883443
1098887936	Triggered	4,42,43,44,45,46,	 NoSound	40	2	1098887936
1098888138	Triggered	4,42,43,44,45,46,	 File_beep2	40	2	1098888138
1098898583	Triggered	1,14,15,16,17,18,19,20,21,22,	 NoSound	40	2	1098898583
1098898786	Triggered	1,14,15,16,17,18,19,20,21,22,	 PureTone-3kHz	40	2	1098898786
1098903523	Triggered	4,42,43,44,45,46,	 NoSound	40	2	1098903523
1098903724	Triggered	4,42,43,44,45,46,	 File_beep1	40	2	1098903724
1098911639	Triggered	1,14,15,16,17,18,19,20,21,22,	 NoSound	40	2	1098911639
1098911842	Triggered	1,14,15,16,17,18,19,20,21,22,	 PureTone-2kHz	40	2	1098911842
1098916574	Triggered	4,42,43,44,45,46,	 NoSound	40	2	1098916574
1098916775	Triggered	4,42,43,44,45,46,	 File_beep2	40	2	1098916775
1098928668	Triggered	1,14,15,16,17,18,19,20,21,22,	 NoSound	40	2	1098928668
1098928870	Triggered	1,14,15,16,17,18,19,20,21,22,	 PureTone-1kHz	40	2	1098928870
1098933900	Triggered	4,42,43,44,45,46,	 NoSound	40	2	1098933900
1098934101	Triggered	4,42,43,44,45,46,	 File_beep1	40	2	1098934101
1098942203	Triggered	1,14,15,16,17,18,19,20,21,22,	 NoSound	40	2	1098942203
1098942404	Triggered	1,14,15,16,17,18,19,20,21,22,	 StopSoundShort	40	2	1098942404
1098958749	Triggered	8,52,53,54,55,56,	 NoSound	40	2	1098958749
1098958953	Triggered	8,52,53,54,55,56,	 File_beep4	40	2	1098958953
1098972286	Triggered	5,23,24,25,26,27,28,29,30,31,	 NoSound	40	2	1098972286
1098977893	Triggered	8,52,53,54,55,56,	 NoSound	40	2	1098977893
1098987448	Triggered	5,23,24,25,26,27,28,29,30,31,	 NoSound	40	2	1098987448
1098992743	Triggered	8,52,53,54,55,56,	 NoSound	40	2	1098992743
1098992944	Triggered	8,52,53,54,55,56,	 File_beep1	40	2	1098992944
1099001708	Triggered	5,23,24,25,26,27,28,29,30,31,	 NoSound	40	2	1099001708
1099001911	Triggered	5,23,24,25,26,27,28,29,30,31,	 PureTone-9kHz	40	2	1099001911
1099006400	Triggered	2,37,38,39,40,41,	 NoSound	40	2	1099006400
1099006601	Triggered	2,37,38,39,40,41,	 File_beep2	40	2	1099006601
1099017891	Triggered	5,23,24,25,26,27,28,29,30,31,	 NoSound	40	2	1099017891
1099018095	Triggered	5,23,24,25,26,27,28,29,30,31,	 PureTone-7kHz	40	2	1099018095
1099022526	Triggered	2,37,38,39,40,41,	 NoSound	40	2	1099022526
1099022739	Triggered	2,37,38,39,40,41,	 File_beep4	40	2	1099022739
1099036182	Triggered	5,23,24,25,26,27,28,29,30,31,	 NoSound	40	2	1099036182
1099036384	Triggered	5,23,24,25,26,27,28,29,30,31,	 PureTone-5kHz	40	2	1099036384
1099044788	Triggered	8,52,53,54,55,56,	 NoSound	40	2	1099044788
1099045000	Triggered	8,52,53,54,55,56,	 File_beep1	40	2	1099045000
1099056103	Triggered	5,23,24,25,26,27,28,29,30,31,	 NoSound	40	2	1099056103
1099056305	Triggered	5,23,24,25,26,27,28,29,30,31,	 PureTone-3kHz	40	2	1099056305
1099066746	Triggered	8,52,53,54,55,56,	 NoSound	40	2	1099066746
1099066948	Triggered	8,52,53,54,55,56,	 File_beep4	40	2	1099066948
1099081847	Triggered	5,23,24,25,26,27,28,29,30,31,	 NoSound	40	2	1099081847
1099082049	Triggered	5,23,24,25,26,27,28,29,30,31,	 PureTone-2kHz	40	2	1099082049
1099093821	Triggered	8,52,53,54,55,56,	 NoSound	40	2	1099093821
1099094024	Triggered	8,52,53,54,55,56,	 File_beep5	40	2	1099094024
1099109645	Triggered	5,23,24,25,26,27,28,29,30,31,	 NoSound	40	2	1099109645
1099109847	Triggered	5,23,24,25,26,27,28,29,30,31,	 PureTone-1kHz	40	2	1099109847
1099115902	Triggered	8,52,53,54,55,56,	 NoSound	40	2	1099115902
1099116105	Triggered	8,52,53,54,55,56,	 File_beep4	40	2	1099116105
1099130348	Triggered	5,23,24,25,26,27,28,29,30,31,	 NoSound	40	2	1099130348
1099130550	Triggered	5,23,24,25,26,27,28,29,30,31,	 StopSoundShort	40	2	1099130550
1099159643	Triggered	1,14,15,16,17,18,19,20,21,22,	 NoSound	40	2	1099159643
1099163854	Triggered	4,42,43,44,45,46,	 NoSound	40	2	1099163854
1099164056	Triggered	4,42,43,44,45,46,	 File_beep3	40	2	1099164056
1099178113	Triggered	1,14,15,16,17,18,19,20,21,22,	 NoSound	40	2	1099178113
1099182446	Triggered	4,42,43,44,45,46,	 NoSound	40	2	1099182446
1099188942	Triggered	1,14,15,16,17,18,19,20,21,22,	 NoSound	40	2	1099188942
1099193699	Triggered	4,42,43,44,45,46,	 NoSound	40	2	1099193699
1099193901	Triggered	4,42,43,44,45,46,	 File_beep2	40	2	1099193901
1099205188	Triggered	1,14,15,16,17,18,19,20,21,22,	 NoSound	40	2	1099205188
1099205392	Triggered	1,14,15,16,17,18,19,20,21,22,	 PureTone-9kHz	40	2	1099205392
1099209881	Triggered	6,47,48,49,50,51,	 NoSound	40	2	1099209881
1099210084	Triggered	6,47,48,49,50,51,	 File_beep4	40	2	1099210084
1099226126	Triggered	1,14,15,16,17,18,19,20,21,22,	 NoSound	40	2	1099226126
1099226330	Triggered	1,14,15,16,17,18,19,20,21,22,	 PureTone-7kHz	40	2	1099226330
1099230037	Triggered	6,47,48,49,50,51,	 NoSound	40	2	1099230037
1099230237	Triggered	6,47,48,49,50,51,	 File_beep1	40	2	1099230237
1099244054	Triggered	1,14,15,16,17,18,19,20,21,22,	 NoSound	40	2	1099244054
1099244257	Triggered	1,14,15,16,17,18,19,20,21,22,	 PureTone-5kHz	40	2	1099244257
1099248447	Triggered	6,47,48,49,50,51,	 NoSound	40	2	1099248447
1099248650	Triggered	6,47,48,49,50,51,	 File_beep5	40	2	1099248650
1099268964	Triggered	1,14,15,16,17,18,19,20,21,22,	 NoSound	40	2	1099268964
1099269167	Triggered	1,14,15,16,17,18,19,20,21,22,	 PureTone-3kHz	40	2	1099269167
1099273235	Triggered	6,47,48,49,50,51,	 NoSound	40	2	1099273235
1099273437	Triggered	6,47,48,49,50,51,	 File_beep1	40	2	1099273437
1099283585	Triggered	1,14,15,16,17,18,19,20,21,22,	 NoSound	40	2	1099283585
1099283787	Triggered	1,14,15,16,17,18,19,20,21,22,	 PureTone-2kHz	40	2	1099283787
1099289181	Triggered	6,47,48,49,50,51,	 NoSound	40	2	1099289181
1099289394	Triggered	6,47,48,49,50,51,	 File_beep5	40	2	1099289394
1099308853	Triggered	1,14,15,16,17,18,19,20,21,22,	 NoSound	40	2	1099308853
1099309055	Triggered	1,14,15,16,17,18,19,20,21,22,	 PureTone-1kHz	40	2	1099309055
1099313245	Triggered	6,47,48,49,50,51,	 NoSound	40	2	1099313245
1099313448	Triggered	6,47,48,49,50,51,	 File_beep5	40	2	1099313448
1099332257	Triggered	1,14,15,16,17,18,19,20,21,22,	 NoSound	40	2	1099332257
1099332458	Triggered	1,14,15,16,17,18,19,20,21,22,	 StopSoundShort	40	2	1099332458
1099345614	Triggered	5,23,24,25,26,27,28,29,30,31,	 NoSound	40	2	1099345614
1099349766	Triggered	8,52,53,54,55,56,	 NoSound	40	2	1099349766
1099349967	Triggered	8,52,53,54,55,56,	 File_beep1	40	2	1099349967
1099357768	Triggered	5,23,24,25,26,27,28,29,30,31,	 NoSound	40	2	1099357768
1099372148	Triggered	8,52,53,54,55,56,	 NoSound	40	2	1099372148
1099372348	Triggered	8,52,53,54,55,56,	 File_beep1	40	2	1099372348
1099380751	Triggered	5,23,24,25,26,27,28,29,30,31,	 NoSound	40	2	1099380751
1099404998	Triggered	8,52,53,54,55,56,	 NoSound	40	2	1099404998
1099405200	Triggered	8,52,53,54,55,56,	 File_beep3	40	2	1099405200
1099416429	Triggered	5,23,24,25,26,27,28,29,30,31,	 NoSound	40	2	1099416429
1099416632	Triggered	5,23,24,25,26,27,28,29,30,31,	 PureTone-9kHz	40	2	1099416632
1099429124	Triggered	2,37,38,39,40,41,	 NoSound	40	2	1099429124
1099429326	Triggered	2,37,38,39,40,41,	 File_beep2	40	2	1099429326
1099437735	Triggered	5,23,24,25,26,27,28,29,30,31,	 NoSound	40	2	1099437735
1099437939	Triggered	5,23,24,25,26,27,28,29,30,31,	 PureTone-7kHz	40	2	1099437939
1099459389	Triggered	8,52,53,54,55,56,	 NoSound	40	2	1099459389
1099459590	Triggered	8,52,53,54,55,56,	 File_beep1	40	2	1099459590
1099467631	Triggered	5,23,24,25,26,27,28,29,30,31,	 NoSound	40	2	1099467631
1099467833	Triggered	5,23,24,25,26,27,28,29,30,31,	 PureTone-5kHz	40	2	1099467833
1099506919	Triggered	8,52,53,54,55,56,	 NoSound	40	2	1099506919
1099507120	Triggered	8,52,53,54,55,56,	 File_beep2	40	2	1099507120
1099518111	Triggered	5,23,24,25,26,27,28,29,30,31,	 NoSound	40	2	1099518111
1099518323	Triggered	5,23,24,25,26,27,28,29,30,31,	 PureTone-3kHz	40	2	1099518323
1099552887	Triggered	8,52,53,54,55,56,	 NoSound	40	2	1099552887
1099553089	Triggered	8,52,53,54,55,56,	 File_beep3	40	2	1099553089
1099566724	Triggered	5,23,24,25,26,27,28,29,30,31,	 NoSound	40	2	1099566724
1099566927	Triggered	5,23,24,25,26,27,28,29,30,31,	 PureTone-2kHz	40	2	1099566927
1099596626	Triggered	8,52,53,54,55,56,	 NoSound	40	2	1099596626
1099596829	Triggered	8,52,53,54,55,56,	 File_beep5	40	2	1099596829
1099614857	Triggered	5,23,24,25,26,27,28,29,30,31,	 NoSound	40	2	1099614857
1099615058	Triggered	5,23,24,25,26,27,28,29,30,31,	 PureTone-1kHz	40	2	1099615058
1099623219	Triggered	8,52,53,54,55,56,	 NoSound	40	2	1099623219
1099623420	Triggered	8,52,53,54,55,56,	 File_beep2	40	2	1099623420
1099636094	Triggered	5,23,24,25,26,27,28,29,30,31,	 NoSound	40	2	1099636094
1099636295	Triggered	5,23,24,25,26,27,28,29,30,31,	 StopSoundShort	40	2	1099636295
