Wednesday, November 4, 2020	1:56:56 PM	Game1.txt	1201984738
Cued	Now	1202009450
9	BlinkStart	1202009540
9	BlinkEnd	1202324589
23,5	BlinkStart	1202324676
23,5	BlinkEnd	1202329017
5	0DropFeed	1202329097
23	NoFeedAbort	1202329177
1	BlinkStart	1202339192
1	BlinkEnd	1202394718
1	NoFeedLowProb	1202394798
4,42	BlinkStart	1202394835
4,42	BlinkEnd	1202403623
4	Feed	1202403703
42	Feed	1202403783
1	BlinkStart	1202403879
1	BlinkEnd	1202412647
1	NoFeedLowProb	1202412727
4,42	BlinkStart	1202412748
4,42	BlinkEnd	1202416317
4	Feed	1202416397
42	Feed	1202416478
1	BlinkStart	1202416579
1	BlinkEnd	1202424319
1	NoFeedLowProb	1202424399
4,42	BlinkStart	1202424427
4,42	BlinkEnd	1202428170
4	Feed	1202428250
42	Feed	1202428330
16,1	BlinkStart	1202428437
16,1	BlinkEnd	1202451092
1	0DropFeed	1202451172
16	Feed	1202451252
4,42,6,49	BlinkStart	1202451367
4,42,6,49	BlinkEnd	1202455725
6	Feed	1202455805
49	Feed	1202455885
15,1	BlinkStart	1202455995
15,1	BlinkEnd	1202474017
1	0DropFeed	1202474097
15	NoFeedAbort	1202474177
5	BlinkStart	1202484192
5	BlinkEnd	1202486470
5	NoFeedLowProb	1202486550
8,55	BlinkStart	1202486576
8,55	BlinkEnd	1202489598
8	Feed	1202489678
55	Feed	1202489758
5	BlinkStart	1202489856
5	BlinkEnd	1202505543
5	NoFeedLowProb	1202505623
8,55	BlinkStart	1202505654
8,55	BlinkEnd	1202508612
8	Feed	1202508692
55	Feed	1202508772
5	BlinkStart	1202508869
5	BlinkEnd	1202527864
5	NoFeedLowProb	1202527944
8,55	BlinkStart	1202527969
8,55	BlinkEnd	1202530512
8	Feed	1202530593
55	Feed	1202530673
30,5	BlinkStart	1202530765
30,5	BlinkEnd	1202546455
5	0DropFeed	1202546535
30	Feed	1202546615
8,55,2,41	BlinkStart	1202546740
8,55,2,41	BlinkEnd	1202550486
2	Feed	1202550566
41	Feed	1202550646
29,5	BlinkStart	1202550734
29,5	BlinkEnd	1202563782
5	0DropFeed	1202563863
29	Feed	1202563943
8,55,2,41	BlinkStart	1202564057
8,55,2,41	BlinkEnd	1202567033
8	Feed	1202567113
55	Feed	1202567193
28,5	BlinkStart	1202567291
28,5	BlinkEnd	1202580817
5	0DropFeed	1202580897
28	Feed	1202580977
8,55,2,41	BlinkStart	1202581099
8,55,2,41	BlinkEnd	1202583879
8	Feed	1202583959
55	Feed	1202584040
27,5	BlinkStart	1202584139
27,5	BlinkEnd	1202598137
5	0DropFeed	1202598217
27	Feed	1202598297
8,55,2,41	BlinkStart	1202598422
8,55,2,41	BlinkEnd	1202601507
8	Feed	1202601588
55	Feed	1202601668
26,5	BlinkStart	1202601771
26,5	BlinkEnd	1202614624
5	0DropFeed	1202614704
26	Feed	1202614784
8,55,2,41	BlinkStart	1202614900
8,55,2,41	BlinkEnd	1202617631
8	Feed	1202617711
55	Feed	1202617791
25,5	BlinkStart	1202617892
25,5	BlinkEnd	1202630568
5	0DropFeed	1202630648
25	Feed	1202630728
8,55,2,41	BlinkStart	1202630840
8,55,2,41	BlinkEnd	1202633214
8	Feed	1202633294
55	Feed	1202633374
23,5	BlinkStart	1202633561
23,5	BlinkEnd	1202645909
5	0DropFeed	1202645989
23	NoFeedAbort	1202646069
1	BlinkStart	1202656133
1	BlinkEnd	1202670215
1	NoFeedLowProb	1202670296
4,44	BlinkStart	1202670386
4,44	BlinkEnd	1202673043
4	Feed	1202673123
44	Feed	1202673204
1	BlinkStart	1202673351
1	BlinkEnd	1202683212
1	NoFeedLowProb	1202683292
4,44	BlinkStart	1202683381
4,44	BlinkEnd	1202686039
4	Feed	1202686119
44	Feed	1202686199
1	BlinkStart	1202686356
1	BlinkEnd	1202695546
1	NoFeedLowProb	1202695626
4,44	BlinkStart	1202695735
4,44	BlinkEnd	1202698674
4	Feed	1202698754
44	Feed	1202698835
16,1	BlinkStart	1202698992
16,1	BlinkEnd	1202708180
1	0DropFeed	1202708260
16	Feed	1202708340
4,44,6	BlinkStart	1202708493
4,44,6	BlinkEnd	1202711791
6	0DropFeed	1202711871
15,1	BlinkStart	1202712028
15,1	BlinkEnd	1202719852
1	0DropFeed	1202719933
15	NoFeedAbort	1202720013
5	BlinkStart	1202730087
5	BlinkEnd	1202736278
5	NoFeedLowProb	1202736358
2,38	BlinkStart	1202736446
2,38	BlinkEnd	1202739588
2	Feed	1202739668
38	Feed	1202739748
5	BlinkStart	1202739917
5	BlinkEnd	1202749033
5	NoFeedLowProb	1202749113
2,38	BlinkStart	1202749237
2,38	BlinkEnd	1202752523
2	Feed	1202752603
38	Feed	1202752683
5	BlinkStart	1202752834
5	BlinkEnd	1202762390
5	NoFeedLowProb	1202762470
2,38	BlinkStart	1202762574
2,38	BlinkEnd	1202765338
2	Feed	1202765418
38	Feed	1202765498
30,5	BlinkStart	1202765645
30,5	BlinkEnd	1202774182
5	0DropFeed	1202774262
30	Feed	1202774343
2,38,8,53	BlinkStart	1202774508
2,38,8,53	BlinkEnd	1202777132
8	Feed	1202777212
53	Feed	1202777292
29,5	BlinkStart	1202777450
29,5	BlinkEnd	1202785494
5	0DropFeed	1202785574
29	Feed	1202785654
2,38,8,53	BlinkStart	1202785807
2,38,8,53	BlinkEnd	1202788261
8	Feed	1202788341
53	Feed	1202788421
28,5	BlinkStart	1202788580
28,5	BlinkEnd	1202795671
5	0DropFeed	1202795751
28	Feed	1202795832
2,38,8,53	BlinkStart	1202795986
2,38,8,53	BlinkEnd	1202798550
8	Feed	1202798630
53	Feed	1202798710
27,5	BlinkStart	1202798873
27,5	BlinkEnd	1202806673
5	0DropFeed	1202806753
27	Feed	1202806833
2,38,8,53	BlinkStart	1202807007
2,38,8,53	BlinkEnd	1202810462
2	Feed	1202810542
38	Feed	1202810622
26,5	BlinkStart	1202810795
26,5	BlinkEnd	1202819549
5	0DropFeed	1202819629
26	Feed	1202819709
2,38,8,53	BlinkStart	1202819881
2,38,8,53	BlinkEnd	1202822737
8	Feed	1202822817
53	Feed	1202822897
25,5	BlinkStart	1202823046
25,5	BlinkEnd	1202830378
5	0DropFeed	1202830458
25	Feed	1202830538
2,38,8,53	BlinkStart	1202830713
2,38,8,53	BlinkEnd	1202833386
8	Feed	1202833466
53	Feed	1202833547
23,5	BlinkStart	1202833700
23,5	BlinkEnd	1202841568
5	0DropFeed	1202841648
23	NoFeedAbort	1202841728
1	BlinkStart	1202851819
1	BlinkEnd	1202863469
1	NoFeedLowProb	1202863549
4	BlinkStart	1202863639
4	BlinkEnd	1202867319
4	0DropFeed	1202867399
1	BlinkStart	1202867549
1	BlinkEnd	1202896620
1	NoFeedLowProb	1202896700
4	BlinkStart	1202896781
4	BlinkEnd	1202903058
4	0DropFeed	1202903138
1	BlinkStart	1202903294
1	BlinkEnd	1202923934
1	NoFeedLowProb	1202924014
4	BlinkStart	1202924090
4	BlinkEnd	1202929830
4	0DropFeed	1202929910
16,1	BlinkStart	1202930090
16,1	BlinkEnd	1202961122
1	0DropFeed	1202961202
16	Feed	1202961282
6,47,4	BlinkStart	1202961462
6,47,4	BlinkEnd	1202964909
6	Feed	1202964989
47	Feed	1202965069
15,1	BlinkStart	1202965237
15,1	BlinkEnd	1202975799
1	0DropFeed	1202975879
15	NoFeedAbort	1202975959
5	BlinkStart	1202986022
5	BlinkEnd	1203028984
5	NoFeedLowProb	1203029064
8,54	BlinkStart	1203029165
8,54	BlinkEnd	1203032174
8	Feed	1203032254
54	Feed	1203032335
5	BlinkStart	1203032506
5	BlinkEnd	1203044990
5	NoFeedLowProb	1203045070
8,54	BlinkStart	1203045160
8,54	BlinkEnd	1203047997
8	Feed	1203048077
54	Feed	1203048158
5	BlinkStart	1203048314
5	BlinkEnd	1203060091
5	NoFeedLowProb	1203060171
8,54	BlinkStart	1203060282
8,54	BlinkEnd	1203063233
8	Feed	1203063313
54	Feed	1203063393
30,5	BlinkStart	1203063576
30,5	BlinkEnd	1203087405
5	0DropFeed	1203087485
30	Feed	1203087565
8,54,2,37	BlinkStart	1203087733
8,54,2,37	BlinkEnd	1203090053
8	Feed	1203090133
54	Feed	1203090213
29,5	BlinkStart	1203090375
29,5	BlinkEnd	1203101003
5	0DropFeed	1203101083
29	Feed	1203101163
8,54,2,37	BlinkStart	1203101334
8,54,2,37	BlinkEnd	1203103650
8	Feed	1203103730
54	Feed	1203103810
28,5	BlinkStart	1203103994
28,5	BlinkEnd	1203113879
5	0DropFeed	1203113959
28	Feed	1203114039
8,54,2,37	BlinkStart	1203114206
8,54,2,37	BlinkEnd	1203116887
8	Feed	1203116967
54	Feed	1203117047
27,5	BlinkStart	1203117221
27,5	BlinkEnd	1203128318
5	0DropFeed	1203128398
27	Feed	1203128479
8,54,2,37	BlinkStart	1203128662
8,54,2,37	BlinkEnd	1203130905
8	Feed	1203130985
54	Feed	1203131065
26,5	BlinkStart	1203131234
26,5	BlinkEnd	1203142758
5	0DropFeed	1203142838
26	Feed	1203142918
8,54,2,37	BlinkStart	1203143118
8,54,2,37	BlinkEnd	1203145525
8	Feed	1203145605
54	Feed	1203145685
25,5	BlinkStart	1203145830
25,5	BlinkEnd	1203156175
5	0DropFeed	1203156255
25	Feed	1203156335
8,54,2,37	BlinkStart	1203156491
8,54,2,37	BlinkEnd	1203159603
8	Feed	1203159684
54	Feed	1203159764
23,5	BlinkStart	1203159913
23,5	BlinkEnd	1203171938
5	0DropFeed	1203172018
23	NoFeedAbort	1203172098
1	BlinkStart	1203182172
1	BlinkEnd	1203189747
1	NoFeedLowProb	1203189827
6,47	BlinkStart	1203189896
6,47	BlinkEnd	1203192756
6	Feed	1203192836
47	Feed	1203192916
1	BlinkStart	1203193089
1	BlinkEnd	1203203163
1	NoFeedLowProb	1203203243
6,47	BlinkStart	1203203315
6,47	BlinkEnd	1203206234
6	Feed	1203206314
47	Feed	1203206395
1	BlinkStart	1203206555
1	BlinkEnd	1203215456
1	NoFeedLowProb	1203215536
6,47	BlinkStart	1203215631
6,47	BlinkEnd	1203218325
6	Feed	1203218406
47	Feed	1203218486
16,1	BlinkStart	1203218628
16,1	BlinkEnd	1203227110
1	0DropFeed	1203227190
16	Feed	1203227270
6,47,4,45	BlinkStart	1203227443
6,47,4,45	BlinkEnd	1203231502
4	Feed	1203231582
45	Feed	1203231662
15,1	BlinkStart	1203231813
15,1	BlinkEnd	1203242212
1	0DropFeed	1203242292
15	NoFeedAbort	1203242372
5	BlinkStart	1203252435
5	BlinkEnd	1203258938
5	NoFeedLowProb	1203259018
2,40	BlinkStart	1203259105
2,40	BlinkEnd	1203261765
2	Feed	1203261845
40	Feed	1203261925
5	BlinkStart	1203262087
5	BlinkEnd	1203274460
5	NoFeedLowProb	1203274540
2,40	BlinkStart	1203274685
2,40	BlinkEnd	1203277409
2	Feed	1203277489
40	Feed	1203277569
5	BlinkStart	1203277747
5	BlinkEnd	1203288840
5	NoFeedLowProb	1203288920
2,40	BlinkStart	1203289013
2,40	BlinkEnd	1203291789
2	Feed	1203291869
40	Feed	1203291949
30,5	BlinkStart	1203292094
30,5	BlinkEnd	1203302738
5	0DropFeed	1203302818
30	Feed	1203302898
2,40,8	BlinkStart	1203303067
2,40,8	BlinkEnd	1203305927
8	0DropFeed	1203306007
29,5	BlinkStart	1203306173
29,5	BlinkEnd	1203312184
5	0DropFeed	1203312264
29	Feed	1203312344
2,40,8	BlinkStart	1203312493
2,40,8	BlinkEnd	1203359897
8	0DropFeed	1203359977
28,5	BlinkStart	1203360125
28,5	BlinkEnd	1203378368
5	0DropFeed	1203378448
28	Feed	1203378528
2,40,8	BlinkStart	1203378682
2,40,8	BlinkEnd	1203382157
2	Feed	1203382237
40	Feed	1203382317
27,5	BlinkStart	1203382485
27,5	BlinkEnd	1203398643
5	0DropFeed	1203398723
27	Feed	1203398803
2,40,8	BlinkStart	1203398982
2,40,8	BlinkEnd	1203402012
8	0DropFeed	1203402092
26,5	BlinkStart	1203402297
26,5	BlinkEnd	1203406524
5	0DropFeed	1203406604
26	Feed	1203406684
2,40,8	BlinkStart	1203406837
2,40,8	BlinkEnd	1203410496
8	0DropFeed	1203410576
25,5	BlinkStart	1203410749
25,5	BlinkEnd	1203421927
5	0DropFeed	1203422007
25	Feed	1203422087
2,40,8	BlinkStart	1203422291
2,40,8	BlinkEnd	1203425716
2	Feed	1203425796
40	Feed	1203425876
23,5	BlinkStart	1203426053
23,5	BlinkEnd	1203443407
5	0DropFeed	1203443487
23	NoFeedAbort	1203443567
1	BlinkStart	1203453630
1	BlinkEnd	1203457492
1	NoFeedLowProb	1203457573
4,45	BlinkStart	1203457682
4,45	BlinkEnd	1203461576
4	Feed	1203461656
45	Feed	1203461736
1	BlinkStart	1203461922
1	BlinkEnd	1203475835
1	NoFeedLowProb	1203475915
4,45	BlinkStart	1203476053
4,45	BlinkEnd	1203478964
4	Feed	1203479044
45	Feed	1203479124
1	BlinkStart	1203479286
1	BlinkEnd	1203514702
1	NoFeedLowProb	1203514782
4,45	BlinkStart	1203514875
4,45	BlinkEnd	1203517951
4	Feed	1203518031
45	Feed	1203518111
16,1	BlinkStart	1203518273
16,1	BlinkEnd	1203533174
1	0DropFeed	1203533254
16	Feed	1203533334
4,45,6	BlinkStart	1203533482
4,45,6	BlinkEnd	1203535941
4	Feed	1203536021
45	Feed	1203536101
15,1	BlinkStart	1203536288
15,1	BlinkEnd	1203548937
1	0DropFeed	1203549017
15	NoFeedAbort	1203549097
5	BlinkStart	1203559163
5	BlinkEnd	1203563977
5	NoFeedLowProb	1203564057
2,41	BlinkStart	1203564129
2,41	BlinkEnd	1203568430
2	Feed	1203568510
41	Feed	1203568590
5	BlinkStart	1203568762
5	BlinkEnd	1203583713
5	NoFeedLowProb	1203583793
2,41	BlinkStart	1203583888
2,41	BlinkEnd	1203587201
2	Feed	1203587281
41	Feed	1203587361
5	BlinkStart	1203587525
5	BlinkEnd	1203604649
5	NoFeedLowProb	1203604729
2,41	BlinkStart	1203604795
2,41	BlinkEnd	1203607838
2	Feed	1203607918
41	Feed	1203607998
30,5	BlinkStart	1203608164
30,5	BlinkEnd	1203624806
5	0DropFeed	1203624886
30	Feed	1203624967
2,41,8,53	BlinkStart	1203625149
2,41,8,53	BlinkEnd	1203628115
8	Feed	1203628195
53	Feed	1203628275
29,5	BlinkStart	1203628418
29,5	BlinkEnd	1203638222
5	0DropFeed	1203638302
29	Feed	1203638382
2,41,8,53	BlinkStart	1203638548
2,41,8,53	BlinkEnd	1203641719
8	Feed	1203641799
53	Feed	1203641880
28,5	BlinkStart	1203642059
28,5	BlinkEnd	1203650797
5	0DropFeed	1203650877
28	Feed	1203650957
2,41,8,53	BlinkStart	1203651151
2,41,8,53	BlinkEnd	1203654106
8	Feed	1203654186
53	Feed	1203654266
27,5	BlinkStart	1203654440
27,5	BlinkEnd	1203664215
5	0DropFeed	1203664295
27	Feed	1203664375
2,41,8,53	BlinkStart	1203664529
2,41,8,53	BlinkEnd	1203668015
2	Feed	1203668095
41	Feed	1203668175
26,5	BlinkStart	1203668331
26,5	BlinkEnd	1203683468
5	0DropFeed	1203683548
26	Feed	1203683629
2,41,8,53	BlinkStart	1203683798
2,41,8,53	BlinkEnd	1203686660
2	Feed	1203686740
41	Feed	1203686820
25,5	BlinkStart	1203686969
25,5	BlinkEnd	1203702420
5	0DropFeed	1203702500
25	Feed	1203702580
2,41,8,53	BlinkStart	1203702753
2,41,8,53	BlinkEnd	1203705608
8	Feed	1203705688
53	Feed	1203705768
23,5	BlinkStart	1203705919
23,5	BlinkEnd	1203714272
5	0DropFeed	1203714352
23	NoFeedAbort	1203714432
1	BlinkStart	1203724514
1	BlinkEnd	1203732502
1	NoFeedLowProb	1203732582
4,43	BlinkStart	1203732668
4,43	BlinkEnd	1203735510
4	Feed	1203735590
43	Feed	1203735671
1	BlinkStart	1203735853
1	BlinkEnd	1203747124
1	NoFeedLowProb	1203747205
4,43	BlinkStart	1203747288
4,43	BlinkEnd	1203750313
4	Feed	1203750393
43	Feed	1203750473
1	BlinkStart	1203750615
1	BlinkEnd	1203763126
1	NoFeedLowProb	1203763206
4,43	BlinkStart	1203763292
4,43	BlinkEnd	1203767459
4	Feed	1203767539
43	Feed	1203767620
16,1	BlinkStart	1203767762
16,1	BlinkEnd	1203778709
1	0DropFeed	1203778789
16	Feed	1203778869
4,43,6,47	BlinkStart	1203779026
4,43,6,47	BlinkEnd	1203782559
6	Feed	1203782639
47	Feed	1203782719
15,1	BlinkStart	1203782899
15,1	BlinkEnd	1203794172
1	0DropFeed	1203794252
15	NoFeedAbort	1203794332
5	BlinkStart	1203804396
5	BlinkEnd	1203806144
5	NoFeedLowProb	1203806224
8,56	BlinkStart	1203806301
8,56	BlinkEnd	1203810597
8	Feed	1203810677
56	Feed	1203810757
5	BlinkStart	1203810905
5	BlinkEnd	1203826061
5	NoFeedLowProb	1203826141
8,56	BlinkStart	1203826218
8,56	BlinkEnd	1203830151
8	Feed	1203830233
56	Feed	1203830313
5	BlinkStart	1203830457
5	BlinkEnd	1203847780
5	NoFeedLowProb	1203847860
8,56	BlinkStart	1203847940
8,56	BlinkEnd	1203852413
8	Feed	1203852493
56	Feed	1203852574
30,5	BlinkStart	1203852718
30,5	BlinkEnd	1203868898
5	0DropFeed	1203868978
30	Feed	1203869058
8,56,2,39	BlinkStart	1203869223
8,56,2,39	BlinkEnd	1203872690
2	Feed	1203872770
39	Feed	1203872850
29,5	BlinkStart	1203872993
29,5	BlinkEnd	1203888150
5	0DropFeed	1203888230
29	Feed	1203888310
8,56,2,39	BlinkStart	1203888475
8,56,2,39	BlinkEnd	1203891941
2	Feed	1203892021
39	Feed	1203892101
28,5	BlinkStart	1203892264
28,5	BlinkEnd	1203906864
5	0DropFeed	1203906944
28	Feed	1203907024
8,56,2,39	BlinkStart	1203907196
8,56,2,39	BlinkEnd	1203910714
2	Feed	1203910794
39	Feed	1203910874
27,5	BlinkStart	1203911038
27,5	BlinkEnd	1203924010
5	0DropFeed	1203924090
27	Feed	1203924170
8,56,2,39	BlinkStart	1203924357
8,56,2,39	BlinkEnd	1203927980
2	Feed	1203928060
39	Feed	1203928140
26,5	BlinkStart	1203928293
26,5	BlinkEnd	1203941164
5	0DropFeed	1203941244
26	Feed	1203941324
8,56,2,39	BlinkStart	1203941486
8,56,2,39	BlinkEnd	1203944707
2	Feed	1203944787
39	Feed	1203944867
25,5	BlinkStart	1203945018
25,5	BlinkEnd	1203957222
5	0DropFeed	1203957303
25	Feed	1203957383
8,56,2,39	BlinkStart	1203957548
8,56,2,39	BlinkEnd	1203960771
8	Feed	1203960851
56	Feed	1203960931
23,5	BlinkStart	1203961091
23,5	BlinkEnd	1203978039
5	0DropFeed	1203978119
23	NoFeedAbort	1203978199
1	BlinkStart	1203988283
1	BlinkEnd	1204044042
1	NoFeedLowProb	1204044122
6,49	BlinkStart	1204044214
6,49	BlinkEnd	1204105289
6	Feed	1204105369
49	Feed	1204105449
1	BlinkStart	1204105608
1	BlinkEnd	1204124423
1	NoFeedLowProb	1204124503
6,49	BlinkStart	1204124586
6,49	BlinkEnd	1204127490
6	Feed	1204127570
49	Feed	1204127650
1	BlinkStart	1204127803
1	BlinkEnd	1204154685
1	NoFeedLowProb	1204154765
6,49	BlinkStart	1204154872
6,49	BlinkEnd	1204158415
6	Feed	1204158495
49	Feed	1204158575
16,1	BlinkStart	1204158743
16,1	BlinkEnd	1204178450
1	0DropFeed	1204178530
16	Feed	1204178610
6,49,4	BlinkStart	1204178796
6,49,4	BlinkEnd	1204182422
6	Feed	1204182502
49	Feed	1204182582
15,1	BlinkStart	1204182728
15,1	BlinkEnd	1204201314
1	0DropFeed	1204201394
15	NoFeedAbort	1204201474
5	BlinkStart	1204211537
5	BlinkEnd	1204216656
5	NoFeedLowProb	1204216736
2,37	BlinkStart	1204216814
2,37	BlinkEnd	1204219544
2	Feed	1204219624
37	Feed	1204219705
5	BlinkStart	1204219894
5	BlinkEnd	1204231096
5	NoFeedLowProb	1204231176
2,37	BlinkStart	1204231254
2,37	BlinkEnd	1204236329
2	Feed	1204236409
37	Feed	1204236490
5	BlinkStart	1204236647
5	BlinkEnd	1204245895
5	NoFeedLowProb	1204245976
2,37	BlinkStart	1204246066
2,37	BlinkEnd	1204249807
2	Feed	1204249887
37	Feed	1204249967
30,5	BlinkStart	1204250131
30,5	BlinkEnd	1204258110
5	0DropFeed	1204258190
30	Feed	1204258270
2,37,8,52	BlinkStart	1204258427
2,37,8,52	BlinkEnd	1204262744
8	Feed	1204262824
52	Feed	1204262904
29,5	BlinkStart	1204263058
29,5	BlinkEnd	1204270864
5	0DropFeed	1204270944
29	Feed	1204271024
2,37,8,52	BlinkStart	1204271183
2,37,8,52	BlinkEnd	1204274717
2	Feed	1204274797
37	Feed	1204274877
28,5	BlinkStart	1204275021
28,5	BlinkEnd	1204286027
5	0DropFeed	1204286107
28	Feed	1204286187
2,37,8,52	BlinkStart	1204286352
2,37,8,52	BlinkEnd	1204291262
8	Feed	1204291342
52	Feed	1204291423
27,5	BlinkStart	1204291583
27,5	BlinkEnd	1204302573
5	0DropFeed	1204302653
27	Feed	1204302734
2,37,8,52	BlinkStart	1204302910
2,37,8,52	BlinkEnd	1204307570
2	Feed	1204307650
37	Feed	1204307730
26,5	BlinkStart	1204307876
26,5	BlinkEnd	1204317796
5	0DropFeed	1204317876
26	Feed	1204317957
2,37,8,52	BlinkStart	1204318115
2,37,8,52	BlinkEnd	1204321946
2	Feed	1204322026
37	Feed	1204322106
25,5	BlinkStart	1204322250
25,5	BlinkEnd	1205454373
0	StopTraining	1205454453
0	StopTraining	1205454453
0	StopTraining	1205454454
0	StopTraining	1205454454
0	StopTraining	1205454455
0	StopTraining	1205454456
0	StopTraining	1205454456
0	StopTraining	1205454457
0	StopTraining	1205454457
0	StopTraining	1205454458
