Tuesday, June 16, 2020	9:31:06 AM	Game1.txt	569625150
Cued	Now	569647809
9	BlinkStart	569647841
9	BlinkEnd	569707751
24,5	BlinkStart	569707843
24,5	BlinkEnd	569718940
5	0DropFeed	569719020
24	NoFeedAbort	569719100
22,1	BlinkStart	569729127
22,1	BlinkEnd	569743740
1	0DropFeed	569743820
22	Feed	569743900
4,6	BlinkStart	569744000
4,6	BlinkEnd	569749355
4	Feed	569749435
21,1	BlinkStart	569749524
21,1	BlinkEnd	569758243
1	0DropFeed	569758323
21	Feed	569758403
4,6	BlinkStart	569758496
4,6	BlinkEnd	569763457
4	Feed	569763537
20,1	BlinkStart	569763632
20,1	BlinkEnd	569771680
1	0DropFeed	569771760
20	Feed	569771840
4,6	BlinkStart	569771932
4,6	BlinkEnd	569775354
4	Feed	569775434
19,1	BlinkStart	569775533
19,1	BlinkEnd	569783909
1	0DropFeed	569783989
19	Feed	569784069
4,6	BlinkStart	569784164
4,6	BlinkEnd	569787653
4	Feed	569787733
18,1	BlinkStart	569787833
18,1	BlinkEnd	569795339
1	0DropFeed	569795420
18	Feed	569795500
4,6	BlinkStart	569795600
4,6	BlinkEnd	569798415
4	Feed	569798495
17,1	BlinkStart	569798595
17,1	BlinkEnd	569807037
1	0DropFeed	569807119
17	Feed	569807199
4,6	BlinkStart	569807297
4,6	BlinkEnd	569811115
4	Feed	569811195
16,1	BlinkStart	569811288
16,1	BlinkEnd	569819470
1	0DropFeed	569819550
16	Feed	569819630
4,6	BlinkStart	569819725
4,6	BlinkEnd	569822811
4	Feed	569822892
14,1	BlinkStart	569822974
14,1	BlinkEnd	569831044
1	0DropFeed	569831125
14	NoFeedAbort	569831205
26,5	BlinkStart	569841212
26,5	BlinkEnd	569841480
5	0DropFeed	569841560
26	Feed	569841640
8,2	BlinkStart	569841721
8,2	BlinkEnd	569845409
8	Feed	569845489
25,5	BlinkStart	569845571
25,5	BlinkEnd	569853225
5	0DropFeed	569853305
25	Feed	569853385
8,2	BlinkStart	569853466
8,2	BlinkEnd	569856700
2	Feed	569856781
24,5	BlinkStart	569856863
24,5	BlinkEnd	569864655
5	0DropFeed	569864735
24	NoFeedAbort	569864816
22,1	BlinkStart	569874825
22,1	BlinkEnd	569878690
1	0DropFeed	569878770
22	Feed	569878850
6,4	BlinkStart	569878934
6,4	BlinkEnd	569883169
6	Feed	569883249
21,1	BlinkStart	569883330
21,1	BlinkEnd	569889987
1	0DropFeed	569890067
21	Feed	569890147
6,4	BlinkStart	569890228
6,4	BlinkEnd	569893529
6	Feed	569893610
20,1	BlinkStart	569893692
20,1	BlinkEnd	569899344
1	0DropFeed	569899424
20	Feed	569899504
6,4	BlinkStart	569899586
6,4	BlinkEnd	569903159
4	Feed	569903239
19,1	BlinkStart	569903320
19,1	BlinkEnd	569911242
1	0DropFeed	569911323
19	Feed	569911403
6,4	BlinkStart	569911532
6,4	BlinkEnd	569914317
4	Feed	569914397
18,1	BlinkStart	569914509
18,1	BlinkEnd	569921536
1	0DropFeed	569921617
18	Feed	569921697
6,4	BlinkStart	569921828
6,4	BlinkEnd	569924342
4	Feed	569924422
17,1	BlinkStart	569924561
17,1	BlinkEnd	569931963
1	0DropFeed	569932044
17	Feed	569932124
6,4	BlinkStart	569932263
6,4	BlinkEnd	569934837
4	Feed	569934917
16,1	BlinkStart	569935035
16,1	BlinkEnd	569942724
1	0DropFeed	569942804
16	Feed	569942885
6,4	BlinkStart	569943019
6,4	BlinkEnd	569945398
4	Feed	569945478
14,1	BlinkStart	569945598
14,1	BlinkEnd	569953351
1	0DropFeed	569953432
14	NoFeedAbort	569953512
26,5	BlinkStart	569963562
26,5	BlinkEnd	569964259
5	0DropFeed	569964339
26	Feed	569964419
2,8	BlinkStart	569964541
2,8	BlinkEnd	569967589
2	Feed	569967670
25,5	BlinkStart	569967803
25,5	BlinkEnd	569977013
5	0DropFeed	569977093
25	Feed	569977173
2,8	BlinkStart	569977311
2,8	BlinkEnd	569980088
2	Feed	569980169
24,5	BlinkStart	569980295
24,5	BlinkEnd	569987106
5	0DropFeed	569987186
24	NoFeedAbort	569987266
22,1	BlinkStart	569997298
22,1	BlinkEnd	570003081
1	0DropFeed	570003161
22	Feed	570003241
6,4	BlinkStart	570003351
6,4	BlinkEnd	570006423
6	Feed	570006504
21,1	BlinkStart	570006662
21,1	BlinkEnd	570015588
1	0DropFeed	570015668
21	Feed	570015748
6,4	BlinkStart	570015887
6,4	BlinkEnd	570018656
6	Feed	570018736
20,1	BlinkStart	570018859
20,1	BlinkEnd	570027679
1	0DropFeed	570027759
20	Feed	570027839
6,4	BlinkStart	570027965
6,4	BlinkEnd	570030554
6	Feed	570030634
19,1	BlinkStart	570030757
19,1	BlinkEnd	570038306
1	0DropFeed	570038387
19	Feed	570038467
6,4	BlinkStart	570038577
6,4	BlinkEnd	570041382
6	Feed	570041462
18,1	BlinkStart	570041595
18,1	BlinkEnd	570050941
1	0DropFeed	570051021
18	Feed	570051101
6,4	BlinkStart	570051208
6,4	BlinkEnd	570054415
6	Feed	570054495
17,1	BlinkStart	570054621
17,1	BlinkEnd	570062971
1	0DropFeed	570063051
17	Feed	570063131
6,4	BlinkStart	570063258
6,4	BlinkEnd	570066045
6	Feed	570066125
16,1	BlinkStart	570066279
16,1	BlinkEnd	570074869
1	0DropFeed	570074950
16	Feed	570075030
6,4	BlinkStart	570075148
6,4	BlinkEnd	570077678
6	Feed	570077758
14,1	BlinkStart	570077893
14,1	BlinkEnd	570085830
1	0DropFeed	570085910
14	NoFeedAbort	570085991
26,5	BlinkStart	570096037
26,5	BlinkEnd	570103008
5	0DropFeed	570103088
26	Feed	570103169
8,2	BlinkStart	570103306
8,2	BlinkEnd	570106619
2	Feed	570106699
25,5	BlinkStart	570106844
25,5	BlinkEnd	570114773
5	0DropFeed	570114853
25	Feed	570114933
8,2	BlinkStart	570115072
8,2	BlinkEnd	570117780
2	Feed	570117860
24,5	BlinkStart	570117977
24,5	BlinkEnd	570125267
5	0DropFeed	570125347
24	NoFeedAbort	570125427
22,1	BlinkStart	570135486
22,1	BlinkEnd	570135750
1	0DropFeed	570135830
22	Feed	570135910
6,4	BlinkStart	570136024
6,4	BlinkEnd	570139772
4	Feed	570139852
21,1	BlinkStart	570139959
21,1	BlinkEnd	570148672
1	0DropFeed	570148752
21	Feed	570148832
6,4	BlinkStart	570148970
6,4	BlinkEnd	570151670
4	Feed	570151751
20,1	BlinkStart	570151867
20,1	BlinkEnd	570160225
1	0DropFeed	570160305
20	Feed	570160385
6,4	BlinkStart	570160527
6,4	BlinkEnd	570162899
4	Feed	570162980
19,1	BlinkStart	570163118
19,1	BlinkEnd	570170655
1	0DropFeed	570170735
19	Feed	570170815
6,4	BlinkStart	570170957
6,4	BlinkEnd	570173526
4	Feed	570173606
18,1	BlinkStart	570173759
18,1	BlinkEnd	570181550
1	0DropFeed	570181630
18	Feed	570181710
6,4	BlinkStart	570181833
6,4	BlinkEnd	570184154
4	Feed	570184234
17,1	BlinkStart	570184344
17,1	BlinkEnd	570192307
1	0DropFeed	570192387
17	Feed	570192467
6,4	BlinkStart	570192615
6,4	BlinkEnd	570195383
4	Feed	570195463
16,1	BlinkStart	570195593
16,1	BlinkEnd	570203404
1	0DropFeed	570203484
16	Feed	570203564
6,4	BlinkStart	570203708
6,4	BlinkEnd	570206150
4	Feed	570206230
14,1	BlinkStart	570206374
14,1	BlinkEnd	570214566
1	0DropFeed	570214646
14	NoFeedAbort	570214726
26,5	BlinkStart	570224799
26,5	BlinkEnd	570228736
5	0DropFeed	570228816
26	Feed	570228896
2,8	BlinkStart	570229011
2,8	BlinkEnd	570231811
2	Feed	570231892
25,5	BlinkStart	570232043
25,5	BlinkEnd	570243041
5	0DropFeed	570243121
25	Feed	570243201
2,8	BlinkStart	570243339
2,8	BlinkEnd	570245915
2	Feed	570245995
24,5	BlinkStart	570246157
24,5	BlinkEnd	570254738
5	0DropFeed	570254819
24	NoFeedAbort	570254899
22,1	BlinkStart	570264949
22,1	BlinkEnd	570267304
1	0DropFeed	570267384
22	Feed	570267464
4,6	BlinkStart	570267582
4,6	BlinkEnd	570270845
6	0DropFeed	570270926
21,1	BlinkStart	570271056
21,1	BlinkEnd	570280739
1	0DropFeed	570280819
21	Feed	570280899
4,6	BlinkStart	570281025
4,6	BlinkEnd	570283880
6	0DropFeed	570283961
20,1	BlinkStart	570284101
20,1	BlinkEnd	570289963
1	0DropFeed	570290043
20	Feed	570290123
4,6	BlinkStart	570290241
4,6	BlinkEnd	570293171
6	0DropFeed	570293251
19,1	BlinkStart	570293388
19,1	BlinkEnd	570297315
1	0DropFeed	570297395
19	Feed	570297475
4,6	BlinkStart	570297582
4,6	BlinkEnd	570300458
4	Feed	570300538
18,1	BlinkStart	570300684
18,1	BlinkEnd	570310817
1	0DropFeed	570310897
18	Feed	570310977
4,6	BlinkStart	570311108
4,6	BlinkEnd	570313491
4	Feed	570313571
17,1	BlinkStart	570313729
17,1	BlinkEnd	570322447
1	0DropFeed	570322528
17	Feed	570322609
4,6	BlinkStart	570322736
4,6	BlinkEnd	570324987
4	Feed	570325067
16,1	BlinkStart	570325224
16,1	BlinkEnd	570333878
1	0DropFeed	570333958
16	Feed	570334038
4,6	BlinkStart	570334174
4,6	BlinkEnd	570336551
4	Feed	570336631
14,1	BlinkStart	570336746
14,1	BlinkEnd	570347847
1	0DropFeed	570347928
14	NoFeedAbort	570348008
26,5	BlinkStart	570358053
26,5	BlinkEnd	570361616
5	0DropFeed	570361697
26	Feed	570361777
8,2	BlinkStart	570361910
8,2	BlinkEnd	570364824
2	Feed	570364904
25,5	BlinkStart	570365061
25,5	BlinkEnd	570373046
5	0DropFeed	570373126
25	Feed	570373207
8,2	BlinkStart	570373326
8,2	BlinkEnd	570376321
2	Feed	570376401
24,5	BlinkStart	570376526
24,5	BlinkEnd	570384810
5	0DropFeed	570384891
24	NoFeedAbort	570384971
22,1	BlinkStart	570395016
22,1	BlinkEnd	570399715
1	0DropFeed	570399797
22	Feed	570399877
4,6	BlinkStart	570399986
4,6	BlinkEnd	570403325
4	Feed	570403405
21,1	BlinkStart	570403547
21,1	BlinkEnd	570413350
1	0DropFeed	570413430
21	Feed	570413510
4,6	BlinkStart	570413644
4,6	BlinkEnd	570416159
4	Feed	570416239
20,1	BlinkStart	570416384
20,1	BlinkEnd	570425716
1	0DropFeed	570425796
20	Feed	570425876
4,6	BlinkStart	570426022
4,6	BlinkEnd	570428256
4	Feed	570428337
19,1	BlinkStart	570428490
19,1	BlinkEnd	570438751
1	0DropFeed	570438831
19	Feed	570438911
4,6	BlinkStart	570439037
4,6	BlinkEnd	570441424
4	Feed	570441504
18,1	BlinkStart	570441623
18,1	BlinkEnd	570450584
1	0DropFeed	570450664
18	Feed	570450744
4,6	BlinkStart	570450885
4,6	BlinkEnd	570453188
4	Feed	570453268
17,1	BlinkStart	570453415
17,1	BlinkEnd	570462746
1	0DropFeed	570462826
17	Feed	570462906
4,6	BlinkStart	570463031
4,6	BlinkEnd	570465420
4	Feed	570465500
16,1	BlinkStart	570465606
16,1	BlinkEnd	570475179
1	0DropFeed	570475259
16	Feed	570475339
4,6	BlinkStart	570475489
4,6	BlinkEnd	570477919
4	Feed	570477999
14,1	BlinkStart	570478124
14,1	BlinkEnd	570489348
1	0DropFeed	570489428
14	NoFeedAbort	570489508
26,5	BlinkStart	570499551
26,5	BlinkEnd	570500846
5	0DropFeed	570500926
26	Feed	570501006
2,8	BlinkStart	570501146
2,8	BlinkEnd	570504321
2	Feed	570504401
25,5	BlinkStart	570504529
25,5	BlinkEnd	570511073
5	0DropFeed	570511154
25	Feed	570511234
2,8	BlinkStart	570511367
2,8	BlinkEnd	570515216
8	0DropFeed	570515296
24,5	BlinkStart	570515424
24,5	BlinkEnd	570521767
5	0DropFeed	570521848
24	NoFeedAbort	570521928
22,1	BlinkStart	570531971
22,1	BlinkEnd	570532729
1	0DropFeed	570532809
22	Feed	570532889
4,6	BlinkStart	570533007
4,6	BlinkEnd	570537207
4	Feed	570537287
21,1	BlinkStart	570537431
21,1	BlinkEnd	570546231
1	0DropFeed	570546312
21	Feed	570546392
4,6	BlinkStart	570546543
4,6	BlinkEnd	570552715
4	Feed	570552796
20,1	BlinkStart	570552935
20,1	BlinkEnd	570561136
1	0DropFeed	570561216
20	Feed	570561296
4,6	BlinkStart	570561437
4,6	BlinkEnd	570564612
4	Feed	570564693
19,1	BlinkStart	570564815
19,1	BlinkEnd	570572834
1	0DropFeed	570572914
19	Feed	570572994
4,6	BlinkStart	570573141
4,6	BlinkEnd	570576577
4	Feed	570576657
18,1	BlinkStart	570576776
18,1	BlinkEnd	570586938
1	0DropFeed	570587019
18	Feed	570587099
4,6	BlinkStart	570587231
4,6	BlinkEnd	570590747
4	Feed	570590828
17,1	BlinkStart	570590941
17,1	BlinkEnd	570601842
1	0DropFeed	570601923
17	Feed	570602003
4,6	BlinkStart	570602127
4,6	BlinkEnd	570605118
4	Feed	570605198
16,1	BlinkStart	570605348
16,1	BlinkEnd	570614074
1	0DropFeed	570614154
16	Feed	570614234
4,6	BlinkStart	570614356
4,6	BlinkEnd	570617683
4	Feed	570617763
14,1	BlinkStart	570617915
14,1	BlinkEnd	570626244
1	0DropFeed	570626324
14	NoFeedAbort	570626404
26,5	BlinkStart	570636457
26,5	BlinkEnd	570636722
5	0DropFeed	570636802
26	Feed	570636882
8,2	BlinkStart	570636988
8,2	BlinkEnd	570644822
8	Feed	570644902
25,5	BlinkStart	570645055
25,5	BlinkEnd	570657255
5	0DropFeed	570657336
25	Feed	570657416
8,2	BlinkStart	570657541
8,2	BlinkEnd	570660807
2	Feed	570660887
24,5	BlinkStart	570661018
24,5	BlinkEnd	570667881
5	0DropFeed	570667961
24	NoFeedAbort	570668042
22,1	BlinkStart	570678087
22,1	BlinkEnd	570679446
1	0DropFeed	570679526
22	Feed	570679606
6,4	BlinkStart	570679726
6,4	BlinkEnd	570683122
4	Feed	570683202
21,1	BlinkStart	570683365
21,1	BlinkEnd	570691477
1	0DropFeed	570691557
21	Feed	570691637
6,4	BlinkStart	570691770
6,4	BlinkEnd	570694952
4	Feed	570695032
20,1	BlinkStart	570695187
20,1	BlinkEnd	570703574
1	0DropFeed	570703654
20	Feed	570703735
6,4	BlinkStart	570703881
6,4	BlinkEnd	570707055
4	Feed	570707135
19,1	BlinkStart	570707253
19,1	BlinkEnd	570715208
1	0DropFeed	570715288
19	Feed	570715368
6,4	BlinkStart	570715490
6,4	BlinkEnd	570718483
4	Feed	570718563
18,1	BlinkStart	570718716
18,1	BlinkEnd	570727302
1	0DropFeed	570727383
18	Feed	570727463
6,4	BlinkStart	570727572
6,4	BlinkEnd	570730579
4	Feed	570730659
17,1	BlinkStart	570730811
17,1	BlinkEnd	570738801
1	0DropFeed	570738882
17	Feed	570738962
6,4	BlinkStart	570739090
6,4	BlinkEnd	570741807
4	Feed	570741887
16,1	BlinkStart	570742036
16,1	BlinkEnd	570749962
1	0DropFeed	570750043
16	Feed	570750123
6,4	BlinkStart	570750236
6,4	BlinkEnd	570753036
4	Feed	570753116
14,1	BlinkStart	570753258
14,1	BlinkEnd	570760858
1	0DropFeed	570760938
14	NoFeedAbort	570761018
26,5	BlinkStart	570771051
26,5	BlinkEnd	570771958
5	0DropFeed	570772038
26	Feed	570772119
8,2	BlinkStart	570772243
8,2	BlinkEnd	570775495
2	Feed	570775575
25,5	BlinkStart	570775733
25,5	BlinkEnd	570783450
5	0DropFeed	570783530
25	Feed	570783611
8,2	BlinkStart	570783750
8,2	BlinkEnd	570786792
2	Feed	570786872
24,5	BlinkStart	570787028
24,5	BlinkEnd	570793408
5	0DropFeed	570793488
24	NoFeedAbort	570793568
22,1	BlinkStart	570803626
22,1	BlinkEnd	570805374
1	0DropFeed	570805454
22	Feed	570805535
4,6	BlinkStart	570805666
4,6	BlinkEnd	570809183
4	Feed	570809263
21,1	BlinkStart	570809380
21,1	BlinkEnd	570816335
1	0DropFeed	570816416
21	Feed	570816496
4,6	BlinkStart	570816634
4,6	BlinkEnd	570820280
4	Feed	570820360
20,1	BlinkStart	570820494
20,1	BlinkEnd	570826962
1	0DropFeed	570827042
20	Feed	570827122
4,6	BlinkStart	570827249
4,6	BlinkEnd	570830706
4	Feed	570830786
19,1	BlinkStart	570830947
19,1	BlinkEnd	570838593
1	0DropFeed	570838673
19	Feed	570838753
4,6	BlinkStart	570838897
4,6	BlinkEnd	570842536
4	Feed	570842617
18,1	BlinkStart	570842735
18,1	BlinkEnd	570850090
1	0DropFeed	570850170
18	Feed	570850251
4,6	BlinkStart	570850388
4,6	BlinkEnd	570853699
4	Feed	570853779
17,1	BlinkStart	570853929
17,1	BlinkEnd	570861185
1	0DropFeed	570861265
17	Feed	570861345
4,6	BlinkStart	570861494
4,6	BlinkEnd	570865329
4	Feed	570865409
16,1	BlinkStart	570865565
16,1	BlinkEnd	570873229
1	0DropFeed	570873310
16	Feed	570873390
4,6	BlinkStart	570873533
4,6	BlinkEnd	570879232
4	Feed	570879312
14,1	BlinkStart	570879454
14,1	BlinkEnd	570886317
1	0DropFeed	570886397
14	NoFeedAbort	570886477
26,5	BlinkStart	570896561
26,5	BlinkEnd	570907708
5	0DropFeed	570907788
26	Feed	570907869
2,8	BlinkStart	570907992
2,8	BlinkEnd	570910715
2	Feed	570910796
25,5	BlinkStart	570910923
25,5	BlinkEnd	570920808
5	0DropFeed	570920888
25	Feed	570920968
2,8	BlinkStart	570921098
2,8	BlinkEnd	570923814
2	Feed	570923894
24,5	BlinkStart	570924022
24,5	BlinkEnd	570933307
5	0DropFeed	570933388
24	NoFeedAbort	570933469
22,1	BlinkStart	570943533
22,1	BlinkEnd	570943798
1	0DropFeed	570943878
22	Feed	570943958
6,4	BlinkStart	570944079
6,4	BlinkEnd	570948012
4	0DropFeed	570948092
21,1	BlinkStart	570948209
21,1	BlinkEnd	570953359
1	0DropFeed	570953440
21	Feed	570953520
6,4	BlinkStart	570953637
6,4	BlinkEnd	570957169
4	0DropFeed	570957249
20,1	BlinkStart	570957372
20,1	BlinkEnd	570962249
1	0DropFeed	570962329
20	Feed	570962409
6,4	BlinkStart	570962553
6,4	BlinkEnd	570966460
6	Feed	570966541
19,1	BlinkStart	570966683
19,1	BlinkEnd	570974547
1	0DropFeed	570974627
19	Feed	570974707
6,4	BlinkStart	570974849
6,4	BlinkEnd	570978158
4	0DropFeed	570978238
18,1	BlinkStart	570978359
18,1	BlinkEnd	570983713
1	0DropFeed	570983794
18	Feed	570983874
6,4	BlinkStart	570983986
6,4	BlinkEnd	570988050
6	Feed	570988130
17,1	BlinkStart	570988258
17,1	BlinkEnd	570995536
1	0DropFeed	570995616
17	Feed	570995696
6,4	BlinkStart	570995830
6,4	BlinkEnd	570999279
6	Feed	570999359
16,1	BlinkStart	570999507
16,1	BlinkEnd	571006431
1	0DropFeed	571006511
16	Feed	571006592
6,4	BlinkStart	571006736
6,4	BlinkEnd	571009907
4	0DropFeed	571009987
14,1	BlinkStart	571010142
14,1	BlinkEnd	571014853
1	0DropFeed	571014933
14	NoFeedAbort	571015013
26,5	BlinkStart	571025068
26,5	BlinkEnd	571040786
5	0DropFeed	571040866
26	Feed	571040946
2,8	BlinkStart	571041069
2,8	BlinkEnd	571043932
2	Feed	571044013
25,5	BlinkStart	571044156
25,5	BlinkEnd	571050613
5	0DropFeed	571050693
25	Feed	571050773
2,8	BlinkStart	571050910
2,8	BlinkEnd	571054555
2	Feed	571054635
24,5	BlinkStart	571054777
24,5	BlinkEnd	571066187
5	0DropFeed	571066267
24	NoFeedAbort	571066347
22,1	BlinkStart	571076395
22,1	BlinkEnd	571078484
1	0DropFeed	571078565
22	Feed	571078645
4,6	BlinkStart	571078751
4,6	BlinkEnd	571081960
4	Feed	571082040
21,1	BlinkStart	571082186
21,1	BlinkEnd	571088578
1	0DropFeed	571088659
21	Feed	571088739
4,6	BlinkStart	571088871
4,6	BlinkEnd	571091786
4	Feed	571091866
20,1	BlinkStart	571092015
20,1	BlinkEnd	571099272
1	0DropFeed	571099352
20	Feed	571099432
4,6	BlinkStart	571099569
4,6	BlinkEnd	571103818
4	Feed	571103898
19,1	BlinkStart	571104042
19,1	BlinkEnd	571110368
1	0DropFeed	571110448
19	Feed	571110528
4,6	BlinkStart	571110668
4,6	BlinkEnd	571114713
4	Feed	571114793
18,1	BlinkStart	571114952
18,1	BlinkEnd	571121597
1	0DropFeed	571121678
18	Feed	571121758
4,6	BlinkStart	571121883
4,6	BlinkEnd	571126478
6	Feed	571126558
17,1	BlinkStart	571126718
17,1	BlinkEnd	571137572
1	0DropFeed	571137652
17	Feed	571137732
4,6	BlinkStart	571137882
4,6	BlinkEnd	571141582
6	Feed	571141662
16,1	BlinkStart	571141816
16,1	BlinkEnd	571151750
1	0DropFeed	571151831
16	Feed	571151911
4,6	BlinkStart	571152037
4,6	BlinkEnd	571155621
6	Feed	571155701
14,1	BlinkStart	571155807
14,1	BlinkEnd	571169656
1	0DropFeed	571169737
14	NoFeedAbort	571169818
26,5	BlinkStart	571179863
26,5	BlinkEnd	571180284
5	0DropFeed	571180364
26	Feed	571180444
2,8	BlinkStart	571180555
2,8	BlinkEnd	571184695
8	Feed	571184776
25,5	BlinkStart	571184913
25,5	BlinkEnd	571191981
5	0DropFeed	571192061
25	Feed	571192141
2,8	BlinkStart	571192267
2,8	BlinkEnd	571195590
2	Feed	571195670
24,5	BlinkStart	571195826
24,5	BlinkEnd	571203612
5	0DropFeed	571203693
24	NoFeedAbort	571203774
22,1	BlinkStart	571213818
22,1	BlinkEnd	571214640
1	0DropFeed	571214720
22	Feed	571214800
6,4	BlinkStart	571214938
6,4	BlinkEnd	571218519
4	0DropFeed	571218599
21,1	BlinkStart	571218747
21,1	BlinkEnd	571223598
1	0DropFeed	571223679
21	Feed	571223759
6,4	BlinkStart	571223890
6,4	BlinkEnd	571228209
6	Feed	571228289
20,1	BlinkStart	571228430
20,1	BlinkEnd	571240641
1	0DropFeed	571240722
20	Feed	571240802
6,4	BlinkStart	571240920
6,4	BlinkEnd	571243784
6	Feed	571243865
19,1	BlinkStart	571244007
19,1	BlinkEnd	571255814
1	0DropFeed	571255894
19	Feed	571255974
6,4	BlinkStart	571256106
6,4	BlinkEnd	571258488
6	Feed	571258568
18,1	BlinkStart	571258715
18,1	BlinkEnd	571271522
1	0DropFeed	571271602
18	Feed	571271682
6,4	BlinkStart	571271842
6,4	BlinkEnd	571274195
6	Feed	571274275
17,1	BlinkStart	571274421
17,1	BlinkEnd	571286026
1	0DropFeed	571286107
17	Feed	571286187
6,4	BlinkStart	571286333
6,4	BlinkEnd	571288834
6	Feed	571288914
16,1	BlinkStart	571289056
16,1	BlinkEnd	571299194
1	0DropFeed	571299274
16	Feed	571299354
6,4	BlinkStart	571299496
6,4	BlinkEnd	571302135
6	Feed	571302215
14,1	BlinkStart	571302361
14,1	BlinkEnd	571313765
1	0DropFeed	571313845
14	NoFeedAbort	571313926
26,5	BlinkStart	571323970
26,5	BlinkEnd	571330280
5	0DropFeed	571330360
26	Feed	571330440
8,2	BlinkStart	571330573
8,2	BlinkEnd	571334219
8	Feed	571334300
25,5	BlinkStart	571334407
25,5	BlinkEnd	571345247
5	0DropFeed	571345327
25	Feed	571345408
8,2	BlinkStart	571345549
8,2	BlinkEnd	571348194
8	Feed	571348275
24,5	BlinkStart	571348419
24,5	BlinkEnd	571358883
5	0DropFeed	571358963
24	NoFeedAbort	571359043
22,1	BlinkStart	571369089
22,1	BlinkEnd	571369354
1	0DropFeed	571369434
22	Feed	571369514
6,4	BlinkStart	571369620
6,4	BlinkEnd	571373320
4	Feed	571373400
21,1	BlinkStart	571373535
21,1	BlinkEnd	571382879
1	0DropFeed	571382959
21	Feed	571383039
6,4	BlinkStart	571383190
6,4	BlinkEnd	571386160
4	Feed	571386240
20,1	BlinkStart	571386347
20,1	BlinkEnd	571395245
1	0DropFeed	571395326
20	Feed	571395406
6,4	BlinkStart	571395575
6,4	BlinkEnd	571398586
4	Feed	571398666
19,1	BlinkStart	571398812
19,1	BlinkEnd	571408814
1	0DropFeed	571408894
19	Feed	571408975
6,4	BlinkStart	571409107
6,4	BlinkEnd	571411955
4	Feed	571412035
18,1	BlinkStart	571412142
18,1	BlinkEnd	571422121
1	0DropFeed	571422201
18	Feed	571422281
6,4	BlinkStart	571422416
6,4	BlinkEnd	571425657
4	Feed	571425737
17,1	BlinkStart	571425843
17,1	BlinkEnd	571435282
1	0DropFeed	571435362
17	Feed	571435443
6,4	BlinkStart	571435595
6,4	BlinkEnd	571438758
4	Feed	571438838
16,1	BlinkStart	571438967
16,1	BlinkEnd	571448115
1	0DropFeed	571448195
16	Feed	571448275
6,4	BlinkStart	571448403
6,4	BlinkEnd	571451725
4	Feed	571451805
14,1	BlinkStart	571451943
14,1	BlinkEnd	571461149
1	0DropFeed	571461229
14	NoFeedAbort	571461309
26,5	BlinkStart	571471359
26,5	BlinkEnd	571472647
5	0DropFeed	571472727
26	Feed	571472807
2,8	BlinkStart	571472936
2,8	BlinkEnd	571476458
8	Feed	571476538
25,5	BlinkStart	571476675
25,5	BlinkEnd	571485352
5	0DropFeed	571485433
25	Feed	571485514
2,8	BlinkStart	571485635
2,8	BlinkEnd	571488622
2	Feed	571488702
24,5	BlinkStart	571488844
24,5	BlinkEnd	571495373
5	0DropFeed	571495453
24	NoFeedAbort	571495533
22,1	BlinkStart	571505577
22,1	BlinkEnd	571507274
1	0DropFeed	571507354
22	Feed	571507434
4,6	BlinkStart	571507545
4,6	BlinkEnd	571511015
4	Feed	571511095
21,1	BlinkStart	571511258
21,1	BlinkEnd	571518499
1	0DropFeed	571518579
21	Feed	571518659
4,6	BlinkStart	571518791
4,6	BlinkEnd	571521841
4	Feed	571521921
20,1	BlinkStart	571522060
20,1	BlinkEnd	571529728
1	0DropFeed	571529808
20	Feed	571529888
4,6	BlinkStart	571530029
4,6	BlinkEnd	571533205
4	Feed	571533285
19,1	BlinkStart	571533427
19,1	BlinkEnd	571540757
1	0DropFeed	571540837
19	Feed	571540917
4,6	BlinkStart	571541058
4,6	BlinkEnd	571544099
4	Feed	571544179
18,1	BlinkStart	571544316
18,1	BlinkEnd	571551385
1	0DropFeed	571551465
18	Feed	571551545
4,6	BlinkStart	571551683
4,6	BlinkEnd	571555128
4	Feed	571555208
17,1	BlinkStart	571555330
17,1	BlinkEnd	571562547
1	0DropFeed	571562627
17	Feed	571562708
4,6	BlinkStart	571562838
4,6	BlinkEnd	571566424
4	Feed	571566505
16,1	BlinkStart	571566622
16,1	BlinkEnd	571574512
1	0DropFeed	571574592
16	Feed	571574672
4,6	BlinkStart	571574796
4,6	BlinkEnd	571578388
6	0DropFeed	571578468
14,1	BlinkStart	571578602
14,1	BlinkEnd	571586282
1	0DropFeed	571586362
14	NoFeedAbort	571586442
26,5	BlinkStart	571596488
26,5	BlinkEnd	571599243
5	0DropFeed	571599323
26	Feed	571599404
2,8	BlinkStart	571599530
2,8	BlinkEnd	571602518
2	Feed	571602598
25,5	BlinkStart	571602746
25,5	BlinkEnd	571613681
5	0DropFeed	571613762
25	Feed	571613842
2,8	BlinkStart	571614000
2,8	BlinkEnd	571619227
8	0DropFeed	571619308
24,5	BlinkStart	571619451
24,5	BlinkEnd	571626581
5	0DropFeed	571626661
24	NoFeedAbort	571626741
22,1	BlinkStart	571636788
22,1	BlinkEnd	571641753
1	0DropFeed	571641835
22	Feed	571641915
4,6	BlinkStart	571642039
4,6	BlinkEnd	571645703
6	Feed	571645783
21,1	BlinkStart	571645939
21,1	BlinkEnd	571665962
1	0DropFeed	571666042
21	Feed	571666122
4,6	BlinkStart	571666262
4,6	BlinkEnd	571670696
4	Feed	571670776
20,1	BlinkStart	571670918
20,1	BlinkEnd	571682861
1	0DropFeed	571682941
20	Feed	571683022
4,6	BlinkStart	571683162
4,6	BlinkEnd	571686070
4	Feed	571686150
19,1	BlinkStart	571686271
19,1	BlinkEnd	571696966
1	0DropFeed	571697046
19	Feed	571697126
4,6	BlinkStart	571697260
4,6	BlinkEnd	571700306
4	Feed	571700386
18,1	BlinkStart	571700528
18,1	BlinkEnd	571712407
1	0DropFeed	571712488
18	Feed	571712568
4,6	BlinkStart	571712707
4,6	BlinkEnd	571715612
4	Feed	571715692
17,1	BlinkStart	571715823
17,1	BlinkEnd	571726776
1	0DropFeed	571726856
17	Feed	571726936
4,6	BlinkStart	571727072
4,6	BlinkEnd	571729916
4	Feed	571729997
16,1	BlinkStart	571730154
16,1	BlinkEnd	571741949
1	0DropFeed	571742030
16	Feed	571742110
4,6	BlinkStart	571742231
4,6	BlinkEnd	571745157
4	Feed	571745237
14,1	BlinkStart	571745395
14,1	BlinkEnd	571757121
1	0DropFeed	571757201
14	NoFeedAbort	571757281
26,5	BlinkStart	571767326
26,5	BlinkEnd	571773899
5	0DropFeed	571773979
26	Feed	571774060
8,2	BlinkStart	571774197
8,2	BlinkEnd	571777775
2	Feed	571777855
25,5	BlinkStart	571778031
25,5	BlinkEnd	571785261
5	0DropFeed	571785342
25	Feed	571785422
8,2	BlinkStart	571785556
8,2	BlinkEnd	571789472
8	Feed	571789553
24,5	BlinkStart	571789679
24,5	BlinkEnd	571800233
5	0DropFeed	571800313
24	NoFeedAbort	571800393
22,1	BlinkStart	571810441
22,1	BlinkEnd	571812399
1	0DropFeed	571812479
22	Feed	571812559
4,6	BlinkStart	571812685
4,6	BlinkEnd	571816543
4	Feed	571816623
21,1	BlinkStart	571816768
21,1	BlinkEnd	571829711
1	0DropFeed	571829791
21	Feed	571829872
4,6	BlinkStart	571830007
4,6	BlinkEnd	571833390
4	Feed	571833470
20,1	BlinkStart	571833578
20,1	BlinkEnd	571846287
1	0DropFeed	571846368
20	Feed	571846448
4,6	BlinkStart	571846571
4,6	BlinkEnd	571850096
4	Feed	571850177
19,1	BlinkStart	571850292
19,1	BlinkEnd	571862796
1	0DropFeed	571862876
19	Feed	571862956
4,6	BlinkStart	571863097
4,6	BlinkEnd	571866539
4	Feed	571866620
18,1	BlinkStart	571866733
18,1	BlinkEnd	571888129
1	0DropFeed	571888209
18	Feed	571888289
4,6	BlinkStart	571888427
4,6	BlinkEnd	571893008
4	Feed	571893088
17,1	BlinkStart	571893196
17,1	BlinkEnd	571905587
1	0DropFeed	571905667
17	Feed	571905747
4,6	BlinkStart	571905880
4,6	BlinkEnd	571908989
4	Feed	571909069
16,1	BlinkStart	571909210
16,1	BlinkEnd	571923422
1	0DropFeed	571923502
16	Feed	571923582
4,6	BlinkStart	571923741
4,6	BlinkEnd	571927833
4	Feed	571927913
14,1	BlinkStart	571928070
14,1	BlinkEnd	571945680
1	0DropFeed	571945761
14	NoFeedAbort	571945841
26,5	BlinkStart	571955901
26,5	BlinkEnd	571959449
5	0DropFeed	571959529
26	Feed	571959609
2,8	BlinkStart	571959732
2,8	BlinkEnd	571963326
2	Feed	571963406
25,5	BlinkStart	571963550
25,5	BlinkEnd	571971882
5	0DropFeed	571971962
25	Feed	571972042
2,8	BlinkStart	571972148
2,8	BlinkEnd	571975961
8	0DropFeed	571976041
24,5	BlinkStart	571976191
24,5	BlinkEnd	571983451
5	0DropFeed	571983531
24	NoFeedAbort	571983611
22,1	BlinkStart	571993654
22,1	BlinkEnd	571995614
1	0DropFeed	571995694
22	Feed	571995774
6,4	BlinkStart	571995913
6,4	BlinkEnd	572000021
6	Feed	572000101
21,1	BlinkStart	572000256
21,1	BlinkEnd	572015328
1	0DropFeed	572015408
21	Feed	572015488
6,4	BlinkStart	572015615
6,4	BlinkEnd	572018536
6	Feed	572018616
20,1	BlinkStart	572018779
20,1	BlinkEnd	572030702
1	0DropFeed	572030782
20	Feed	572030862
6,4	BlinkStart	572030992
6,4	BlinkEnd	572033844
6	Feed	572033924
19,1	BlinkStart	572034067
19,1	BlinkEnd	572046742
1	0DropFeed	572046822
19	Feed	572046902
6,4	BlinkStart	572047044
6,4	BlinkEnd	572050151
6	Feed	572050231
18,1	BlinkStart	572050372
18,1	BlinkEnd	572064322
1	0DropFeed	572064402
18	Feed	572064482
6,4	BlinkStart	572064614
6,4	BlinkEnd	572067129
6	Feed	572067209
17,1	BlinkStart	572067337
17,1	BlinkEnd	572078897
1	0DropFeed	572078977
17	Feed	572079057
6,4	BlinkStart	572079179
6,4	BlinkEnd	572082169
6	Feed	572082249
16,1	BlinkStart	572082359
16,1	BlinkEnd	572096806
1	0DropFeed	572096886
16	Feed	572096966
6,4	BlinkStart	572097095
6,4	BlinkEnd	572100282
6	Feed	572100362
14,1	BlinkStart	572100499
14,1	BlinkEnd	572113250
1	0DropFeed	572113330
14	NoFeedAbort	572113410
26,5	BlinkStart	572123443
26,5	BlinkEnd	572127152
5	0DropFeed	572127232
26	Feed	572127312
8,2	BlinkStart	572127451
8,2	BlinkEnd	572131765
8	Feed	572131845
25,5	BlinkStart	572131992
25,5	BlinkEnd	572139786
5	0DropFeed	572139866
25	Feed	572139946
8,2	BlinkStart	572140086
8,2	BlinkEnd	572144732
2	0DropFeed	572144812
24,5	BlinkStart	572144968
24,5	BlinkEnd	572155894
5	0DropFeed	572155974
24	NoFeedAbort	572156055
22,1	BlinkStart	572166100
22,1	BlinkEnd	572177351
1	0DropFeed	572177432
22	Feed	572177512
4,6	BlinkStart	572177635
4,6	BlinkEnd	572181704
4	Feed	572181785
21,1	BlinkStart	572181926
21,1	BlinkEnd	572191788
1	0DropFeed	572191869
21	Feed	572191949
4,6	BlinkStart	572192067
4,6	BlinkEnd	572196935
6	Feed	572197015
20,1	BlinkStart	572197143
20,1	BlinkEnd	572244726
1	0DropFeed	572244806
20	Feed	572244886
4,6	BlinkStart	572245010
4,6	BlinkEnd	572250341
6	Feed	572250421
19,1	BlinkStart	572250561
19,1	BlinkEnd	572263595
1	0DropFeed	572263675
19	Feed	572263755
4,6	BlinkStart	572263878
4,6	BlinkEnd	572269256
6	Feed	572269336
18,1	BlinkStart	572269482
18,1	BlinkEnd	572284833
1	0DropFeed	572284913
18	Feed	572284994
4,6	BlinkStart	572285123
4,6	BlinkEnd	572291247
4	Feed	572291327
17,1	BlinkStart	572291485
17,1	BlinkEnd	572303345
1	0DropFeed	572303425
17	Feed	572303505
4,6	BlinkStart	572303644
4,6	BlinkEnd	572310028
4	Feed	572310108
16,1	BlinkStart	572310229
16,1	BlinkEnd	572327407
1	0DropFeed	572327487
16	Feed	572327568
4,6	BlinkStart	572327691
4,6	BlinkEnd	572336164
6	Feed	572336244
14,1	BlinkStart	572336388
14,1	BlinkEnd	572348803
1	0DropFeed	572348884
14	NoFeedAbort	572348964
26,5	BlinkStart	572358996
26,5	BlinkEnd	572362303
5	0DropFeed	572362383
26	Feed	572362463
2,8	BlinkStart	572362624
2,8	BlinkEnd	572366710
2	Feed	572366791
25,5	BlinkStart	572366933
25,5	BlinkEnd	572386896
5	0DropFeed	572386977
25	Feed	572387057
2,8	BlinkStart	572387178
2,8	BlinkEnd	572391509
2	Feed	572391589
24,5	BlinkStart	572391711
24,5	BlinkEnd	572407617
5	0DropFeed	572407697
24	NoFeedAbort	572407777
22,1	BlinkStart	572417822
22,1	BlinkEnd	572419247
1	0DropFeed	572419327
22	Feed	572419407
4,6	BlinkStart	572419531
4,6	BlinkEnd	572423795
4	Feed	572423875
21,1	BlinkStart	572424026
21,1	BlinkEnd	572435356
1	0DropFeed	572435436
21	Feed	572435516
4,6	BlinkStart	572435624
4,6	BlinkEnd	572441639
4	Feed	572441720
20,1	BlinkStart	572441867
20,1	BlinkEnd	572454005
1	0DropFeed	572454086
20	Feed	572454166
4,6	BlinkStart	572454304
4,6	BlinkEnd	572459552
6	Feed	572459632
19,1	BlinkStart	572459786
19,1	BlinkEnd	572481676
1	0DropFeed	572481756
19	Feed	572481836
4,6	BlinkStart	572481980
4,6	BlinkEnd	572487360
6	Feed	572487440
18,1	BlinkStart	572487579
18,1	BlinkEnd	572506809
1	0DropFeed	572506889
18	Feed	572506969
4,6	BlinkStart	572507120
4,6	BlinkEnd	572512289
4	Feed	572512370
17,1	BlinkStart	572512493
17,1	BlinkEnd	572524054
1	0DropFeed	572524134
17	Feed	572524214
4,6	BlinkStart	572524342
4,6	BlinkEnd	572529669
6	Feed	572529750
16,1	BlinkStart	572529893
16,1	BlinkEnd	572540764
1	0DropFeed	572540844
16	Feed	572540924
4,6	BlinkStart	572541054
4,6	BlinkEnd	572546780
4	Feed	572546860
14,1	BlinkStart	572547027
14,1	BlinkEnd	572573984
1	0DropFeed	572574065
14	NoFeedAbort	572574145
26,5	BlinkStart	572584187
26,5	BlinkEnd	572590227
5	0DropFeed	572590307
26	Feed	572590387
8,2	BlinkStart	572590513
8,2	BlinkEnd	572594371
2	Feed	572594451
25,5	BlinkStart	572594573
25,5	BlinkEnd	572640825
5	0DropFeed	572640906
25	Feed	572640986
8,2	BlinkStart	572641111
8,2	BlinkEnd	572645170
8	Feed	572645250
24,5	BlinkStart	572645382
24,5	BlinkEnd	572657268
5	0DropFeed	572657348
24	NoFeedAbort	572657429
22,1	BlinkStart	572667474
22,1	BlinkEnd	572719865
