Ver1.3	502113465	StartFile	12/15/2020	1:53:12 PM	E:\BehavioralExperiments\Gerald\Horizon\RawData\121520\SoundData.txt	502113465
502406892	Triggered	5,23,24,25,26,27,28,29,30,31,	 NoSound	40	2	502406892
502407094	Triggered	5,23,24,25,26,27,28,29,30,31,	 StopSoundShort	40	2	502407094
502432042	Triggered	1,14,15,16,17,18,19,20,21,22,	 NoSound	40	2	502432042
502439562	Triggered	4,42,43,44,45,46,	 NoSound	40	2	502439562
502439764	Triggered	4,42,43,44,45,46,	 File_beep1	40	2	502439764
502447867	Triggered	1,14,15,16,17,18,19,20,21,22,	 NoSound	40	2	502447867
502451595	Triggered	4,42,43,44,45,46,	 NoSound	40	2	502451595
502451796	Triggered	4,42,43,44,45,46,	 File_beep1	40	2	502451796
502459056	Triggered	1,14,15,16,17,18,19,20,21,22,	 NoSound	40	2	502459056
502462606	Triggered	4,42,43,44,45,46,	 NoSound	40	2	502462606
502462806	Triggered	4,42,43,44,45,46,	 File_beep1	40	2	502462806
502478135	Triggered	1,14,15,16,17,18,19,20,21,22,	 NoSound	40	2	502478135
502478337	Triggered	1,14,15,16,17,18,19,20,21,22,	 PureTone-9kHz	40	2	502478337
502484747	Triggered	6,47,48,49,50,51,	 NoSound	40	2	502484747
502484948	Triggered	6,47,48,49,50,51,	 File_beep3	40	2	502484948
502496961	Triggered	1,14,15,16,17,18,19,20,21,22,	 NoSound	40	2	502496961
502497163	Triggered	1,14,15,16,17,18,19,20,21,22,	 PureTone-7kHz	40	2	502497163
502500209	Triggered	4,42,43,44,45,46,	 NoSound	40	2	502500209
502500410	Triggered	4,42,43,44,45,46,	 File_beep1	40	2	502500410
502505926	Triggered	1,14,15,16,17,18,19,20,21,22,	 NoSound	40	2	502505926
502506130	Triggered	1,14,15,16,17,18,19,20,21,22,	 PureTone-5kHz	40	2	502506130
502510016	Triggered	4,42,43,44,45,46,	 NoSound	40	2	502510016
502510217	Triggered	4,42,43,44,45,46,	 File_beep1	40	2	502510217
502516694	Triggered	1,14,15,16,17,18,19,20,21,22,	 NoSound	40	2	502516694
502516896	Triggered	1,14,15,16,17,18,19,20,21,22,	 PureTone-3kHz	40	2	502516896
502520906	Triggered	4,42,43,44,45,46,	 NoSound	40	2	502520906
502521106	Triggered	4,42,43,44,45,46,	 File_beep1	40	2	502521106
502527344	Triggered	1,14,15,16,17,18,19,20,21,22,	 NoSound	40	2	502527344
502527547	Triggered	1,14,15,16,17,18,19,20,21,22,	 PureTone-2kHz	40	2	502527547
502531195	Triggered	4,42,43,44,45,46,	 NoSound	40	2	502531195
502531397	Triggered	4,42,43,44,45,46,	 File_beep1	40	2	502531397
502537814	Triggered	1,14,15,16,17,18,19,20,21,22,	 NoSound	40	2	502537814
502538016	Triggered	1,14,15,16,17,18,19,20,21,22,	 PureTone-1kHz	40	2	502538016
502541242	Triggered	4,42,43,44,45,46,	 NoSound	40	2	502541242
502541443	Triggered	4,42,43,44,45,46,	 File_beep1	40	2	502541443
502547380	Triggered	1,14,15,16,17,18,19,20,21,22,	 NoSound	40	2	502547380
502547581	Triggered	1,14,15,16,17,18,19,20,21,22,	 StopSoundShort	40	2	502547581
502559352	Triggered	5,23,24,25,26,27,28,29,30,31,	 NoSound	40	2	502559352
502562541	Triggered	8,52,53,54,55,56,	 NoSound	40	2	502562541
502567956	Triggered	5,23,24,25,26,27,28,29,30,31,	 NoSound	40	2	502567956
502586787	Triggered	8,52,53,54,55,56,	 NoSound	40	2	502586787
502594008	Triggered	5,23,24,25,26,27,28,29,30,31,	 NoSound	40	2	502594008
502597076	Triggered	8,52,53,54,55,56,	 NoSound	40	2	502597076
502614644	Triggered	5,23,24,25,26,27,28,29,30,31,	 NoSound	40	2	502614644
502614848	Triggered	5,23,24,25,26,27,28,29,30,31,	 PureTone-9kHz	40	2	502614848
502618014	Triggered	2,37,38,39,40,41,	 NoSound	40	2	502618014
502618216	Triggered	2,37,38,39,40,41,	 File_beep3	40	2	502618216
502628785	Triggered	5,23,24,25,26,27,28,29,30,31,	 NoSound	40	2	502628785
502628989	Triggered	5,23,24,25,26,27,28,29,30,31,	 PureTone-7kHz	40	2	502628989
502632513	Triggered	8,52,53,54,55,56,	 NoSound	40	2	502632513
502637448	Triggered	5,23,24,25,26,27,28,29,30,31,	 NoSound	40	2	502637448
502637650	Triggered	5,23,24,25,26,27,28,29,30,31,	 PureTone-5kHz	40	2	502637650
502649601	Triggered	2,37,38,39,40,41,	 NoSound	40	2	502649601
502649803	Triggered	2,37,38,39,40,41,	 File_beep3	40	2	502649803
502667657	Triggered	5,23,24,25,26,27,28,29,30,31,	 NoSound	40	2	502667657
502667861	Triggered	5,23,24,25,26,27,28,29,30,31,	 PureTone-3kHz	40	2	502667861
502670538	Triggered	8,52,53,54,55,56,	 NoSound	40	2	502670538
502674690	Triggered	5,23,24,25,26,27,28,29,30,31,	 NoSound	40	2	502674690
502674903	Triggered	5,23,24,25,26,27,28,29,30,31,	 PureTone-2kHz	40	2	502674903
502678059	Triggered	2,37,38,39,40,41,	 NoSound	40	2	502678059
502678262	Triggered	2,37,38,39,40,41,	 File_beep3	40	2	502678262
502688467	Triggered	5,23,24,25,26,27,28,29,30,31,	 NoSound	40	2	502688467
502688669	Triggered	5,23,24,25,26,27,28,29,30,31,	 PureTone-1kHz	40	2	502688669
502691777	Triggered	8,52,53,54,55,56,	 NoSound	40	2	502691777
502696590	Triggered	5,23,24,25,26,27,28,29,30,31,	 NoSound	40	2	502696590
502696791	Triggered	5,23,24,25,26,27,28,29,30,31,	 StopSoundShort	40	2	502696791
502713016	Triggered	6,47,48,49,50,51,	 NoSound	40	2	502713016
502713219	Triggered	6,47,48,49,50,51,	 File_beep2	40	2	502713219
502726733	Triggered	1,14,15,16,17,18,19,20,21,22,	 NoSound	40	2	502726733
502730583	Triggered	6,47,48,49,50,51,	 NoSound	40	2	502730583
502730785	Triggered	6,47,48,49,50,51,	 File_beep2	40	2	502730785
502740391	Triggered	1,14,15,16,17,18,19,20,21,22,	 NoSound	40	2	502740391
502743339	Triggered	6,47,48,49,50,51,	 NoSound	40	2	502743339
502743540	Triggered	6,47,48,49,50,51,	 File_beep2	40	2	502743540
502752304	Triggered	1,14,15,16,17,18,19,20,21,22,	 NoSound	40	2	502752304
502752507	Triggered	1,14,15,16,17,18,19,20,21,22,	 PureTone-9kHz	40	2	502752507
502755191	Triggered	4,42,43,44,45,46,	 NoSound	40	2	502755191
502755393	Triggered	4,42,43,44,45,46,	 File_beep3	40	2	502755393
502764517	Triggered	1,14,15,16,17,18,19,20,21,22,	 NoSound	40	2	502764517
502764720	Triggered	1,14,15,16,17,18,19,20,21,22,	 PureTone-7kHz	40	2	502764720
502767346	Triggered	4,42,43,44,45,46,	 NoSound	40	2	502767346
502767549	Triggered	4,42,43,44,45,46,	 File_beep3	40	2	502767549
502776009	Triggered	1,14,15,16,17,18,19,20,21,22,	 NoSound	40	2	502776009
502776213	Triggered	1,14,15,16,17,18,19,20,21,22,	 PureTone-5kHz	40	2	502776213
502778600	Triggered	4,42,43,44,45,46,	 NoSound	40	2	502778600
502778803	Triggered	4,42,43,44,45,46,	 File_beep3	40	2	502778803
502787081	Triggered	1,14,15,16,17,18,19,20,21,22,	 NoSound	40	2	502787081
502787285	Triggered	1,14,15,16,17,18,19,20,21,22,	 PureTone-3kHz	40	2	502787285
502789729	Triggered	4,42,43,44,45,46,	 NoSound	40	2	502789729
502789931	Triggered	4,42,43,44,45,46,	 File_beep3	40	2	502789931
502798932	Triggered	1,14,15,16,17,18,19,20,21,22,	 NoSound	40	2	502798932
502799134	Triggered	1,14,15,16,17,18,19,20,21,22,	 PureTone-2kHz	40	2	502799134
502801761	Triggered	4,42,43,44,45,46,	 NoSound	40	2	502801761
502801962	Triggered	4,42,43,44,45,46,	 File_beep3	40	2	502801962
502810424	Triggered	1,14,15,16,17,18,19,20,21,22,	 NoSound	40	2	502810424
502810625	Triggered	1,14,15,16,17,18,19,20,21,22,	 PureTone-1kHz	40	2	502810625
502813266	Triggered	4,42,43,44,45,46,	 NoSound	40	2	502813266
502813467	Triggered	4,42,43,44,45,46,	 File_beep3	40	2	502813467
502822817	Triggered	1,14,15,16,17,18,19,20,21,22,	 NoSound	40	2	502822817
502823018	Triggered	1,14,15,16,17,18,19,20,21,22,	 StopSoundShort	40	2	502823018
502845560	Triggered	5,23,24,25,26,27,28,29,30,31,	 NoSound	40	2	502845560
502848448	Triggered	2,37,38,39,40,41,	 NoSound	40	2	502848448
502848650	Triggered	2,37,38,39,40,41,	 File_beep3	40	2	502848650
502857172	Triggered	5,23,24,25,26,27,28,29,30,31,	 NoSound	40	2	502857172
502860182	Triggered	2,37,38,39,40,41,	 NoSound	40	2	502860182
502860383	Triggered	2,37,38,39,40,41,	 File_beep3	40	2	502860383
502868364	Triggered	5,23,24,25,26,27,28,29,30,31,	 NoSound	40	2	502868364
502872274	Triggered	2,37,38,39,40,41,	 NoSound	40	2	502872274
502872475	Triggered	2,37,38,39,40,41,	 File_beep3	40	2	502872475
502881601	Triggered	5,23,24,25,26,27,28,29,30,31,	 NoSound	40	2	502881601
502881803	Triggered	5,23,24,25,26,27,28,29,30,31,	 PureTone-9kHz	40	2	502881803
502884968	Triggered	8,52,53,54,55,56,	 NoSound	40	2	502884968
502885170	Triggered	8,52,53,54,55,56,	 File_beep1	40	2	502885170
502890325	Triggered	5,23,24,25,26,27,28,29,30,31,	 NoSound	40	2	502890325
502890527	Triggered	5,23,24,25,26,27,28,29,30,31,	 PureTone-7kHz	40	2	502890527
502896101	Triggered	2,37,38,39,40,41,	 NoSound	40	2	502896101
502896302	Triggered	2,37,38,39,40,41,	 File_beep3	40	2	502896302
502904465	Triggered	5,23,24,25,26,27,28,29,30,31,	 NoSound	40	2	502904465
502904666	Triggered	5,23,24,25,26,27,28,29,30,31,	 PureTone-5kHz	40	2	502904666
502906869	Triggered	2,37,38,39,40,41,	 NoSound	40	2	502906869
502907071	Triggered	2,37,38,39,40,41,	 File_beep3	40	2	502907071
502942789	Triggered	5,23,24,25,26,27,28,29,30,31,	 NoSound	40	2	502942789
502942992	Triggered	5,23,24,25,26,27,28,29,30,31,	 PureTone-3kHz	40	2	502942992
502945977	Triggered	2,37,38,39,40,41,	 NoSound	40	2	502945977
502946179	Triggered	2,37,38,39,40,41,	 File_beep3	40	2	502946179
502956145	Triggered	5,23,24,25,26,27,28,29,30,31,	 NoSound	40	2	502956145
502956348	Triggered	5,23,24,25,26,27,28,29,30,31,	 PureTone-2kHz	40	2	502956348
502958852	Triggered	8,52,53,54,55,56,	 NoSound	40	2	502958852
502959053	Triggered	8,52,53,54,55,56,	 File_beep1	40	2	502959053
502967276	Triggered	5,23,24,25,26,27,28,29,30,31,	 NoSound	40	2	502967276
502967477	Triggered	5,23,24,25,26,27,28,29,30,31,	 PureTone-1kHz	40	2	502967477
502970345	Triggered	2,37,38,39,40,41,	 NoSound	40	2	502970345
502970558	Triggered	2,37,38,39,40,41,	 File_beep3	40	2	502970558
502987442	Triggered	5,23,24,25,26,27,28,29,30,31,	 NoSound	40	2	502987442
502987644	Triggered	5,23,24,25,26,27,28,29,30,31,	 StopSoundShort	40	2	502987644
503003136	Triggered	4,42,43,44,45,46,	 NoSound	40	2	503003136
503003339	Triggered	4,42,43,44,45,46,	 File_beep2	40	2	503003339
503012219	Triggered	1,14,15,16,17,18,19,20,21,22,	 NoSound	40	2	503012219
503014987	Triggered	4,42,43,44,45,46,	 NoSound	40	2	503014987
503015189	Triggered	4,42,43,44,45,46,	 File_beep2	40	2	503015189
503023110	Triggered	1,14,15,16,17,18,19,20,21,22,	 NoSound	40	2	503023110
503025998	Triggered	4,42,43,44,45,46,	 NoSound	40	2	503025998
503026199	Triggered	4,42,43,44,45,46,	 File_beep2	40	2	503026199
503033759	Triggered	1,14,15,16,17,18,19,20,21,22,	 NoSound	40	2	503033759
503033963	Triggered	1,14,15,16,17,18,19,20,21,22,	 PureTone-9kHz	40	2	503033963
503036346	Triggered	4,42,43,44,45,46,	 NoSound	40	2	503036346
503036547	Triggered	4,42,43,44,45,46,	 File_beep2	40	2	503036547
503043206	Triggered	1,14,15,16,17,18,19,20,21,22,	 NoSound	40	2	503043206
503043407	Triggered	1,14,15,16,17,18,19,20,21,22,	 PureTone-7kHz	40	2	503043407
503045491	Triggered	4,42,43,44,45,46,	 NoSound	40	2	503045491
503045693	Triggered	4,42,43,44,45,46,	 File_beep2	40	2	503045693
503054637	Triggered	1,14,15,16,17,18,19,20,21,22,	 NoSound	40	2	503054637
503054842	Triggered	1,14,15,16,17,18,19,20,21,22,	 PureTone-5kHz	40	2	503054842
503058547	Triggered	4,42,43,44,45,46,	 NoSound	40	2	503058547
503058749	Triggered	4,42,43,44,45,46,	 File_beep2	40	2	503058749
503065827	Triggered	1,14,15,16,17,18,19,20,21,22,	 NoSound	40	2	503065827
503066030	Triggered	1,14,15,16,17,18,19,20,21,22,	 PureTone-3kHz	40	2	503066030
503069197	Triggered	4,42,43,44,45,46,	 NoSound	40	2	503069197
503069411	Triggered	4,42,43,44,45,46,	 File_beep2	40	2	503069411
503077078	Triggered	1,14,15,16,17,18,19,20,21,22,	 NoSound	40	2	503077078
503077280	Triggered	1,14,15,16,17,18,19,20,21,22,	 PureTone-2kHz	40	2	503077280
503080086	Triggered	4,42,43,44,45,46,	 NoSound	40	2	503080086
503080288	Triggered	4,42,43,44,45,46,	 File_beep2	40	2	503080288
503087366	Triggered	1,14,15,16,17,18,19,20,21,22,	 NoSound	40	2	503087366
503087568	Triggered	1,14,15,16,17,18,19,20,21,22,	 PureTone-1kHz	40	2	503087568
503089960	Triggered	4,42,43,44,45,46,	 NoSound	40	2	503089960
503090163	Triggered	4,42,43,44,45,46,	 File_beep2	40	2	503090163
503105356	Triggered	1,14,15,16,17,18,19,20,21,22,	 NoSound	40	2	503105356
503105556	Triggered	1,14,15,16,17,18,19,20,21,22,	 StopSoundShort	40	2	503105556
503118655	Triggered	5,23,24,25,26,27,28,29,30,31,	 NoSound	40	2	503118655
503121721	Triggered	2,37,38,39,40,41,	 NoSound	40	2	503121721
503136040	Triggered	5,23,24,25,26,27,28,29,30,31,	 NoSound	40	2	503136040
503142118	Triggered	2,37,38,39,40,41,	 NoSound	40	2	503142118
503153067	Triggered	5,23,24,25,26,27,28,29,30,31,	 NoSound	40	2	503153068
503160168	Triggered	2,37,38,39,40,41,	 NoSound	40	2	503160168
503171598	Triggered	5,23,24,25,26,27,28,29,30,31,	 NoSound	40	2	503171598
503171803	Triggered	5,23,24,25,26,27,28,29,30,31,	 PureTone-9kHz	40	2	503171803
503175449	Triggered	8,52,53,54,55,56,	 NoSound	40	2	503175449
503175650	Triggered	8,52,53,54,55,56,	 File_beep1	40	2	503175650
503184775	Triggered	5,23,24,25,26,27,28,29,30,31,	 NoSound	40	2	503184775
503184977	Triggered	5,23,24,25,26,27,28,29,30,31,	 PureTone-7kHz	40	2	503184977
503239585	Triggered	2,37,38,39,40,41,	 NoSound	40	2	503239585
503270030	Triggered	5,23,24,25,26,27,28,29,30,31,	 NoSound	40	2	503270030
503270234	Triggered	5,23,24,25,26,27,28,29,30,31,	 PureTone-5kHz	40	2	503270234
503273278	Triggered	2,37,38,39,40,41,	 NoSound	40	2	503273278
503277791	Triggered	5,23,24,25,26,27,28,29,30,31,	 NoSound	40	2	503277791
503277994	Triggered	5,23,24,25,26,27,28,29,30,31,	 PureTone-3kHz	40	2	503277994
503281521	Triggered	8,52,53,54,55,56,	 NoSound	40	2	503281521
503281721	Triggered	8,52,53,54,55,56,	 File_beep1	40	2	503281721
503287544	Triggered	5,23,24,25,26,27,28,29,30,31,	 NoSound	40	2	503287544
503287747	Triggered	5,23,24,25,26,27,28,29,30,31,	 PureTone-2kHz	40	2	503287747
503291027	Triggered	2,37,38,39,40,41,	 NoSound	40	2	503291027
503295482	Triggered	5,23,24,25,26,27,28,29,30,31,	 NoSound	40	2	503295482
503295683	Triggered	5,23,24,25,26,27,28,29,30,31,	 PureTone-1kHz	40	2	503295683
503298789	Triggered	8,52,53,54,55,56,	 NoSound	40	2	503298789
503299000	Triggered	8,52,53,54,55,56,	 File_beep1	40	2	503299000
503306250	Triggered	5,23,24,25,26,27,28,29,30,31,	 NoSound	40	2	503306250
503306450	Triggered	5,23,24,25,26,27,28,29,30,31,	 StopSoundShort	40	2	503306451
503321351	Triggered	4,42,43,44,45,46,	 NoSound	40	2	503321351
503321555	Triggered	4,42,43,44,45,46,	 File_beep5	40	2	503321555
503335971	Triggered	1,14,15,16,17,18,19,20,21,22,	 NoSound	40	2	503335971
503339100	Triggered	4,42,43,44,45,46,	 NoSound	40	2	503339100
503339303	Triggered	4,42,43,44,45,46,	 File_beep5	40	2	503339303
503353178	Triggered	1,14,15,16,17,18,19,20,21,22,	 NoSound	40	2	503353178
503356308	Triggered	4,42,43,44,45,46,	 NoSound	40	2	503356308
503356521	Triggered	4,42,43,44,45,46,	 File_beep5	40	2	503356521
503369964	Triggered	1,14,15,16,17,18,19,20,21,22,	 NoSound	40	2	503369964
503370169	Triggered	1,14,15,16,17,18,19,20,21,22,	 PureTone-9kHz	40	2	503370169
503373094	Triggered	4,42,43,44,45,46,	 NoSound	40	2	503373094
503373295	Triggered	4,42,43,44,45,46,	 File_beep5	40	2	503373295
503389037	Triggered	1,14,15,16,17,18,19,20,21,22,	 NoSound	40	2	503389037
503389241	Triggered	1,14,15,16,17,18,19,20,21,22,	 PureTone-7kHz	40	2	503389241
503391986	Triggered	4,42,43,44,45,46,	 NoSound	40	2	503391986
503392188	Triggered	4,42,43,44,45,46,	 File_beep5	40	2	503392188
503404681	Triggered	1,14,15,16,17,18,19,20,21,22,	 NoSound	40	2	503404681
503404884	Triggered	1,14,15,16,17,18,19,20,21,22,	 PureTone-5kHz	40	2	503404884
503407508	Triggered	4,42,43,44,45,46,	 NoSound	40	2	503407508
503407711	Triggered	4,42,43,44,45,46,	 File_beep5	40	2	503407711
503422189	Triggered	1,14,15,16,17,18,19,20,21,22,	 NoSound	40	2	503422189
503422392	Triggered	1,14,15,16,17,18,19,20,21,22,	 PureTone-3kHz	40	2	503422392
503425799	Triggered	4,42,43,44,45,46,	 NoSound	40	2	503425799
503426002	Triggered	4,42,43,44,45,46,	 File_beep5	40	2	503426002
503439157	Triggered	1,14,15,16,17,18,19,20,21,22,	 NoSound	40	2	503439157
503439359	Triggered	1,14,15,16,17,18,19,20,21,22,	 PureTone-2kHz	40	2	503439359
503441984	Triggered	4,42,43,44,45,46,	 NoSound	40	2	503441984
503442187	Triggered	4,42,43,44,45,46,	 File_beep5	40	2	503442187
503456784	Triggered	1,14,15,16,17,18,19,20,21,22,	 NoSound	40	2	503456784
503456986	Triggered	1,14,15,16,17,18,19,20,21,22,	 PureTone-1kHz	40	2	503456986
503459913	Triggered	4,42,43,44,45,46,	 NoSound	40	2	503459913
503460115	Triggered	4,42,43,44,45,46,	 File_beep5	40	2	503460115
503474172	Triggered	1,14,15,16,17,18,19,20,21,22,	 NoSound	40	2	503474172
503474373	Triggered	1,14,15,16,17,18,19,20,21,22,	 StopSoundShort	40	2	503474373
503485665	Triggered	5,23,24,25,26,27,28,29,30,31,	 NoSound	40	2	503485665
503488914	Triggered	8,52,53,54,55,56,	 NoSound	40	2	503488914
503489116	Triggered	8,52,53,54,55,56,	 File_beep3	40	2	503489116
503501127	Triggered	5,23,24,25,26,27,28,29,30,31,	 NoSound	40	2	503501127
503504074	Triggered	8,52,53,54,55,56,	 NoSound	40	2	503504074
503504276	Triggered	8,52,53,54,55,56,	 File_beep3	40	2	503504276
503525193	Triggered	5,23,24,25,26,27,28,29,30,31,	 NoSound	40	2	503525193
503528742	Triggered	8,52,53,54,55,56,	 NoSound	40	2	503528742
503528944	Triggered	8,52,53,54,55,56,	 File_beep3	40	2	503528944
503539150	Triggered	5,23,24,25,26,27,28,29,30,31,	 NoSound	40	2	503539150
503539355	Triggered	5,23,24,25,26,27,28,29,30,31,	 PureTone-9kHz	40	2	503539355
503542100	Triggered	8,52,53,54,55,56,	 NoSound	40	2	503542100
503542301	Triggered	8,52,53,54,55,56,	 File_beep3	40	2	503542301
503551845	Triggered	5,23,24,25,26,27,28,29,30,31,	 NoSound	40	2	503551845
503552049	Triggered	5,23,24,25,26,27,28,29,30,31,	 PureTone-7kHz	40	2	503552049
503554794	Triggered	8,52,53,54,55,56,	 NoSound	40	2	503554794
503554996	Triggered	8,52,53,54,55,56,	 File_beep3	40	2	503554996
503564842	Triggered	5,23,24,25,26,27,28,29,30,31,	 NoSound	40	2	503564842
503565044	Triggered	5,23,24,25,26,27,28,29,30,31,	 PureTone-5kHz	40	2	503565044
503567730	Triggered	8,52,53,54,55,56,	 NoSound	40	2	503567730
503567932	Triggered	8,52,53,54,55,56,	 File_beep3	40	2	503567932
503582231	Triggered	5,23,24,25,26,27,28,29,30,31,	 NoSound	40	2	503582231
503582433	Triggered	5,23,24,25,26,27,28,29,30,31,	 PureTone-3kHz	40	2	503582433
503585840	Triggered	2,37,38,39,40,41,	 NoSound	40	2	503585840
503586042	Triggered	2,37,38,39,40,41,	 File_beep3	40	2	503586042
503598175	Triggered	5,23,24,25,26,27,28,29,30,31,	 NoSound	40	2	503598175
503598376	Triggered	5,23,24,25,26,27,28,29,30,31,	 PureTone-2kHz	40	2	503598376
503602205	Triggered	2,37,38,39,40,41,	 NoSound	40	2	503602205
503602407	Triggered	2,37,38,39,40,41,	 File_beep3	40	2	503602407
503612613	Triggered	5,23,24,25,26,27,28,29,30,31,	 NoSound	40	2	503612613
503612815	Triggered	5,23,24,25,26,27,28,29,30,31,	 PureTone-1kHz	40	2	503612815
503616163	Triggered	2,37,38,39,40,41,	 NoSound	40	2	503616163
503616364	Triggered	2,37,38,39,40,41,	 File_beep3	40	2	503616364
503625910	Triggered	5,23,24,25,26,27,28,29,30,31,	 NoSound	40	2	503625910
503626110	Triggered	5,23,24,25,26,27,28,29,30,31,	 StopSoundShort	40	2	503626110
503640952	Triggered	4,42,43,44,45,46,	 NoSound	40	2	503640952
503641154	Triggered	4,42,43,44,45,46,	 File_beep4	40	2	503641154
503654729	Triggered	1,14,15,16,17,18,19,20,21,22,	 NoSound	40	2	503654729
503657977	Triggered	4,42,43,44,45,46,	 NoSound	40	2	503657977
503658180	Triggered	4,42,43,44,45,46,	 File_beep4	40	2	503658180
503673020	Triggered	1,14,15,16,17,18,19,20,21,22,	 NoSound	40	2	503673020
503676148	Triggered	4,42,43,44,45,46,	 NoSound	40	2	503676148
503676350	Triggered	4,42,43,44,45,46,	 File_beep4	40	2	503676350
503689505	Triggered	1,14,15,16,17,18,19,20,21,22,	 NoSound	40	2	503689505
503689707	Triggered	1,14,15,16,17,18,19,20,21,22,	 PureTone-9kHz	40	2	503689707
503693957	Triggered	6,47,48,49,50,51,	 NoSound	40	2	503693957
503699373	Triggered	1,14,15,16,17,18,19,20,21,22,	 NoSound	40	2	503699373
503699577	Triggered	1,14,15,16,17,18,19,20,21,22,	 PureTone-7kHz	40	2	503699577
503705630	Triggered	4,42,43,44,45,46,	 NoSound	40	2	503705630
503705832	Triggered	4,42,43,44,45,46,	 File_beep4	40	2	503705832
503719113	Triggered	1,14,15,16,17,18,19,20,21,22,	 NoSound	40	2	503719113
503719318	Triggered	1,14,15,16,17,18,19,20,21,22,	 PureTone-5kHz	40	2	503719318
503722837	Triggered	4,42,43,44,45,46,	 NoSound	40	2	503722837
503723039	Triggered	4,42,43,44,45,46,	 File_beep4	40	2	503723039
503736796	Triggered	1,14,15,16,17,18,19,20,21,22,	 NoSound	40	2	503736796
503736999	Triggered	1,14,15,16,17,18,19,20,21,22,	 PureTone-3kHz	40	2	503736999
503740050	Triggered	4,42,43,44,45,46,	 NoSound	40	2	503740050
503740253	Triggered	4,42,43,44,45,46,	 File_beep4	40	2	503740253
503752740	Triggered	1,14,15,16,17,18,19,20,21,22,	 NoSound	40	2	503752740
503752943	Triggered	1,14,15,16,17,18,19,20,21,22,	 PureTone-2kHz	40	2	503752943
503755869	Triggered	4,42,43,44,45,46,	 NoSound	40	2	503755869
503756071	Triggered	4,42,43,44,45,46,	 File_beep4	40	2	503756071
503770008	Triggered	1,14,15,16,17,18,19,20,21,22,	 NoSound	40	2	503770008
503770209	Triggered	1,14,15,16,17,18,19,20,21,22,	 PureTone-1kHz	40	2	503770209
503773736	Triggered	4,42,43,44,45,46,	 NoSound	40	2	503773736
503773938	Triggered	4,42,43,44,45,46,	 File_beep4	40	2	503773938
503787575	Triggered	1,14,15,16,17,18,19,20,21,22,	 NoSound	40	2	503787575
503787775	Triggered	1,14,15,16,17,18,19,20,21,22,	 StopSoundShort	40	2	503787775
503810498	Triggered	5,23,24,25,26,27,28,29,30,31,	 NoSound	40	2	503810498
503813933	Triggered	2,37,38,39,40,41,	 NoSound	40	2	503813933
503814135	Triggered	2,37,38,39,40,41,	 File_beep4	40	2	503814135
503827344	Triggered	5,23,24,25,26,27,28,29,30,31,	 NoSound	40	2	503827344
503831015	Triggered	2,37,38,39,40,41,	 NoSound	40	2	503831015
503831218	Triggered	2,37,38,39,40,41,	 File_beep4	40	2	503831218
503842928	Triggered	5,23,24,25,26,27,28,29,30,31,	 NoSound	40	2	503842928
503847201	Triggered	2,37,38,39,40,41,	 NoSound	40	2	503847201
503847404	Triggered	2,37,38,39,40,41,	 File_beep4	40	2	503847404
503860015	Triggered	5,23,24,25,26,27,28,29,30,31,	 NoSound	40	2	503860015
503860219	Triggered	5,23,24,25,26,27,28,29,30,31,	 PureTone-9kHz	40	2	503860219
503863385	Triggered	2,37,38,39,40,41,	 NoSound	40	2	503863385
503863588	Triggered	2,37,38,39,40,41,	 File_beep4	40	2	503863588
503877403	Triggered	5,23,24,25,26,27,28,29,30,31,	 NoSound	40	2	503877403
503877606	Triggered	5,23,24,25,26,27,28,29,30,31,	 PureTone-7kHz	40	2	503877606
503880892	Triggered	2,37,38,39,40,41,	 NoSound	40	2	503880892
503881095	Triggered	2,37,38,39,40,41,	 File_beep4	40	2	503881095
503892744	Triggered	5,23,24,25,26,27,28,29,30,31,	 NoSound	40	2	503892744
503892947	Triggered	5,23,24,25,26,27,28,29,30,31,	 PureTone-5kHz	40	2	503892947
503896295	Triggered	2,37,38,39,40,41,	 NoSound	40	2	503896295
503896497	Triggered	2,37,38,39,40,41,	 File_beep4	40	2	503896497
503907966	Triggered	5,23,24,25,26,27,28,29,30,31,	 NoSound	40	2	503907966
503908169	Triggered	5,23,24,25,26,27,28,29,30,31,	 PureTone-3kHz	40	2	503908169
503911698	Triggered	2,37,38,39,40,41,	 NoSound	40	2	503911698
503911901	Triggered	2,37,38,39,40,41,	 File_beep4	40	2	503911901
503939313	Triggered	5,23,24,25,26,27,28,29,30,31,	 NoSound	40	2	503939313
503939514	Triggered	5,23,24,25,26,27,28,29,30,31,	 PureTone-2kHz	40	2	503939514
503943405	Triggered	8,52,53,54,55,56,	 NoSound	40	2	503943405
503943606	Triggered	8,52,53,54,55,56,	 File_beep1	40	2	503943606
503951526	Triggered	5,23,24,25,26,27,28,29,30,31,	 NoSound	40	2	503951526
503951728	Triggered	5,23,24,25,26,27,28,29,30,31,	 PureTone-1kHz	40	2	503951728
503955798	Triggered	2,37,38,39,40,41,	 NoSound	40	2	503955798
503956000	Triggered	2,37,38,39,40,41,	 File_beep4	40	2	503956000
503969396	Triggered	5,23,24,25,26,27,28,29,30,31,	 NoSound	40	2	503969396
503969597	Triggered	5,23,24,25,26,27,28,29,30,31,	 StopSoundShort	40	2	503969597
503982813	Triggered	1,14,15,16,17,18,19,20,21,22,	 NoSound	40	2	503982813
503986242	Triggered	6,47,48,49,50,51,	 NoSound	40	2	503986242
503986445	Triggered	6,47,48,49,50,51,	 File_beep5	40	2	503986445
504002789	Triggered	1,14,15,16,17,18,19,20,21,22,	 NoSound	40	2	504002789
504007481	Triggered	6,47,48,49,50,51,	 NoSound	40	2	504007481
504007683	Triggered	6,47,48,49,50,51,	 File_beep5	40	2	504007683
504024087	Triggered	1,14,15,16,17,18,19,20,21,22,	 NoSound	40	2	504024087
504028238	Triggered	6,47,48,49,50,51,	 NoSound	40	2	504028238
504028440	Triggered	6,47,48,49,50,51,	 File_beep5	40	2	504028440
504045986	Triggered	1,14,15,16,17,18,19,20,21,22,	 NoSound	40	2	504045986
504046190	Triggered	1,14,15,16,17,18,19,20,21,22,	 PureTone-9kHz	40	2	504046190
504049597	Triggered	6,47,48,49,50,51,	 NoSound	40	2	504049597
504049800	Triggered	6,47,48,49,50,51,	 File_beep5	40	2	504049800
504066925	Triggered	1,14,15,16,17,18,19,20,21,22,	 NoSound	40	2	504066925
504067128	Triggered	1,14,15,16,17,18,19,20,21,22,	 PureTone-7kHz	40	2	504067128
504070233	Triggered	4,42,43,44,45,46,	 NoSound	40	2	504070233
504070435	Triggered	4,42,43,44,45,46,	 File_beep4	40	2	504070435
504084132	Triggered	1,14,15,16,17,18,19,20,21,22,	 NoSound	40	2	504084132
504084334	Triggered	1,14,15,16,17,18,19,20,21,22,	 PureTone-5kHz	40	2	504084334
504088104	Triggered	4,42,43,44,45,46,	 NoSound	40	2	504088104
504088307	Triggered	4,42,43,44,45,46,	 File_beep4	40	2	504088307
504101460	Triggered	1,14,15,16,17,18,19,20,21,22,	 NoSound	40	2	504101460
504101662	Triggered	1,14,15,16,17,18,19,20,21,22,	 PureTone-3kHz	40	2	504101662
504105491	Triggered	4,42,43,44,45,46,	 NoSound	40	2	504105491
504105692	Triggered	4,42,43,44,45,46,	 File_beep4	40	2	504105692
504123901	Triggered	1,14,15,16,17,18,19,20,21,22,	 NoSound	40	2	504123901
504124113	Triggered	1,14,15,16,17,18,19,20,21,22,	 PureTone-2kHz	40	2	504124113
504128474	Triggered	4,42,43,44,45,46,	 NoSound	40	2	504128474
504128677	Triggered	4,42,43,44,45,46,	 File_beep4	40	2	504128677
504142072	Triggered	1,14,15,16,17,18,19,20,21,22,	 NoSound	40	2	504142072
504142273	Triggered	1,14,15,16,17,18,19,20,21,22,	 PureTone-1kHz	40	2	504142273
504145561	Triggered	4,42,43,44,45,46,	 NoSound	40	2	504145561
504145762	Triggered	4,42,43,44,45,46,	 File_beep4	40	2	504145762
504158677	Triggered	1,14,15,16,17,18,19,20,21,22,	 NoSound	40	2	504158677
504158878	Triggered	1,14,15,16,17,18,19,20,21,22,	 StopSoundShort	40	2	504158878
504173418	Triggered	5,23,24,25,26,27,28,29,30,31,	 NoSound	40	2	504173418
504176969	Triggered	2,37,38,39,40,41,	 NoSound	40	2	504176969
504177170	Triggered	2,37,38,39,40,41,	 File_beep1	40	2	504177170
504185331	Triggered	5,23,24,25,26,27,28,29,30,31,	 NoSound	40	2	504185331
504254522	Triggered	2,37,38,39,40,41,	 NoSound	40	2	504254522
504254723	Triggered	2,37,38,39,40,41,	 File_beep1	40	2	504254723
504266855	Triggered	5,23,24,25,26,27,28,29,30,31,	 NoSound	40	2	504266855
504270646	Triggered	2,37,38,39,40,41,	 NoSound	40	2	504270646
504270846	Triggered	2,37,38,39,40,41,	 File_beep1	40	2	504270846
504280392	Triggered	5,23,24,25,26,27,28,29,30,31,	 NoSound	40	2	504280392
504280596	Triggered	5,23,24,25,26,27,28,29,30,31,	 PureTone-9kHz	40	2	504280596
504284484	Triggered	8,52,53,54,55,56,	 NoSound	40	2	504284484
504284686	Triggered	8,52,53,54,55,56,	 File_beep1	40	2	504284686
504306324	Triggered	5,23,24,25,26,27,28,29,30,31,	 NoSound	40	2	504306324
504306528	Triggered	5,23,24,25,26,27,28,29,30,31,	 PureTone-7kHz	40	2	504306528
504310667	Triggered	8,52,53,54,55,56,	 NoSound	40	2	504310667
504310869	Triggered	8,52,53,54,55,56,	 File_beep1	40	2	504310869
504320523	Triggered	5,23,24,25,26,27,28,29,30,31,	 NoSound	40	2	504320523
504320726	Triggered	5,23,24,25,26,27,28,29,30,31,	 PureTone-5kHz	40	2	504320726
504325518	Triggered	8,52,53,54,55,56,	 NoSound	40	2	504325518
504325720	Triggered	8,52,53,54,55,56,	 File_beep1	40	2	504325720
504337189	Triggered	5,23,24,25,26,27,28,29,30,31,	 NoSound	40	2	504337189
504337390	Triggered	5,23,24,25,26,27,28,29,30,31,	 PureTone-3kHz	40	2	504337390
504341762	Triggered	2,37,38,39,40,41,	 NoSound	40	2	504341762
504341962	Triggered	2,37,38,39,40,41,	 File_beep1	40	2	504341962
504351568	Triggered	5,23,24,25,26,27,28,29,30,31,	 NoSound	40	2	504351568
504351770	Triggered	5,23,24,25,26,27,28,29,30,31,	 PureTone-2kHz	40	2	504351770
504357285	Triggered	2,37,38,39,40,41,	 NoSound	40	2	504357285
504357486	Triggered	2,37,38,39,40,41,	 File_beep1	40	2	504357486
504369678	Triggered	5,23,24,25,26,27,28,29,30,31,	 NoSound	40	2	504369678
504369880	Triggered	5,23,24,25,26,27,28,29,30,31,	 PureTone-1kHz	40	2	504369880
504374973	Triggered	2,37,38,39,40,41,	 NoSound	40	2	504374973
504375174	Triggered	2,37,38,39,40,41,	 File_beep1	40	2	504375174
504389051	Triggered	5,23,24,25,26,27,28,29,30,31,	 NoSound	40	2	504389051
504389252	Triggered	5,23,24,25,26,27,28,29,30,31,	 StopSoundShort	40	2	504389252
