Ver1.3	134296626	StartFile	3/12/2021	10:47:49 AM	E:\BehavioralExperiments\Twenty\Horizon\RawData\031221\SoundData.txt	134296626
134757537	Triggered	5,23,24,25,26,27,28,29,30,31,	 NoSound	40	2	134757537
134757740	Triggered	5,23,24,25,26,27,28,29,30,31,	 StopSoundLong	40	2	134757740
134772976	Triggered	1,14,15,16,17,18,19,20,21,22,	 NoSound	40	2	134772976
134777790	Triggered	6,47,48,49,50,51,	 NoSound	40	2	134777790
134777993	Triggered	6,47,48,49,50,51,	 File_beep5	40	2	134777993
134790355	Triggered	1,14,15,16,17,18,19,20,21,22,	 NoSound	40	2	134790355
134790558	Triggered	1,14,15,16,17,18,19,20,21,22,	 PureTone-9kHz	40	2	134790558
134793630	Triggered	4,42,43,44,45,46,	 NoSound	40	2	134793630
134793833	Triggered	4,42,43,44,45,46,	 File_beep4	40	2	134793833
134805395	Triggered	1,14,15,16,17,18,19,20,21,22,	 NoSound	40	2	134805395
134805608	Triggered	1,14,15,16,17,18,19,20,21,22,	 PureTone-7kHz	40	2	134805608
134808609	Triggered	4,42,43,44,45,46,	 NoSound	40	2	134808609
134808811	Triggered	4,42,43,44,45,46,	 File_beep4	40	2	134808811
134819700	Triggered	1,14,15,16,17,18,19,20,21,22,	 NoSound	40	2	134819700
134819903	Triggered	1,14,15,16,17,18,19,20,21,22,	 PureTone-5kHz	40	2	134819903
134823040	Triggered	4,42,43,44,45,46,	 NoSound	40	2	134823040
134823242	Triggered	4,42,43,44,45,46,	 File_beep4	40	2	134823242
134834069	Triggered	1,14,15,16,17,18,19,20,21,22,	 NoSound	40	2	134834069
134834271	Triggered	1,14,15,16,17,18,19,20,21,22,	 PureTone-3kHz	40	2	134834271
134837009	Triggered	4,42,43,44,45,46,	 NoSound	40	2	134837009
134837212	Triggered	4,42,43,44,45,46,	 File_beep4	40	2	134837212
134848842	Triggered	1,14,15,16,17,18,19,20,21,22,	 NoSound	40	2	134848842
134849045	Triggered	1,14,15,16,17,18,19,20,21,22,	 PureTone-2kHz	40	2	134849045
134852049	Triggered	4,42,43,44,45,46,	 NoSound	40	2	134852049
134852251	Triggered	4,42,43,44,45,46,	 File_beep4	40	2	134852251
134863412	Triggered	1,14,15,16,17,18,19,20,21,22,	 NoSound	40	2	134863412
134863614	Triggered	1,14,15,16,17,18,19,20,21,22,	 PureTone-1kHz	40	2	134863614
134866287	Triggered	4,42,43,44,45,46,	 NoSound	40	2	134866287
134866490	Triggered	4,42,43,44,45,46,	 File_beep4	40	2	134866490
134877115	Triggered	1,14,15,16,17,18,19,20,21,22,	 NoSound	40	2	134877115
134877315	Triggered	1,14,15,16,17,18,19,20,21,22,	 StopSoundShort	40	2	134877315
134887474	Triggered	5,23,24,25,26,27,28,29,30,31,	 NoSound	40	2	134887474
134890817	Triggered	8,52,53,54,55,56,	 NoSound	40	2	134890817
134902781	Triggered	5,23,24,25,26,27,28,29,30,31,	 NoSound	40	2	134902781
134902983	Triggered	5,23,24,25,26,27,28,29,30,31,	 PureTone-1kHz	40	2	134902983
134906324	Triggered	2,37,38,39,40,41,	 NoSound	40	2	134906324
134906526	Triggered	2,37,38,39,40,41,	 File_beep4	40	2	134906526
134914613	Triggered	5,23,24,25,26,27,28,29,30,31,	 NoSound	40	2	134914613
134914826	Triggered	5,23,24,25,26,27,28,29,30,31,	 StopSoundLong	40	2	134914826
134931328	Triggered	6,47,48,49,50,51,	 NoSound	40	2	134931328
134931533	Triggered	6,47,48,49,50,51,	 File_beep2	40	2	134931533
134939811	Triggered	1,14,15,16,17,18,19,20,21,22,	 NoSound	40	2	134939811
134940014	Triggered	1,14,15,16,17,18,19,20,21,22,	 PureTone-9kHz	40	2	134940014
134942619	Triggered	4,42,43,44,45,46,	 NoSound	40	2	134942619
134942820	Triggered	4,42,43,44,45,46,	 File_beep2	40	2	134942820
134950373	Triggered	1,14,15,16,17,18,19,20,21,22,	 NoSound	40	2	134950373
134950577	Triggered	1,14,15,16,17,18,19,20,21,22,	 PureTone-7kHz	40	2	134950577
134953046	Triggered	4,42,43,44,45,46,	 NoSound	40	2	134953046
134953248	Triggered	4,42,43,44,45,46,	 File_beep2	40	2	134953248
134961200	Triggered	1,14,15,16,17,18,19,20,21,22,	 NoSound	40	2	134961200
134961404	Triggered	1,14,15,16,17,18,19,20,21,22,	 PureTone-5kHz	40	2	134961404
134963740	Triggered	4,42,43,44,45,46,	 NoSound	40	2	134963740
134963942	Triggered	4,42,43,44,45,46,	 File_beep2	40	2	134963942
134972563	Triggered	1,14,15,16,17,18,19,20,21,22,	 NoSound	40	2	134972563
134972766	Triggered	1,14,15,16,17,18,19,20,21,22,	 PureTone-3kHz	40	2	134972766
134975438	Triggered	4,42,43,44,45,46,	 NoSound	40	2	134975438
134975640	Triggered	4,42,43,44,45,46,	 File_beep2	40	2	134975640
134983732	Triggered	1,14,15,16,17,18,19,20,21,22,	 NoSound	40	2	134983732
134983935	Triggered	1,14,15,16,17,18,19,20,21,22,	 PureTone-2kHz	40	2	134983935
134986600	Triggered	4,42,43,44,45,46,	 NoSound	40	2	134986600
134986801	Triggered	4,42,43,44,45,46,	 File_beep2	40	2	134986801
134995091	Triggered	1,14,15,16,17,18,19,20,21,22,	 NoSound	40	2	134995091
134995292	Triggered	1,14,15,16,17,18,19,20,21,22,	 PureTone-1kHz	40	2	134995292
134997762	Triggered	4,42,43,44,45,46,	 NoSound	40	2	134997762
134997964	Triggered	4,42,43,44,45,46,	 File_beep2	40	2	134997964
135006318	Triggered	1,14,15,16,17,18,19,20,21,22,	 NoSound	40	2	135006318
135006520	Triggered	1,14,15,16,17,18,19,20,21,22,	 StopSoundShort	40	2	135006520
135024633	Triggered	5,23,24,25,26,27,28,29,30,31,	 NoSound	40	2	135024633
135027574	Triggered	8,52,53,54,55,56,	 NoSound	40	2	135027574
135027775	Triggered	8,52,53,54,55,56,	 File_beep3	40	2	135027775
135035862	Triggered	5,23,24,25,26,27,28,29,30,31,	 NoSound	40	2	135035862
135036063	Triggered	5,23,24,25,26,27,28,29,30,31,	 PureTone-1kHz	40	2	135036063
135039071	Triggered	8,52,53,54,55,56,	 NoSound	40	2	135039071
135039272	Triggered	8,52,53,54,55,56,	 File_beep3	40	2	135039272
135046356	Triggered	5,23,24,25,26,27,28,29,30,31,	 NoSound	40	2	135046356
135046558	Triggered	5,23,24,25,26,27,28,29,30,31,	 StopSoundLong	40	2	135046558
135076166	Triggered	1,14,15,16,17,18,19,20,21,22,	 NoSound	40	2	135076166
135079241	Triggered	6,47,48,49,50,51,	 NoSound	40	2	135079241
135084522	Triggered	1,14,15,16,17,18,19,20,21,22,	 NoSound	40	2	135084522
135084726	Triggered	1,14,15,16,17,18,19,20,21,22,	 PureTone-9kHz	40	2	135084726
135087531	Triggered	4,42,43,44,45,46,	 NoSound	40	2	135087531
135087734	Triggered	4,42,43,44,45,46,	 File_beep5	40	2	135087734
135099227	Triggered	1,14,15,16,17,18,19,20,21,22,	 NoSound	40	2	135099227
135099430	Triggered	1,14,15,16,17,18,19,20,21,22,	 PureTone-7kHz	40	2	135099430
135101701	Triggered	4,42,43,44,45,46,	 NoSound	40	2	135101701
135101902	Triggered	4,42,43,44,45,46,	 File_beep5	40	2	135101902
135112932	Triggered	1,14,15,16,17,18,19,20,21,22,	 NoSound	40	2	135112932
135113135	Triggered	1,14,15,16,17,18,19,20,21,22,	 PureTone-5kHz	40	2	135113135
135115336	Triggered	4,42,43,44,45,46,	 NoSound	40	2	135115336
135115539	Triggered	4,42,43,44,45,46,	 File_beep5	40	2	135115539
135136324	Triggered	1,14,15,16,17,18,19,20,21,22,	 NoSound	40	2	135136324
135136526	Triggered	1,14,15,16,17,18,19,20,21,22,	 PureTone-3kHz	40	2	135136526
135140202	Triggered	6,47,48,49,50,51,	 NoSound	40	2	135140202
135148689	Triggered	1,14,15,16,17,18,19,20,21,22,	 NoSound	40	2	135148689
135148891	Triggered	1,14,15,16,17,18,19,20,21,22,	 PureTone-2kHz	40	2	135148891
135151697	Triggered	6,47,48,49,50,51,	 NoSound	40	2	135151697
135155709	Triggered	1,14,15,16,17,18,19,20,21,22,	 NoSound	40	2	135155709
135155922	Triggered	1,14,15,16,17,18,19,20,21,22,	 PureTone-1kHz	40	2	135155922
135158582	Triggered	4,42,43,44,45,46,	 NoSound	40	2	135158582
135158785	Triggered	4,42,43,44,45,46,	 File_beep5	40	2	135158785
135170280	Triggered	1,14,15,16,17,18,19,20,21,22,	 NoSound	40	2	135170280
135170481	Triggered	1,14,15,16,17,18,19,20,21,22,	 StopSoundShort	40	2	135170481
135183981	Triggered	5,23,24,25,26,27,28,29,30,31,	 NoSound	40	2	135183981
135186254	Triggered	2,37,38,39,40,41,	 NoSound	40	2	135186254
135186466	Triggered	2,37,38,39,40,41,	 File_beep3	40	2	135186466
135194008	Triggered	5,23,24,25,26,27,28,29,30,31,	 NoSound	40	2	135194008
135194209	Triggered	5,23,24,25,26,27,28,29,30,31,	 PureTone-1kHz	40	2	135194209
135196882	Triggered	8,52,53,54,55,56,	 NoSound	40	2	135196882
135197082	Triggered	8,52,53,54,55,56,	 File_beep1	40	2	135197082
135202964	Triggered	5,23,24,25,26,27,28,29,30,31,	 NoSound	40	2	135202964
135203167	Triggered	5,23,24,25,26,27,28,29,30,31,	 StopSoundLong	40	2	135203167
135217001	Triggered	1,14,15,16,17,18,19,20,21,22,	 NoSound	40	2	135217001
135220142	Triggered	4,42,43,44,45,46,	 NoSound	40	2	135220142
135220344	Triggered	4,42,43,44,45,46,	 File_beep4	40	2	135220344
135235115	Triggered	1,14,15,16,17,18,19,20,21,22,	 NoSound	40	2	135235115
135235319	Triggered	1,14,15,16,17,18,19,20,21,22,	 PureTone-9kHz	40	2	135235319
135238936	Triggered	6,47,48,49,50,51,	 NoSound	40	2	135238936
135239137	Triggered	6,47,48,49,50,51,	 File_beep3	40	2	135239137
135247012	Triggered	1,14,15,16,17,18,19,20,21,22,	 NoSound	40	2	135247012
135247215	Triggered	1,14,15,16,17,18,19,20,21,22,	 PureTone-7kHz	40	2	135247215
135249819	Triggered	4,42,43,44,45,46,	 NoSound	40	2	135249819
135250021	Triggered	4,42,43,44,45,46,	 File_beep4	40	2	135250021
135265460	Triggered	1,14,15,16,17,18,19,20,21,22,	 NoSound	40	2	135265460
135265663	Triggered	1,14,15,16,17,18,19,20,21,22,	 PureTone-5kHz	40	2	135265663
135268469	Triggered	6,47,48,49,50,51,	 NoSound	40	2	135268469
135268670	Triggered	6,47,48,49,50,51,	 File_beep3	40	2	135268670
135276824	Triggered	1,14,15,16,17,18,19,20,21,22,	 NoSound	40	2	135276824
135277026	Triggered	1,14,15,16,17,18,19,20,21,22,	 PureTone-3kHz	40	2	135277026
135279697	Triggered	4,42,43,44,45,46,	 NoSound	40	2	135279697
135279899	Triggered	4,42,43,44,45,46,	 File_beep4	40	2	135279899
135292531	Triggered	1,14,15,16,17,18,19,20,21,22,	 NoSound	40	2	135292531
135292744	Triggered	1,14,15,16,17,18,19,20,21,22,	 PureTone-2kHz	40	2	135292744
135295205	Triggered	4,42,43,44,45,46,	 NoSound	40	2	135295205
135295407	Triggered	4,42,43,44,45,46,	 File_beep4	40	2	135295407
135307971	Triggered	1,14,15,16,17,18,19,20,21,22,	 NoSound	40	2	135307971
135308173	Triggered	1,14,15,16,17,18,19,20,21,22,	 PureTone-1kHz	40	2	135308173
135310577	Triggered	4,42,43,44,45,46,	 NoSound	40	2	135310577
135310779	Triggered	4,42,43,44,45,46,	 File_beep4	40	2	135310779
135322142	Triggered	1,14,15,16,17,18,19,20,21,22,	 NoSound	40	2	135322142
135322343	Triggered	1,14,15,16,17,18,19,20,21,22,	 StopSoundShort	40	2	135322343
135337047	Triggered	5,23,24,25,26,27,28,29,30,31,	 NoSound	40	2	135337047
135339520	Triggered	8,52,53,54,55,56,	 NoSound	40	2	135339520
135339721	Triggered	8,52,53,54,55,56,	 File_beep2	40	2	135339721
135345669	Triggered	5,23,24,25,26,27,28,29,30,31,	 NoSound	40	2	135345669
135345872	Triggered	5,23,24,25,26,27,28,29,30,31,	 PureTone-1kHz	40	2	135345872
135348216	Triggered	2,37,38,39,40,41,	 NoSound	40	2	135348216
135348417	Triggered	2,37,38,39,40,41,	 File_beep3	40	2	135348417
135356096	Triggered	5,23,24,25,26,27,28,29,30,31,	 NoSound	40	2	135356096
135356298	Triggered	5,23,24,25,26,27,28,29,30,31,	 StopSoundLong	40	2	135356298
135371069	Triggered	1,14,15,16,17,18,19,20,21,22,	 NoSound	40	2	135371069
135373944	Triggered	4,42,43,44,45,46,	 NoSound	40	2	135373944
135374144	Triggered	4,42,43,44,45,46,	 File_beep1	40	2	135374144
135380427	Triggered	1,14,15,16,17,18,19,20,21,22,	 NoSound	40	2	135380427
135380631	Triggered	1,14,15,16,17,18,19,20,21,22,	 PureTone-9kHz	40	2	135380631
135383768	Triggered	6,47,48,49,50,51,	 NoSound	40	2	135383768
135383971	Triggered	6,47,48,49,50,51,	 File_beep4	40	2	135383971
135392258	Triggered	1,14,15,16,17,18,19,20,21,22,	 NoSound	40	2	135392258
135392461	Triggered	1,14,15,16,17,18,19,20,21,22,	 PureTone-7kHz	40	2	135392461
135395332	Triggered	6,47,48,49,50,51,	 NoSound	40	2	135395332
135395535	Triggered	6,47,48,49,50,51,	 File_beep4	40	2	135395535
135404088	Triggered	1,14,15,16,17,18,19,20,21,22,	 NoSound	40	2	135404088
135404291	Triggered	1,14,15,16,17,18,19,20,21,22,	 PureTone-5kHz	40	2	135404291
135406762	Triggered	4,42,43,44,45,46,	 NoSound	40	2	135406762
135406963	Triggered	4,42,43,44,45,46,	 File_beep1	40	2	135406963
135412377	Triggered	1,14,15,16,17,18,19,20,21,22,	 NoSound	40	2	135412377
135412580	Triggered	1,14,15,16,17,18,19,20,21,22,	 PureTone-3kHz	40	2	135412580
135415188	Triggered	4,42,43,44,45,46,	 NoSound	40	2	135415188
135415390	Triggered	4,42,43,44,45,46,	 File_beep1	40	2	135415390
135421603	Triggered	1,14,15,16,17,18,19,20,21,22,	 NoSound	40	2	135421603
135421805	Triggered	1,14,15,16,17,18,19,20,21,22,	 PureTone-2kHz	40	2	135421805
135425010	Triggered	6,47,48,49,50,51,	 NoSound	40	2	135425010
135425212	Triggered	6,47,48,49,50,51,	 File_beep4	40	2	135425212
135435376	Triggered	1,14,15,16,17,18,19,20,21,22,	 NoSound	40	2	135435376
135435578	Triggered	1,14,15,16,17,18,19,20,21,22,	 PureTone-1kHz	40	2	135435578
135438579	Triggered	6,47,48,49,50,51,	 NoSound	40	2	135438579
135438780	Triggered	6,47,48,49,50,51,	 File_beep4	40	2	135438780
135448471	Triggered	1,14,15,16,17,18,19,20,21,22,	 NoSound	40	2	135448471
135448673	Triggered	1,14,15,16,17,18,19,20,21,22,	 StopSoundShort	40	2	135448673
135463110	Triggered	5,23,24,25,26,27,28,29,30,31,	 NoSound	40	2	135463110
135465916	Triggered	8,52,53,54,55,56,	 NoSound	40	2	135465916
135466128	Triggered	8,52,53,54,55,56,	 File_beep5	40	2	135466128
135475475	Triggered	5,23,24,25,26,27,28,29,30,31,	 NoSound	40	2	135475475
135475687	Triggered	5,23,24,25,26,27,28,29,30,31,	 PureTone-1kHz	40	2	135475687
135478018	Triggered	8,52,53,54,55,56,	 NoSound	40	2	135478018
135478221	Triggered	8,52,53,54,55,56,	 File_beep5	40	2	135478221
135488508	Triggered	5,23,24,25,26,27,28,29,30,31,	 NoSound	40	2	135488508
135488709	Triggered	5,23,24,25,26,27,28,29,30,31,	 StopSoundLong	40	2	135488709
135500406	Triggered	1,14,15,16,17,18,19,20,21,22,	 NoSound	40	2	135500406
135503351	Triggered	6,47,48,49,50,51,	 NoSound	40	2	135503351
135503552	Triggered	6,47,48,49,50,51,	 File_beep1	40	2	135503552
135537303	Triggered	1,14,15,16,17,18,19,20,21,22,	 NoSound	40	2	135537303
135537506	Triggered	1,14,15,16,17,18,19,20,21,22,	 PureTone-9kHz	40	2	135537506
135541045	Triggered	4,42,43,44,45,46,	 NoSound	40	2	135541045
135547462	Triggered	1,14,15,16,17,18,19,20,21,22,	 NoSound	40	2	135547462
135547666	Triggered	1,14,15,16,17,18,19,20,21,22,	 PureTone-7kHz	40	2	135547666
135551205	Triggered	6,47,48,49,50,51,	 NoSound	40	2	135551205
135551406	Triggered	6,47,48,49,50,51,	 File_beep1	40	2	135551406
135563704	Triggered	1,14,15,16,17,18,19,20,21,22,	 NoSound	40	2	135563704
135563908	Triggered	1,14,15,16,17,18,19,20,21,22,	 PureTone-5kHz	40	2	135563908
135567181	Triggered	6,47,48,49,50,51,	 NoSound	40	2	135567181
135567382	Triggered	6,47,48,49,50,51,	 File_beep1	40	2	135567382
135573463	Triggered	1,14,15,16,17,18,19,20,21,22,	 NoSound	40	2	135573463
135573666	Triggered	1,14,15,16,17,18,19,20,21,22,	 PureTone-3kHz	40	2	135573666
135576806	Triggered	4,42,43,44,45,46,	 NoSound	40	2	135576806
135580749	Triggered	1,14,15,16,17,18,19,20,21,22,	 NoSound	40	2	135580749
135580951	Triggered	1,14,15,16,17,18,19,20,21,22,	 PureTone-2kHz	40	2	135580951
135583892	Triggered	6,47,48,49,50,51,	 NoSound	40	2	135583892
135584092	Triggered	6,47,48,49,50,51,	 File_beep1	40	2	135584092
135595455	Triggered	1,14,15,16,17,18,19,20,21,22,	 NoSound	40	2	135595455
135595656	Triggered	1,14,15,16,17,18,19,20,21,22,	 PureTone-1kHz	40	2	135595656
135598998	Triggered	4,42,43,44,45,46,	 NoSound	40	2	135598998
135603809	Triggered	1,14,15,16,17,18,19,20,21,22,	 NoSound	40	2	135603809
135604010	Triggered	1,14,15,16,17,18,19,20,21,22,	 StopSoundShort	40	2	135604010
135617178	Triggered	2,37,38,39,40,41,	 NoSound	40	2	135617178
135617383	Triggered	2,37,38,39,40,41,	 File_beep4	40	2	135617383
135627404	Triggered	5,23,24,25,26,27,28,29,30,31,	 NoSound	40	2	135627404
135627605	Triggered	5,23,24,25,26,27,28,29,30,31,	 PureTone-1kHz	40	2	135627605
135630078	Triggered	2,37,38,39,40,41,	 NoSound	40	2	135630078
135630280	Triggered	2,37,38,39,40,41,	 File_beep4	40	2	135630280
135639101	Triggered	5,23,24,25,26,27,28,29,30,31,	 NoSound	40	2	135639101
135639302	Triggered	5,23,24,25,26,27,28,29,30,31,	 StopSoundLong	40	2	135639302
135649328	Triggered	1,14,15,16,17,18,19,20,21,22,	 NoSound	40	2	135649328
135653204	Triggered	6,47,48,49,50,51,	 NoSound	40	2	135653204
135658752	Triggered	1,14,15,16,17,18,19,20,21,22,	 NoSound	40	2	135658752
135658955	Triggered	1,14,15,16,17,18,19,20,21,22,	 PureTone-9kHz	40	2	135658955
135661827	Triggered	4,42,43,44,45,46,	 NoSound	40	2	135661827
135662030	Triggered	4,42,43,44,45,46,	 File_beep4	40	2	135662030
135672390	Triggered	1,14,15,16,17,18,19,20,21,22,	 NoSound	40	2	135672390
135672594	Triggered	1,14,15,16,17,18,19,20,21,22,	 PureTone-7kHz	40	2	135672594
135674928	Triggered	4,42,43,44,45,46,	 NoSound	40	2	135674928
135675131	Triggered	4,42,43,44,45,46,	 File_beep4	40	2	135675131
135687160	Triggered	1,14,15,16,17,18,19,20,21,22,	 NoSound	40	2	135687160
135687361	Triggered	1,14,15,16,17,18,19,20,21,22,	 PureTone-5kHz	40	2	135687361
135690100	Triggered	4,42,43,44,45,46,	 NoSound	40	2	135690100
135690303	Triggered	4,42,43,44,45,46,	 File_beep4	40	2	135690303
135701604	Triggered	1,14,15,16,17,18,19,20,21,22,	 NoSound	40	2	135701604
135701807	Triggered	1,14,15,16,17,18,19,20,21,22,	 PureTone-3kHz	40	2	135701807
135704406	Triggered	4,42,43,44,45,46,	 NoSound	40	2	135704406
135704610	Triggered	4,42,43,44,45,46,	 File_beep4	40	2	135704610
135715033	Triggered	1,14,15,16,17,18,19,20,21,22,	 NoSound	40	2	135715033
135715235	Triggered	1,14,15,16,17,18,19,20,21,22,	 PureTone-2kHz	40	2	135715235
135718040	Triggered	4,42,43,44,45,46,	 NoSound	40	2	135718040
135718243	Triggered	4,42,43,44,45,46,	 File_beep4	40	2	135718243
135730006	Triggered	1,14,15,16,17,18,19,20,21,22,	 NoSound	40	2	135730006
135730208	Triggered	1,14,15,16,17,18,19,20,21,22,	 PureTone-1kHz	40	2	135730208
135733481	Triggered	4,42,43,44,45,46,	 NoSound	40	2	135733481
135733683	Triggered	4,42,43,44,45,46,	 File_beep4	40	2	135733683
135744910	Triggered	1,14,15,16,17,18,19,20,21,22,	 NoSound	40	2	135744910
135745111	Triggered	1,14,15,16,17,18,19,20,21,22,	 StopSoundShort	40	2	135745111
135760218	Triggered	8,52,53,54,55,56,	 NoSound	40	2	135760218
135760424	Triggered	8,52,53,54,55,56,	 File_beep5	40	2	135760424
135773518	Triggered	5,23,24,25,26,27,28,29,30,31,	 NoSound	40	2	135773518
135773720	Triggered	5,23,24,25,26,27,28,29,30,31,	 PureTone-1kHz	40	2	135773720
135776526	Triggered	8,52,53,54,55,56,	 NoSound	40	2	135776526
135776728	Triggered	8,52,53,54,55,56,	 File_beep5	40	2	135776728
135797052	Triggered	5,23,24,25,26,27,28,29,30,31,	 NoSound	40	2	135797052
135797253	Triggered	5,23,24,25,26,27,28,29,30,31,	 StopSoundLong	40	2	135797253
135810013	Triggered	1,14,15,16,17,18,19,20,21,22,	 NoSound	40	2	135810013
135813162	Triggered	4,42,43,44,45,46,	 NoSound	40	2	135813162
135819438	Triggered	1,14,15,16,17,18,19,20,21,22,	 NoSound	40	2	135819438
135819643	Triggered	1,14,15,16,17,18,19,20,21,22,	 PureTone-9kHz	40	2	135819643
135824251	Triggered	6,47,48,49,50,51,	 NoSound	40	2	135824251
135824452	Triggered	6,47,48,49,50,51,	 File_beep3	40	2	135824452
135836750	Triggered	1,14,15,16,17,18,19,20,21,22,	 NoSound	40	2	135836750
135836953	Triggered	1,14,15,16,17,18,19,20,21,22,	 PureTone-7kHz	40	2	135836953
135839690	Triggered	4,42,43,44,45,46,	 NoSound	40	2	135839690
135844036	Triggered	1,14,15,16,17,18,19,20,21,22,	 NoSound	40	2	135844036
135844240	Triggered	1,14,15,16,17,18,19,20,21,22,	 PureTone-5kHz	40	2	135844240
135848248	Triggered	6,47,48,49,50,51,	 NoSound	40	2	135848248
135848460	Triggered	6,47,48,49,50,51,	 File_beep3	40	2	135848460
135858005	Triggered	1,14,15,16,17,18,19,20,21,22,	 NoSound	40	2	135858005
135858206	Triggered	1,14,15,16,17,18,19,20,21,22,	 PureTone-3kHz	40	2	135858206
135861148	Triggered	4,42,43,44,45,46,	 NoSound	40	2	135861148
135865559	Triggered	1,14,15,16,17,18,19,20,21,22,	 NoSound	40	2	135865559
135865764	Triggered	1,14,15,16,17,18,19,20,21,22,	 PureTone-2kHz	40	2	135865764
135869367	Triggered	6,47,48,49,50,51,	 NoSound	40	2	135869367
135869569	Triggered	6,47,48,49,50,51,	 File_beep3	40	2	135869569
135879394	Triggered	1,14,15,16,17,18,19,20,21,22,	 NoSound	40	2	135879394
135879596	Triggered	1,14,15,16,17,18,19,20,21,22,	 PureTone-1kHz	40	2	135879596
135883205	Triggered	6,47,48,49,50,51,	 NoSound	40	2	135883205
135883407	Triggered	6,47,48,49,50,51,	 File_beep3	40	2	135883407
135892094	Triggered	1,14,15,16,17,18,19,20,21,22,	 NoSound	40	2	135892094
135892294	Triggered	1,14,15,16,17,18,19,20,21,22,	 StopSoundShort	40	2	135892294
135905663	Triggered	2,37,38,39,40,41,	 NoSound	40	2	135905663
135905869	Triggered	2,37,38,39,40,41,	 File_beep3	40	2	135905869
135916892	Triggered	5,23,24,25,26,27,28,29,30,31,	 NoSound	40	2	135916892
135917094	Triggered	5,23,24,25,26,27,28,29,30,31,	 PureTone-1kHz	40	2	135917094
135920301	Triggered	8,52,53,54,55,56,	 NoSound	40	2	135920301
135920503	Triggered	8,52,53,54,55,56,	 File_beep5	40	2	135920503
135931530	Triggered	5,23,24,25,26,27,28,29,30,31,	 NoSound	40	2	135931531
135931732	Triggered	5,23,24,25,26,27,28,29,30,31,	 StopSoundLong	40	2	135931732
135942358	Triggered	1,14,15,16,17,18,19,20,21,22,	 NoSound	40	2	135942358
135945500	Triggered	4,42,43,44,45,46,	 NoSound	40	2	135945500
135945700	Triggered	4,42,43,44,45,46,	 File_beep1	40	2	135945700
135952453	Triggered	1,14,15,16,17,18,19,20,21,22,	 NoSound	40	2	135952453
135952658	Triggered	1,14,15,16,17,18,19,20,21,22,	 PureTone-9kHz	40	2	135952658
135955995	Triggered	6,47,48,49,50,51,	 NoSound	40	2	135955995
135956196	Triggered	6,47,48,49,50,51,	 File_beep3	40	2	135956196
136005931	Triggered	1,14,15,16,17,18,19,20,21,22,	 NoSound	40	2	136005931
136006134	Triggered	1,14,15,16,17,18,19,20,21,22,	 PureTone-7kHz	40	2	136006134
136009668	Triggered	4,42,43,44,45,46,	 NoSound	40	2	136009668
136009869	Triggered	4,42,43,44,45,46,	 File_beep1	40	2	136009869
136017554	Triggered	1,14,15,16,17,18,19,20,21,22,	 NoSound	40	2	136017554
136017756	Triggered	1,14,15,16,17,18,19,20,21,22,	 PureTone-5kHz	40	2	136017756
136021565	Triggered	4,42,43,44,45,46,	 NoSound	40	2	136021565
136021766	Triggered	4,42,43,44,45,46,	 File_beep1	40	2	136021766
136031724	Triggered	1,14,15,16,17,18,19,20,21,22,	 NoSound	40	2	136031724
136031927	Triggered	1,14,15,16,17,18,19,20,21,22,	 PureTone-3kHz	40	2	136031927
136035679	Triggered	6,47,48,49,50,51,	 NoSound	40	2	136035679
136035881	Triggered	6,47,48,49,50,51,	 File_beep3	40	2	136035881
136047365	Triggered	1,14,15,16,17,18,19,20,21,22,	 NoSound	40	2	136047365
136047568	Triggered	1,14,15,16,17,18,19,20,21,22,	 PureTone-2kHz	40	2	136047568
136051108	Triggered	4,42,43,44,45,46,	 NoSound	40	2	136051108
136051309	Triggered	4,42,43,44,45,46,	 File_beep1	40	2	136051309
136058601	Triggered	1,14,15,16,17,18,19,20,21,22,	 NoSound	40	2	136058601
136058803	Triggered	1,14,15,16,17,18,19,20,21,22,	 PureTone-1kHz	40	2	136058803
136062337	Triggered	4,42,43,44,45,46,	 NoSound	40	2	136062337
136062538	Triggered	4,42,43,44,45,46,	 File_beep1	40	2	136062538
136070025	Triggered	1,14,15,16,17,18,19,20,21,22,	 NoSound	40	2	136070025
136070226	Triggered	1,14,15,16,17,18,19,20,21,22,	 StopSoundShort	40	2	136070226
136084196	Triggered	8,52,53,54,55,56,	 NoSound	40	2	136084196
136084400	Triggered	8,52,53,54,55,56,	 File_beep2	40	2	136084400
136097430	Triggered	5,23,24,25,26,27,28,29,30,31,	 NoSound	40	2	136097430
136097632	Triggered	5,23,24,25,26,27,28,29,30,31,	 PureTone-1kHz	40	2	136097632
136101307	Triggered	8,52,53,54,55,56,	 NoSound	40	2	136101307
136101508	Triggered	8,52,53,54,55,56,	 File_beep2	40	2	136101508
136111065	Triggered	5,23,24,25,26,27,28,29,30,31,	 NoSound	40	2	136111065
136111265	Triggered	5,23,24,25,26,27,28,29,30,31,	 StopSoundLong	40	2	136111265
136127240	Triggered	6,47,48,49,50,51,	 NoSound	40	2	136127240
136127445	Triggered	6,47,48,49,50,51,	 File_beep4	40	2	136127445
136140742	Triggered	1,14,15,16,17,18,19,20,21,22,	 NoSound	40	2	136140742
136140947	Triggered	1,14,15,16,17,18,19,20,21,22,	 PureTone-9kHz	40	2	136140947
136144352	Triggered	6,47,48,49,50,51,	 NoSound	40	2	136144352
136144555	Triggered	6,47,48,49,50,51,	 File_beep4	40	2	136144555
136157653	Triggered	1,14,15,16,17,18,19,20,21,22,	 NoSound	40	2	136157653
136157857	Triggered	1,14,15,16,17,18,19,20,21,22,	 PureTone-7kHz	40	2	136157857
136161063	Triggered	6,47,48,49,50,51,	 NoSound	40	2	136161063
136161267	Triggered	6,47,48,49,50,51,	 File_beep4	40	2	136161267
136172224	Triggered	1,14,15,16,17,18,19,20,21,22,	 NoSound	40	2	136172224
136172440	Triggered	1,14,15,16,17,18,19,20,21,22,	 PureTone-5kHz	40	2	136172440
136175567	Triggered	6,47,48,49,50,51,	 NoSound	40	2	136175567
136175769	Triggered	6,47,48,49,50,51,	 File_beep4	40	2	136175769
136188333	Triggered	1,14,15,16,17,18,19,20,21,22,	 NoSound	40	2	136188333
136188534	Triggered	1,14,15,16,17,18,19,20,21,22,	 PureTone-3kHz	40	2	136188534
136192276	Triggered	6,47,48,49,50,51,	 NoSound	40	2	136192276
136192478	Triggered	6,47,48,49,50,51,	 File_beep4	40	2	136192478
136204909	Triggered	1,14,15,16,17,18,19,20,21,22,	 NoSound	40	2	136204909
136205112	Triggered	1,14,15,16,17,18,19,20,21,22,	 PureTone-2kHz	40	2	136205112
136208585	Triggered	6,47,48,49,50,51,	 NoSound	40	2	136208585
136208788	Triggered	6,47,48,49,50,51,	 File_beep4	40	2	136208788
136220952	Triggered	1,14,15,16,17,18,19,20,21,22,	 NoSound	40	2	136220952
136221153	Triggered	1,14,15,16,17,18,19,20,21,22,	 PureTone-1kHz	40	2	136221153
136224895	Triggered	6,47,48,49,50,51,	 NoSound	40	2	136224895
136225096	Triggered	6,47,48,49,50,51,	 File_beep4	40	2	136225096
136236391	Triggered	1,14,15,16,17,18,19,20,21,22,	 NoSound	40	2	136236391
136236592	Triggered	1,14,15,16,17,18,19,20,21,22,	 StopSoundShort	40	2	136236592
136249091	Triggered	5,23,24,25,26,27,28,29,30,31,	 NoSound	40	2	136249091
136251766	Triggered	2,37,38,39,40,41,	 NoSound	40	2	136251766
136251968	Triggered	2,37,38,39,40,41,	 File_beep5	40	2	136251968
136266805	Triggered	5,23,24,25,26,27,28,29,30,31,	 NoSound	40	2	136266805
136267006	Triggered	5,23,24,25,26,27,28,29,30,31,	 PureTone-1kHz	40	2	136267006
136270281	Triggered	2,37,38,39,40,41,	 NoSound	40	2	136270281
136270483	Triggered	2,37,38,39,40,41,	 File_beep5	40	2	136270483
136281375	Triggered	5,23,24,25,26,27,28,29,30,31,	 NoSound	40	2	136281375
136281577	Triggered	5,23,24,25,26,27,28,29,30,31,	 StopSoundLong	40	2	136281577
136294944	Triggered	1,14,15,16,17,18,19,20,21,22,	 NoSound	40	2	136294944
136298354	Triggered	6,47,48,49,50,51,	 NoSound	40	2	136298354
136298556	Triggered	6,47,48,49,50,51,	 File_beep1	40	2	136298556
136306508	Triggered	1,14,15,16,17,18,19,20,21,22,	 NoSound	40	2	136306508
136306711	Triggered	1,14,15,16,17,18,19,20,21,22,	 PureTone-9kHz	40	2	136306711
136309784	Triggered	4,42,43,44,45,46,	 NoSound	40	2	136309784
136309986	Triggered	4,42,43,44,45,46,	 File_beep4	40	2	136309986
136322416	Triggered	1,14,15,16,17,18,19,20,21,22,	 NoSound	40	2	136322416
136322630	Triggered	1,14,15,16,17,18,19,20,21,22,	 PureTone-7kHz	40	2	136322630
136325357	Triggered	4,42,43,44,45,46,	 NoSound	40	2	136325357
136325559	Triggered	4,42,43,44,45,46,	 File_beep4	40	2	136325559
136341666	Triggered	1,14,15,16,17,18,19,20,21,22,	 NoSound	40	2	136341666
136341870	Triggered	1,14,15,16,17,18,19,20,21,22,	 PureTone-5kHz	40	2	136341870
136345476	Triggered	6,47,48,49,50,51,	 NoSound	40	2	136345476
136345676	Triggered	6,47,48,49,50,51,	 File_beep1	40	2	136345676
136354901	Triggered	1,14,15,16,17,18,19,20,21,22,	 NoSound	40	2	136354901
136355103	Triggered	1,14,15,16,17,18,19,20,21,22,	 PureTone-3kHz	40	2	136355103
136359112	Triggered	6,47,48,49,50,51,	 NoSound	40	2	136359112
136359313	Triggered	6,47,48,49,50,51,	 File_beep1	40	2	136359313
136366531	Triggered	1,14,15,16,17,18,19,20,21,22,	 NoSound	40	2	136366531
136366733	Triggered	1,14,15,16,17,18,19,20,21,22,	 PureTone-2kHz	40	2	136366733
136371410	Triggered	4,42,43,44,45,46,	 NoSound	40	2	136371410
136371612	Triggered	4,42,43,44,45,46,	 File_beep4	40	2	136371612
136384451	Triggered	1,14,15,16,17,18,19,20,21,22,	 NoSound	40	2	136384451
136384653	Triggered	1,14,15,16,17,18,19,20,21,22,	 PureTone-1kHz	40	2	136384653
136387854	Triggered	4,42,43,44,45,46,	 NoSound	40	2	136387854
136388057	Triggered	4,42,43,44,45,46,	 File_beep4	40	2	136388057
136403025	Triggered	1,14,15,16,17,18,19,20,21,22,	 NoSound	40	2	136403025
136403227	Triggered	1,14,15,16,17,18,19,20,21,22,	 StopSoundShort	40	2	136403227
136443599	Triggered	5,23,24,25,26,27,28,29,30,31,	 NoSound	40	2	136443599
136447141	Triggered	8,52,53,54,55,56,	 NoSound	40	2	136447141
136447345	Triggered	8,52,53,54,55,56,	 File_beep4	40	2	136447345
136460510	Triggered	5,23,24,25,26,27,28,29,30,31,	 NoSound	40	2	136460510
136460724	Triggered	5,23,24,25,26,27,28,29,30,31,	 PureTone-1kHz	40	2	136460724
136464052	Triggered	8,52,53,54,55,56,	 NoSound	40	2	136464052
136464254	Triggered	8,52,53,54,55,56,	 File_beep4	40	2	136464254
136475415	Triggered	5,23,24,25,26,27,28,29,30,31,	 NoSound	40	2	136475415
136475616	Triggered	5,23,24,25,26,27,28,29,30,31,	 StopSoundLong	40	2	136475616
136486578	Triggered	1,14,15,16,17,18,19,20,21,22,	 NoSound	40	2	136486578
136489785	Triggered	4,42,43,44,45,46,	 NoSound	40	2	136489785
136489987	Triggered	4,42,43,44,45,46,	 File_beep3	40	2	136489987
136501683	Triggered	1,14,15,16,17,18,19,20,21,22,	 NoSound	40	2	136501683
136501886	Triggered	1,14,15,16,17,18,19,20,21,22,	 PureTone-9kHz	40	2	136501886
136505225	Triggered	4,42,43,44,45,46,	 NoSound	40	2	136505225
136505426	Triggered	4,42,43,44,45,46,	 File_beep3	40	2	136505426
136519195	Triggered	1,14,15,16,17,18,19,20,21,22,	 NoSound	40	2	136519195
136519399	Triggered	1,14,15,16,17,18,19,20,21,22,	 PureTone-7kHz	40	2	136519399
136522471	Triggered	4,42,43,44,45,46,	 NoSound	40	2	136522471
136522672	Triggered	4,42,43,44,45,46,	 File_beep3	40	2	136522672
136535639	Triggered	1,14,15,16,17,18,19,20,21,22,	 NoSound	40	2	136535639
136535841	Triggered	1,14,15,16,17,18,19,20,21,22,	 PureTone-5kHz	40	2	136535841
136539716	Triggered	6,47,48,49,50,51,	 NoSound	40	2	136539716
136547068	Triggered	1,14,15,16,17,18,19,20,21,22,	 NoSound	40	2	136547068
136547271	Triggered	1,14,15,16,17,18,19,20,21,22,	 PureTone-3kHz	40	2	136547271
136557028	Triggered	6,47,48,49,50,51,	 NoSound	40	2	136557028
136561646	Triggered	1,14,15,16,17,18,19,20,21,22,	 NoSound	40	2	136561646
136561847	Triggered	1,14,15,16,17,18,19,20,21,22,	 PureTone-2kHz	40	2	136561847
136565182	Triggered	4,42,43,44,45,46,	 NoSound	40	2	136565182
136565394	Triggered	4,42,43,44,45,46,	 File_beep3	40	2	136565394
136577480	Triggered	1,14,15,16,17,18,19,20,21,22,	 NoSound	40	2	136577480
136577683	Triggered	1,14,15,16,17,18,19,20,21,22,	 PureTone-1kHz	40	2	136577683
136582428	Triggered	6,47,48,49,50,51,	 NoSound	40	2	136582428
136587310	Triggered	1,14,15,16,17,18,19,20,21,22,	 NoSound	40	2	136587310
136587510	Triggered	1,14,15,16,17,18,19,20,21,22,	 StopSoundShort	40	2	136587510
136601411	Triggered	2,37,38,39,40,41,	 NoSound	40	2	136601411
136601614	Triggered	2,37,38,39,40,41,	 File_beep2	40	2	136601614
136610636	Triggered	5,23,24,25,26,27,28,29,30,31,	 NoSound	40	2	136610636
136610837	Triggered	5,23,24,25,26,27,28,29,30,31,	 PureTone-1kHz	40	2	136610837
136614578	Triggered	8,52,53,54,55,56,	 NoSound	40	2	136614578
136614778	Triggered	8,52,53,54,55,56,	 File_beep2	40	2	136614778
136626542	Triggered	5,23,24,25,26,27,28,29,30,31,	 NoSound	40	2	136626542
136626743	Triggered	5,23,24,25,26,27,28,29,30,31,	 StopSoundLong	40	2	136626743
136671392	Triggered	1,14,15,16,17,18,19,20,21,22,	 NoSound	40	2	136671392
136679146	Triggered	6,47,48,49,50,51,	 NoSound	40	2	136679146
136679346	Triggered	6,47,48,49,50,51,	 File_beep1	40	2	136679346
136690379	Triggered	1,14,15,16,17,18,19,20,21,22,	 NoSound	40	2	136690379
136690584	Triggered	1,14,15,16,17,18,19,20,21,22,	 PureTone-9kHz	40	2	136690584
136693850	Triggered	4,42,43,44,45,46,	 NoSound	40	2	136693850
136694053	Triggered	4,42,43,44,45,46,	 File_beep3	40	2	136694053
136705548	Triggered	1,14,15,16,17,18,19,20,21,22,	 NoSound	40	2	136705548
136705751	Triggered	1,14,15,16,17,18,19,20,21,22,	 PureTone-7kHz	40	2	136705751
136708691	Triggered	4,42,43,44,45,46,	 NoSound	40	2	136708691
136708892	Triggered	4,42,43,44,45,46,	 File_beep3	40	2	136708892
136720253	Triggered	1,14,15,16,17,18,19,20,21,22,	 NoSound	40	2	136720253
136720456	Triggered	1,14,15,16,17,18,19,20,21,22,	 PureTone-5kHz	40	2	136720456
136723594	Triggered	4,42,43,44,45,46,	 NoSound	40	2	136723594
136723796	Triggered	4,42,43,44,45,46,	 File_beep3	40	2	136723796
136736562	Triggered	1,14,15,16,17,18,19,20,21,22,	 NoSound	40	2	136736562
136736766	Triggered	1,14,15,16,17,18,19,20,21,22,	 PureTone-3kHz	40	2	136736766
136740105	Triggered	4,42,43,44,45,46,	 NoSound	40	2	136740105
136740307	Triggered	4,42,43,44,45,46,	 File_beep3	40	2	136740307
136753140	Triggered	1,14,15,16,17,18,19,20,21,22,	 NoSound	40	2	136753140
136753342	Triggered	1,14,15,16,17,18,19,20,21,22,	 PureTone-2kHz	40	2	136753342
136756348	Triggered	4,42,43,44,45,46,	 NoSound	40	2	136756348
136756550	Triggered	4,42,43,44,45,46,	 File_beep3	40	2	136756550
136769515	Triggered	1,14,15,16,17,18,19,20,21,22,	 NoSound	40	2	136769515
136769717	Triggered	1,14,15,16,17,18,19,20,21,22,	 PureTone-1kHz	40	2	136769717
136772656	Triggered	4,42,43,44,45,46,	 NoSound	40	2	136772656
136772858	Triggered	4,42,43,44,45,46,	 File_beep3	40	2	136772858
136788564	Triggered	1,14,15,16,17,18,19,20,21,22,	 NoSound	40	2	136788564
136788764	Triggered	1,14,15,16,17,18,19,20,21,22,	 StopSoundShort	40	2	136788764
136802267	Triggered	5,23,24,25,26,27,28,29,30,31,	 NoSound	40	2	136802267
136805809	Triggered	8,52,53,54,55,56,	 NoSound	40	2	136805809
136811691	Triggered	5,23,24,25,26,27,28,29,30,31,	 NoSound	40	2	136811691
136811894	Triggered	5,23,24,25,26,27,28,29,30,31,	 PureTone-1kHz	40	2	136811894
136815769	Triggered	2,37,38,39,40,41,	 NoSound	40	2	136815769
136815971	Triggered	2,37,38,39,40,41,	 File_beep4	40	2	136815971
136828335	Triggered	5,23,24,25,26,27,28,29,30,31,	 NoSound	40	2	136828335
136828536	Triggered	5,23,24,25,26,27,28,29,30,31,	 StopSoundLong	40	2	136828536
136843307	Triggered	1,14,15,16,17,18,19,20,21,22,	 NoSound	40	2	136843307
136846983	Triggered	6,47,48,49,50,51,	 NoSound	40	2	136846983
136847185	Triggered	6,47,48,49,50,51,	 File_beep3	40	2	136847185
136858013	Triggered	1,14,15,16,17,18,19,20,21,22,	 NoSound	40	2	136858013
136858216	Triggered	1,14,15,16,17,18,19,20,21,22,	 PureTone-9kHz	40	2	136858216
136861220	Triggered	4,42,43,44,45,46,	 NoSound	40	2	136861220
136861422	Triggered	4,42,43,44,45,46,	 File_beep1	40	2	136861422
136870111	Triggered	1,14,15,16,17,18,19,20,21,22,	 NoSound	40	2	136870111
136870315	Triggered	1,14,15,16,17,18,19,20,21,22,	 PureTone-7kHz	40	2	136870315
136873385	Triggered	4,42,43,44,45,46,	 NoSound	40	2	136873385
136873586	Triggered	4,42,43,44,45,46,	 File_beep1	40	2	136873586
136883546	Triggered	1,14,15,16,17,18,19,20,21,22,	 NoSound	40	2	136883546
136883749	Triggered	1,14,15,16,17,18,19,20,21,22,	 PureTone-5kHz	40	2	136883749
136887027	Triggered	4,42,43,44,45,46,	 NoSound	40	2	136887027
136887229	Triggered	4,42,43,44,45,46,	 File_beep1	40	2	136887229
136896113	Triggered	1,14,15,16,17,18,19,20,21,22,	 NoSound	40	2	136896113
136896314	Triggered	1,14,15,16,17,18,19,20,21,22,	 PureTone-3kHz	40	2	136896314
136899990	Triggered	6,47,48,49,50,51,	 NoSound	40	2	136899990
136900192	Triggered	6,47,48,49,50,51,	 File_beep3	40	2	136900192
136910348	Triggered	1,14,15,16,17,18,19,20,21,22,	 NoSound	40	2	136910348
136910551	Triggered	1,14,15,16,17,18,19,20,21,22,	 PureTone-2kHz	40	2	136910551
136914091	Triggered	4,42,43,44,45,46,	 NoSound	40	2	136914091
136914292	Triggered	4,42,43,44,45,46,	 File_beep1	40	2	136914292
136923583	Triggered	1,14,15,16,17,18,19,20,21,22,	 NoSound	40	2	136923583
136923785	Triggered	1,14,15,16,17,18,19,20,21,22,	 PureTone-1kHz	40	2	136923785
136927461	Triggered	4,42,43,44,45,46,	 NoSound	40	2	136927461
136927662	Triggered	4,42,43,44,45,46,	 File_beep1	40	2	136927662
136939426	Triggered	1,14,15,16,17,18,19,20,21,22,	 NoSound	40	2	136939426
136939626	Triggered	1,14,15,16,17,18,19,20,21,22,	 StopSoundShort	40	2	136939626
136953866	Triggered	5,23,24,25,26,27,28,29,30,31,	 NoSound	40	2	136953866
136957337	Triggered	2,37,38,39,40,41,	 NoSound	40	2	136957337
136957540	Triggered	2,37,38,39,40,41,	 File_beep4	40	2	136957540
136970371	Triggered	5,23,24,25,26,27,28,29,30,31,	 NoSound	40	2	136970371
136970573	Triggered	5,23,24,25,26,27,28,29,30,31,	 PureTone-1kHz	40	2	136970573
136974049	Triggered	2,37,38,39,40,41,	 NoSound	40	2	136974049
136974252	Triggered	2,37,38,39,40,41,	 File_beep4	40	2	136974252
136988552	Triggered	5,23,24,25,26,27,28,29,30,31,	 NoSound	40	2	136988552
136988754	Triggered	5,23,24,25,26,27,28,29,30,31,	 StopSoundLong	40	2	136988754
137002655	Triggered	4,42,43,44,45,46,	 NoSound	40	2	137002655
137002861	Triggered	4,42,43,44,45,46,	 File_beep5	40	2	137002861
137017895	Triggered	1,14,15,16,17,18,19,20,21,22,	 NoSound	40	2	137017895
137018098	Triggered	1,14,15,16,17,18,19,20,21,22,	 PureTone-9kHz	40	2	137018098
137020905	Triggered	4,42,43,44,45,46,	 NoSound	40	2	137020905
137021107	Triggered	4,42,43,44,45,46,	 File_beep5	40	2	137021107
137037680	Triggered	1,14,15,16,17,18,19,20,21,22,	 NoSound	40	2	137037680
137037884	Triggered	1,14,15,16,17,18,19,20,21,22,	 PureTone-7kHz	40	2	137037884
137040688	Triggered	4,42,43,44,45,46,	 NoSound	40	2	137040688
137040892	Triggered	4,42,43,44,45,46,	 File_beep5	40	2	137040892
137056797	Triggered	1,14,15,16,17,18,19,20,21,22,	 NoSound	40	2	137056797
137057001	Triggered	1,14,15,16,17,18,19,20,21,22,	 PureTone-5kHz	40	2	137057001
137060205	Triggered	4,42,43,44,45,46,	 NoSound	40	2	137060205
137060407	Triggered	4,42,43,44,45,46,	 File_beep5	40	2	137060407
137081869	Triggered	1,14,15,16,17,18,19,20,21,22,	 NoSound	40	2	137081869
137082071	Triggered	1,14,15,16,17,18,19,20,21,22,	 PureTone-3kHz	40	2	137082071
137085004	Triggered	4,42,43,44,45,46,	 NoSound	40	2	137085004
137085206	Triggered	4,42,43,44,45,46,	 File_beep5	40	2	137085206
137101915	Triggered	1,14,15,16,17,18,19,20,21,22,	 NoSound	40	2	137101915
137102117	Triggered	1,14,15,16,17,18,19,20,21,22,	 PureTone-2kHz	40	2	137102117
137105256	Triggered	4,42,43,44,45,46,	 NoSound	40	2	137105256
137105460	Triggered	4,42,43,44,45,46,	 File_beep5	40	2	137105460
137121365	Triggered	1,14,15,16,17,18,19,20,21,22,	 NoSound	40	2	137121365
137121568	Triggered	1,14,15,16,17,18,19,20,21,22,	 PureTone-1kHz	40	2	137121568
137124507	Triggered	4,42,43,44,45,46,	 NoSound	40	2	137124507
137124710	Triggered	4,42,43,44,45,46,	 File_beep5	40	2	137124710
137142755	Triggered	1,14,15,16,17,18,19,20,21,22,	 NoSound	40	2	137142755
137142955	Triggered	1,14,15,16,17,18,19,20,21,22,	 StopSoundShort	40	2	137142955
137166082	Triggered	5,23,24,25,26,27,28,29,30,31,	 NoSound	40	2	137166082
137169758	Triggered	8,52,53,54,55,56,	 NoSound	40	2	137169758
137169960	Triggered	8,52,53,54,55,56,	 File_beep1	40	2	137169960
137184664	Triggered	5,23,24,25,26,27,28,29,30,31,	 NoSound	40	2	137184664
137184866	Triggered	5,23,24,25,26,27,28,29,30,31,	 PureTone-1kHz	40	2	137184866
137217014	Triggered	2,37,38,39,40,41,	 NoSound	40	2	137217014
137217216	Triggered	2,37,38,39,40,41,	 File_beep2	40	2	137217216
137230049	Triggered	5,23,24,25,26,27,28,29,30,31,	 NoSound	40	2	137230049
137230251	Triggered	5,23,24,25,26,27,28,29,30,31,	 StopSoundLong	40	2	137230251
137340336	Triggered	1,14,15,16,17,18,19,20,21,22,	 NoSound	40	2	137340336
137344748	Triggered	6,47,48,49,50,51,	 NoSound	40	2	137344748
137344950	Triggered	6,47,48,49,50,51,	 File_beep2	40	2	137344950
137358584	Triggered	1,14,15,16,17,18,19,20,21,22,	 NoSound	40	2	137358584
137358788	Triggered	1,14,15,16,17,18,19,20,21,22,	 PureTone-9kHz	40	2	137358788
137362461	Triggered	4,42,43,44,45,46,	 NoSound	40	2	137362461
137496008	Triggered	1,14,15,16,17,18,19,20,21,22,	 NoSound	40	2	137496008
137496212	Triggered	1,14,15,16,17,18,19,20,21,22,	 PureTone-7kHz	40	2	137496212
137500086	Triggered	4,42,43,44,45,46,	 NoSound	40	2	137500086
137516060	Triggered	1,14,15,16,17,18,19,20,21,22,	 NoSound	40	2	137516060
137516264	Triggered	1,14,15,16,17,18,19,20,21,22,	 PureTone-5kHz	40	2	137516264
137520874	Triggered	6,47,48,49,50,51,	 NoSound	40	2	137520874
137521075	Triggered	6,47,48,49,50,51,	 File_beep2	40	2	137521075
137556299	Triggered	1,14,15,16,17,18,19,20,21,22,	 NoSound	40	2	137556299
137556502	Triggered	1,14,15,16,17,18,19,20,21,22,	 PureTone-3kHz	40	2	137556502
137560644	Triggered	4,42,43,44,45,46,	 NoSound	40	2	137560644
137566326	Triggered	1,14,15,16,17,18,19,20,21,22,	 NoSound	40	2	137566326
137566527	Triggered	1,14,15,16,17,18,19,20,21,22,	 PureTone-2kHz	40	2	137566527
137573343	Triggered	6,47,48,49,50,51,	 NoSound	40	2	137573343
137573545	Triggered	6,47,48,49,50,51,	 File_beep2	40	2	137573545
137588651	Triggered	1,14,15,16,17,18,19,20,21,22,	 NoSound	40	2	137588651
137588852	Triggered	1,14,15,16,17,18,19,20,21,22,	 PureTone-1kHz	40	2	137588852
137593129	Triggered	4,42,43,44,45,46,	 NoSound	40	2	137593129
137599612	Triggered	1,14,15,16,17,18,19,20,21,22,	 NoSound	40	2	137599612
137599812	Triggered	1,14,15,16,17,18,19,20,21,22,	 StopSoundShort	40	2	137599812
137643132	Triggered	5,23,24,25,26,27,28,29,30,31,	 NoSound	40	2	137643132
137646601	Triggered	2,37,38,39,40,41,	 NoSound	40	2	137646601
137667990	Triggered	5,23,24,25,26,27,28,29,30,31,	 NoSound	40	2	137667990
137668192	Triggered	5,23,24,25,26,27,28,29,30,31,	 PureTone-1kHz	40	2	137668192
137672603	Triggered	8,52,53,54,55,56,	 NoSound	40	2	137672603
137672804	Triggered	8,52,53,54,55,56,	 File_beep5	40	2	137672804
137688777	Triggered	5,23,24,25,26,27,28,29,30,31,	 NoSound	40	2	137688777
137688979	Triggered	5,23,24,25,26,27,28,29,30,31,	 StopSoundLong	40	2	137688979
137774200	Triggered	1,14,15,16,17,18,19,20,21,22,	 NoSound	40	2	137774200
137777611	Triggered	4,42,43,44,45,46,	 NoSound	40	2	137777611
137777813	Triggered	4,42,43,44,45,46,	 File_beep4	40	2	137777813
137792046	Triggered	1,14,15,16,17,18,19,20,21,22,	 NoSound	40	2	137792046
137792251	Triggered	1,14,15,16,17,18,19,20,21,22,	 PureTone-9kHz	40	2	137792251
137795323	Triggered	4,42,43,44,45,46,	 NoSound	40	2	137795323
137795525	Triggered	4,42,43,44,45,46,	 File_beep4	40	2	137795525
137809559	Triggered	1,14,15,16,17,18,19,20,21,22,	 NoSound	40	2	137809559
137809763	Triggered	1,14,15,16,17,18,19,20,21,22,	 PureTone-7kHz	40	2	137809763
137813369	Triggered	4,42,43,44,45,46,	 NoSound	40	2	137813369
137813572	Triggered	4,42,43,44,45,46,	 File_beep4	40	2	137813572
137830547	Triggered	1,14,15,16,17,18,19,20,21,22,	 NoSound	40	2	137830547
137830750	Triggered	1,14,15,16,17,18,19,20,21,22,	 PureTone-5kHz	40	2	137830750
137833690	Triggered	4,42,43,44,45,46,	 NoSound	40	2	137833690
137833892	Triggered	4,42,43,44,45,46,	 File_beep4	40	2	137833892
137852003	Triggered	1,14,15,16,17,18,19,20,21,22,	 NoSound	40	2	137852003
137852206	Triggered	1,14,15,16,17,18,19,20,21,22,	 PureTone-3kHz	40	2	137852206
137856616	Triggered	6,47,48,49,50,51,	 NoSound	40	2	137856616
137856819	Triggered	6,47,48,49,50,51,	 File_beep4	40	2	137856819
137871722	Triggered	1,14,15,16,17,18,19,20,21,22,	 NoSound	40	2	137871722
137871924	Triggered	1,14,15,16,17,18,19,20,21,22,	 PureTone-2kHz	40	2	137871924
137875197	Triggered	4,42,43,44,45,46,	 NoSound	40	2	137875197
137875410	Triggered	4,42,43,44,45,46,	 File_beep4	40	2	137875410
137891774	Triggered	1,14,15,16,17,18,19,20,21,22,	 NoSound	40	2	137891774
137891975	Triggered	1,14,15,16,17,18,19,20,21,22,	 PureTone-1kHz	40	2	137891975
137894916	Triggered	4,42,43,44,45,46,	 NoSound	40	2	137894916
137895118	Triggered	4,42,43,44,45,46,	 File_beep4	40	2	137895118
137910423	Triggered	1,14,15,16,17,18,19,20,21,22,	 NoSound	40	2	137910423
137910623	Triggered	1,14,15,16,17,18,19,20,21,22,	 StopSoundShort	40	2	137910623
137969443	Triggered	5,23,24,25,26,27,28,29,30,31,	 NoSound	40	2	137969443
137973321	Triggered	8,52,53,54,55,56,	 NoSound	40	2	137973321
137973524	Triggered	8,52,53,54,55,56,	 File_beep3	40	2	137973524
138016433	Triggered	5,23,24,25,26,27,28,29,30,31,	 NoSound	40	2	138016433
138016634	Triggered	5,23,24,25,26,27,28,29,30,31,	 PureTone-1kHz	40	2	138016634
138022114	Triggered	2,37,38,39,40,41,	 NoSound	40	2	138022114
138022319	Triggered	2,37,38,39,40,41,	 File_beep5	40	2	138022319
138043569	Triggered	5,23,24,25,26,27,28,29,30,31,	 NoSound	40	2	138043569
138043771	Triggered	5,23,24,25,26,27,28,29,30,31,	 StopSoundLong	40	2	138043771
138073848	Triggered	1,14,15,16,17,18,19,20,21,22,	 NoSound	40	2	138073848
138078996	Triggered	6,47,48,49,50,51,	 NoSound	40	2	138078996
138079198	Triggered	6,47,48,49,50,51,	 File_beep5	40	2	138079198
138094702	Triggered	1,14,15,16,17,18,19,20,21,22,	 NoSound	40	2	138094702
138094907	Triggered	1,14,15,16,17,18,19,20,21,22,	 PureTone-9kHz	40	2	138094907
138098313	Triggered	4,42,43,44,45,46,	 NoSound	40	2	138098313
138098514	Triggered	4,42,43,44,45,46,	 File_beep4	40	2	138098514
138119367	Triggered	1,14,15,16,17,18,19,20,21,22,	 NoSound	40	2	138119367
138119571	Triggered	1,14,15,16,17,18,19,20,21,22,	 PureTone-7kHz	40	2	138119571
138122978	Triggered	4,42,43,44,45,46,	 NoSound	40	2	138122978
138123182	Triggered	4,42,43,44,45,46,	 File_beep4	40	2	138123182
138142895	Triggered	1,14,15,16,17,18,19,20,21,22,	 NoSound	40	2	138142895
138143096	Triggered	1,14,15,16,17,18,19,20,21,22,	 PureTone-5kHz	40	2	138143096
138146905	Triggered	4,42,43,44,45,46,	 NoSound	40	2	138146905
138147108	Triggered	4,42,43,44,45,46,	 File_beep4	40	2	138147108
138170902	Triggered	1,14,15,16,17,18,19,20,21,22,	 NoSound	40	2	138170902
138171105	Triggered	1,14,15,16,17,18,19,20,21,22,	 PureTone-3kHz	40	2	138171105
138174646	Triggered	4,42,43,44,45,46,	 NoSound	40	2	138174646
138174848	Triggered	4,42,43,44,45,46,	 File_beep4	40	2	138174848
138191088	Triggered	1,14,15,16,17,18,19,20,21,22,	 NoSound	40	2	138191088
138191290	Triggered	1,14,15,16,17,18,19,20,21,22,	 PureTone-2kHz	40	2	138191290
138194632	Triggered	4,42,43,44,45,46,	 NoSound	40	2	138194632
138194833	Triggered	4,42,43,44,45,46,	 File_beep4	40	2	138194833
138214416	Triggered	1,14,15,16,17,18,19,20,21,22,	 NoSound	40	2	138214416
138214617	Triggered	1,14,15,16,17,18,19,20,21,22,	 PureTone-1kHz	40	2	138214617
138217958	Triggered	4,42,43,44,45,46,	 NoSound	40	2	138217958
138218160	Triggered	4,42,43,44,45,46,	 File_beep4	40	2	138218160
138235469	Triggered	1,14,15,16,17,18,19,20,21,22,	 NoSound	40	2	138235469
138235670	Triggered	1,14,15,16,17,18,19,20,21,22,	 StopSoundShort	40	2	138235670
