Ver1.3	1510550514	StartFile	7/16/2020	10:54:54 AM	E:\BehavioralExperiments\Rizzo\RatData_Rizzo\Rawdata\071620\SoundData.txt	1510550514
1510859938	Triggered	5,23,24,25,26,27,28,29,30,31,	 NoSound	40	2	1510859938
1510860141	Triggered	5,23,24,25,26,27,28,29,30,31,	 StopSoundShort	40	2	1510860141
1510887795	Triggered	1,14,15,16,17,18,19,20,21,22,	 NoSound	40	2	1510887795
1510894834	Triggered	6,47,48,49,50,51,	 NoSound	40	2	1510894834
1510895037	Triggered	6,47,48,49,50,51,	 File_beep5	40	2	1510895037
1510910599	Triggered	1,14,15,16,17,18,19,20,21,22,	 NoSound	40	2	1510910599
1510914208	Triggered	6,47,48,49,50,51,	 NoSound	40	2	1510914208
1510914410	Triggered	6,47,48,49,50,51,	 File_beep5	40	2	1510914410
1510926241	Triggered	1,14,15,16,17,18,19,20,21,22,	 NoSound	40	2	1510926241
1510929610	Triggered	6,47,48,49,50,51,	 NoSound	40	2	1510929610
1510929813	Triggered	6,47,48,49,50,51,	 File_beep5	40	2	1510929813
1510956686	Triggered	1,14,15,16,17,18,19,20,21,22,	 NoSound	40	2	1510956686
1510956888	Triggered	1,14,15,16,17,18,19,20,21,22,	 PureTone-1kHz	40	2	1510956888
1510960536	Triggered	6,47,48,49,50,51,	 NoSound	40	2	1510960536
1510960739	Triggered	6,47,48,49,50,51,	 File_beep5	40	2	1510960739
1510973652	Triggered	1,14,15,16,17,18,19,20,21,22,	 NoSound	40	2	1510973652
1510973854	Triggered	1,14,15,16,17,18,19,20,21,22,	 StopSoundLong	40	2	1510973854
1511009813	Triggered	5,23,24,25,26,27,28,29,30,31,	 NoSound	40	2	1511009813
1511363172	Triggered	2,37,38,39,40,41,	 NoSound	40	2	1511363172
1511363375	Triggered	2,37,38,39,40,41,	 File_beep3	40	2	1511363375
1511375018	Triggered	5,23,24,25,26,27,28,29,30,31,	 NoSound	40	2	1511375018
1511378990	Triggered	2,37,38,39,40,41,	 NoSound	40	2	1511378990
1511379192	Triggered	2,37,38,39,40,41,	 File_beep3	40	2	1511379192
1511389941	Triggered	5,23,24,25,26,27,28,29,30,31,	 NoSound	40	2	1511389941
1511393610	Triggered	2,37,38,39,40,41,	 NoSound	40	2	1511393610
1511393812	Triggered	2,37,38,39,40,41,	 File_beep3	40	2	1511393812
1511405403	Triggered	5,23,24,25,26,27,28,29,30,31,	 NoSound	40	2	1511405403
1511405607	Triggered	5,23,24,25,26,27,28,29,30,31,	 PureTone-9kHz	40	2	1511405607
1511408539	Triggered	2,37,38,39,40,41,	 NoSound	40	2	1511408539
1511408741	Triggered	2,37,38,39,40,41,	 File_beep3	40	2	1511408741
1511420925	Triggered	5,23,24,25,26,27,28,29,30,31,	 NoSound	40	2	1511420925
1511421129	Triggered	5,23,24,25,26,27,28,29,30,31,	 PureTone-7kHz	40	2	1511421129
1511423934	Triggered	2,37,38,39,40,41,	 NoSound	40	2	1511423934
1511424137	Triggered	2,37,38,39,40,41,	 File_beep3	40	2	1511424137
1511435366	Triggered	5,23,24,25,26,27,28,29,30,31,	 NoSound	40	2	1511435366
1511435568	Triggered	5,23,24,25,26,27,28,29,30,31,	 PureTone-5kHz	40	2	1511435568
1511438976	Triggered	2,37,38,39,40,41,	 NoSound	40	2	1511438976
1511439177	Triggered	2,37,38,39,40,41,	 File_beep3	40	2	1511439177
1511449686	Triggered	5,23,24,25,26,27,28,29,30,31,	 NoSound	40	2	1511449686
1511449889	Triggered	5,23,24,25,26,27,28,29,30,31,	 PureTone-3kHz	40	2	1511449889
1511453416	Triggered	2,37,38,39,40,41,	 NoSound	40	2	1511453416
1511453617	Triggered	2,37,38,39,40,41,	 File_beep3	40	2	1511453617
1511464064	Triggered	5,23,24,25,26,27,28,29,30,31,	 NoSound	40	2	1511464064
1511464267	Triggered	5,23,24,25,26,27,28,29,30,31,	 PureTone-2kHz	40	2	1511464267
1511467675	Triggered	2,37,38,39,40,41,	 NoSound	40	2	1511467675
1511467876	Triggered	2,37,38,39,40,41,	 File_beep3	40	2	1511467876
1511477662	Triggered	5,23,24,25,26,27,28,29,30,31,	 NoSound	40	2	1511477662
1511477863	Triggered	5,23,24,25,26,27,28,29,30,31,	 PureTone-1kHz	40	2	1511477863
1511481031	Triggered	2,37,38,39,40,41,	 NoSound	40	2	1511481031
1511481232	Triggered	2,37,38,39,40,41,	 File_beep3	40	2	1511481232
1511491079	Triggered	5,23,24,25,26,27,28,29,30,31,	 NoSound	40	2	1511491079
1511491294	Triggered	5,23,24,25,26,27,28,29,30,31,	 StopSoundShort	40	2	1511491294
1511503773	Triggered	1,14,15,16,17,18,19,20,21,22,	 NoSound	40	2	1511503773
1511507323	Triggered	4,42,43,44,45,46,	 NoSound	40	2	1511507323
1511507536	Triggered	4,42,43,44,45,46,	 File_beep3	40	2	1511507536
1511521703	Triggered	1,14,15,16,17,18,19,20,21,22,	 NoSound	40	2	1511521703
1511525072	Triggered	4,42,43,44,45,46,	 NoSound	40	2	1511525072
1511525274	Triggered	4,42,43,44,45,46,	 File_beep3	40	2	1511525274
1511533917	Triggered	1,14,15,16,17,18,19,20,21,22,	 NoSound	40	2	1511533917
1511536443	Triggered	4,42,43,44,45,46,	 NoSound	40	2	1511536443
1511536645	Triggered	4,42,43,44,45,46,	 File_beep3	40	2	1511536645
1511545710	Triggered	1,14,15,16,17,18,19,20,21,22,	 NoSound	40	2	1511545710
1511545924	Triggered	1,14,15,16,17,18,19,20,21,22,	 PureTone-1kHz	40	2	1511545924
1511548057	Triggered	4,42,43,44,45,46,	 NoSound	40	2	1511548057
1511548258	Triggered	4,42,43,44,45,46,	 File_beep3	40	2	1511548258
1511556786	Triggered	1,14,15,16,17,18,19,20,21,22,	 NoSound	40	2	1511556786
1511556987	Triggered	1,14,15,16,17,18,19,20,21,22,	 StopSoundLong	40	2	1511556987
1511568342	Triggered	5,23,24,25,26,27,28,29,30,31,	 NoSound	40	2	1511568342
1511571401	Triggered	8,52,53,54,55,56,	 NoSound	40	2	1511571401
1511571602	Triggered	8,52,53,54,55,56,	 File_beep2	40	2	1511571602
1511579703	Triggered	5,23,24,25,26,27,28,29,30,31,	 NoSound	40	2	1511579703
1511582591	Triggered	8,52,53,54,55,56,	 NoSound	40	2	1511582591
1511582793	Triggered	8,52,53,54,55,56,	 File_beep2	40	2	1511582793
1511589690	Triggered	5,23,24,25,26,27,28,29,30,31,	 NoSound	40	2	1511589690
1511594865	Triggered	8,52,53,54,55,56,	 NoSound	40	2	1511594865
1511595066	Triggered	8,52,53,54,55,56,	 File_beep2	40	2	1511595066
1511604130	Triggered	5,23,24,25,26,27,28,29,30,31,	 NoSound	40	2	1511604130
1511604335	Triggered	5,23,24,25,26,27,28,29,30,31,	 PureTone-9kHz	40	2	1511604335
1511607260	Triggered	2,37,38,39,40,41,	 NoSound	40	2	1511607260
1511607462	Triggered	2,37,38,39,40,41,	 File_beep5	40	2	1511607462
1511619533	Triggered	5,23,24,25,26,27,28,29,30,31,	 NoSound	40	2	1511619533
1511619736	Triggered	5,23,24,25,26,27,28,29,30,31,	 PureTone-7kHz	40	2	1511619736
1511622420	Triggered	2,37,38,39,40,41,	 NoSound	40	2	1511622420
1511622635	Triggered	2,37,38,39,40,41,	 File_beep5	40	2	1511622635
1511634394	Triggered	5,23,24,25,26,27,28,29,30,31,	 NoSound	40	2	1511634394
1511634597	Triggered	5,23,24,25,26,27,28,29,30,31,	 PureTone-5kHz	40	2	1511634597
1511637161	Triggered	2,37,38,39,40,41,	 NoSound	40	2	1511637161
1511637363	Triggered	2,37,38,39,40,41,	 File_beep5	40	2	1511637363
1511648532	Triggered	5,23,24,25,26,27,28,29,30,31,	 NoSound	40	2	1511648532
1511648734	Triggered	5,23,24,25,26,27,28,29,30,31,	 PureTone-3kHz	40	2	1511648734
1511651903	Triggered	2,37,38,39,40,41,	 NoSound	40	2	1511651903
1511652105	Triggered	2,37,38,39,40,41,	 File_beep5	40	2	1511652105
1511663454	Triggered	5,23,24,25,26,27,28,29,30,31,	 NoSound	40	2	1511663454
1511663656	Triggered	5,23,24,25,26,27,28,29,30,31,	 PureTone-2kHz	40	2	1511663656
1511666169	Triggered	2,37,38,39,40,41,	 NoSound	40	2	1511666169
1511666371	Triggered	2,37,38,39,40,41,	 File_beep5	40	2	1511666371
1511677833	Triggered	5,23,24,25,26,27,28,29,30,31,	 NoSound	40	2	1511677833
1511678036	Triggered	5,23,24,25,26,27,28,29,30,31,	 PureTone-1kHz	40	2	1511678036
1511681568	Triggered	2,37,38,39,40,41,	 NoSound	40	2	1511681568
1511681769	Triggered	2,37,38,39,40,41,	 File_beep5	40	2	1511681769
1511693301	Triggered	5,23,24,25,26,27,28,29,30,31,	 NoSound	40	2	1511693301
1511693502	Triggered	5,23,24,25,26,27,28,29,30,31,	 StopSoundShort	40	2	1511693502
1511704067	Triggered	1,14,15,16,17,18,19,20,21,22,	 NoSound	40	2	1511704067
1511707435	Triggered	4,42,43,44,45,46,	 NoSound	40	2	1511707435
1511718566	Triggered	1,14,15,16,17,18,19,20,21,22,	 NoSound	40	2	1511718566
1511722416	Triggered	4,42,43,44,45,46,	 NoSound	40	2	1511722416
1511727653	Triggered	1,14,15,16,17,18,19,20,21,22,	 NoSound	40	2	1511727653
1511740948	Triggered	4,42,43,44,45,46,	 NoSound	40	2	1511740948
1511751116	Triggered	1,14,15,16,17,18,19,20,21,22,	 NoSound	40	2	1511751116
1511751318	Triggered	1,14,15,16,17,18,19,20,21,22,	 PureTone-1kHz	40	2	1511751318
1511754664	Triggered	6,47,48,49,50,51,	 NoSound	40	2	1511754664
1511754866	Triggered	6,47,48,49,50,51,	 File_beep3	40	2	1511754866
1511764595	Triggered	1,14,15,16,17,18,19,20,21,22,	 NoSound	40	2	1511764595
1511764810	Triggered	1,14,15,16,17,18,19,20,21,22,	 StopSoundLong	40	2	1511764810
1511778430	Triggered	5,23,24,25,26,27,28,29,30,31,	 NoSound	40	2	1511778430
1511782468	Triggered	8,52,53,54,55,56,	 NoSound	40	2	1511782468
1511782670	Triggered	8,52,53,54,55,56,	 File_beep4	40	2	1511782670
1511791729	Triggered	5,23,24,25,26,27,28,29,30,31,	 NoSound	40	2	1511791729
1511794315	Triggered	8,52,53,54,55,56,	 NoSound	40	2	1511794315
1511794516	Triggered	8,52,53,54,55,56,	 File_beep4	40	2	1511794516
1511802257	Triggered	5,23,24,25,26,27,28,29,30,31,	 NoSound	40	2	1511802257
1511804964	Triggered	8,52,53,54,55,56,	 NoSound	40	2	1511804964
1511805167	Triggered	8,52,53,54,55,56,	 File_beep4	40	2	1511805167
1511813327	Triggered	5,23,24,25,26,27,28,29,30,31,	 NoSound	40	2	1511813327
1511813531	Triggered	5,23,24,25,26,27,28,29,30,31,	 PureTone-9kHz	40	2	1511813531
1511816216	Triggered	8,52,53,54,55,56,	 NoSound	40	2	1511816216
1511816417	Triggered	8,52,53,54,55,56,	 File_beep4	40	2	1511816417
1511823375	Triggered	5,23,24,25,26,27,28,29,30,31,	 NoSound	40	2	1511823375
1511823578	Triggered	5,23,24,25,26,27,28,29,30,31,	 PureTone-7kHz	40	2	1511823578
1511826022	Triggered	8,52,53,54,55,56,	 NoSound	40	2	1511826022
1511826223	Triggered	8,52,53,54,55,56,	 File_beep4	40	2	1511826223
1511834506	Triggered	5,23,24,25,26,27,28,29,30,31,	 NoSound	40	2	1511834506
1511834710	Triggered	5,23,24,25,26,27,28,29,30,31,	 PureTone-5kHz	40	2	1511834710
1511837394	Triggered	2,37,38,39,40,41,	 NoSound	40	2	1511837394
1511837597	Triggered	2,37,38,39,40,41,	 File_beep5	40	2	1511837597
1511849668	Triggered	5,23,24,25,26,27,28,29,30,31,	 NoSound	40	2	1511849668
1511849870	Triggered	5,23,24,25,26,27,28,29,30,31,	 PureTone-3kHz	40	2	1511849870
1511852255	Triggered	2,37,38,39,40,41,	 NoSound	40	2	1511852255
1511852457	Triggered	2,37,38,39,40,41,	 File_beep5	40	2	1511852457
1511864531	Triggered	5,23,24,25,26,27,28,29,30,31,	 NoSound	40	2	1511864531
1511864734	Triggered	5,23,24,25,26,27,28,29,30,31,	 PureTone-2kHz	40	2	1511864734
1511866994	Triggered	2,37,38,39,40,41,	 NoSound	40	2	1511866994
1511867197	Triggered	2,37,38,39,40,41,	 File_beep5	40	2	1511867197
1511879268	Triggered	5,23,24,25,26,27,28,29,30,31,	 NoSound	40	2	1511879268
1511879483	Triggered	5,23,24,25,26,27,28,29,30,31,	 PureTone-1kHz	40	2	1511879483
1511882819	Triggered	2,37,38,39,40,41,	 NoSound	40	2	1511882819
1511883020	Triggered	2,37,38,39,40,41,	 File_beep5	40	2	1511883020
1511894791	Triggered	5,23,24,25,26,27,28,29,30,31,	 NoSound	40	2	1511894791
1511894993	Triggered	5,23,24,25,26,27,28,29,30,31,	 StopSoundShort	40	2	1511894993
1511911277	Triggered	1,14,15,16,17,18,19,20,21,22,	 NoSound	40	2	1511911277
1511914345	Triggered	6,47,48,49,50,51,	 NoSound	40	2	1511914345
1511914548	Triggered	6,47,48,49,50,51,	 File_beep4	40	2	1511914548
1511924633	Triggered	1,14,15,16,17,18,19,20,21,22,	 NoSound	40	2	1511924633
1511927350	Triggered	6,47,48,49,50,51,	 NoSound	40	2	1511927350
1511927551	Triggered	6,47,48,49,50,51,	 File_beep4	40	2	1511927551
1511937508	Triggered	1,14,15,16,17,18,19,20,21,22,	 NoSound	40	2	1511937508
1511940157	Triggered	6,47,48,49,50,51,	 NoSound	40	2	1511940157
1511940373	Triggered	6,47,48,49,50,51,	 File_beep4	40	2	1511940373
1511951348	Triggered	1,14,15,16,17,18,19,20,21,22,	 NoSound	40	2	1511951348
1511951550	Triggered	1,14,15,16,17,18,19,20,21,22,	 PureTone-1kHz	40	2	1511951550
1511954056	Triggered	6,47,48,49,50,51,	 NoSound	40	2	1511954056
1511954257	Triggered	6,47,48,49,50,51,	 File_beep4	40	2	1511954257
1511964898	Triggered	1,14,15,16,17,18,19,20,21,22,	 NoSound	40	2	1511964898
1511965098	Triggered	1,14,15,16,17,18,19,20,21,22,	 StopSoundLong	40	2	1511965098
1511979692	Triggered	5,23,24,25,26,27,28,29,30,31,	 NoSound	40	2	1511979692
1511982875	Triggered	2,37,38,39,40,41,	 NoSound	40	2	1511982875
1511988229	Triggered	5,23,24,25,26,27,28,29,30,31,	 NoSound	40	2	1511988229
1512017169	Triggered	2,37,38,39,40,41,	 NoSound	40	2	1512017169
1512021861	Triggered	5,23,24,25,26,27,28,29,30,31,	 NoSound	40	2	1512021861
1512064340	Triggered	2,37,38,39,40,41,	 NoSound	40	2	1512064340
1512069633	Triggered	5,23,24,25,26,27,28,29,30,31,	 NoSound	40	2	1512069633
1512069837	Triggered	5,23,24,25,26,27,28,29,30,31,	 PureTone-9kHz	40	2	1512069837
1512072588	Triggered	8,52,53,54,55,56,	 NoSound	40	2	1512072588
1512072790	Triggered	8,52,53,54,55,56,	 File_beep3	40	2	1512072790
1512080403	Triggered	5,23,24,25,26,27,28,29,30,31,	 NoSound	40	2	1512080403
1512080619	Triggered	5,23,24,25,26,27,28,29,30,31,	 PureTone-7kHz	40	2	1512080619
1512083172	Triggered	8,52,53,54,55,56,	 NoSound	40	2	1512083172
1512083374	Triggered	8,52,53,54,55,56,	 File_beep3	40	2	1512083374
1512090452	Triggered	5,23,24,25,26,27,28,29,30,31,	 NoSound	40	2	1512090452
1512090655	Triggered	5,23,24,25,26,27,28,29,30,31,	 PureTone-5kHz	40	2	1512090655
1512093279	Triggered	8,52,53,54,55,56,	 NoSound	40	2	1512093279
1512093481	Triggered	8,52,53,54,55,56,	 File_beep3	40	2	1512093481
1512101100	Triggered	5,23,24,25,26,27,28,29,30,31,	 NoSound	40	2	1512101100
1512101303	Triggered	5,23,24,25,26,27,28,29,30,31,	 PureTone-3kHz	40	2	1512101303
1512103747	Triggered	8,52,53,54,55,56,	 NoSound	40	2	1512103747
1512103949	Triggered	8,52,53,54,55,56,	 File_beep3	40	2	1512103949
1512111629	Triggered	5,23,24,25,26,27,28,29,30,31,	 NoSound	40	2	1512111629
1512111831	Triggered	5,23,24,25,26,27,28,29,30,31,	 PureTone-2kHz	40	2	1512111831
1512114403	Triggered	8,52,53,54,55,56,	 NoSound	40	2	1512114403
1512114605	Triggered	8,52,53,54,55,56,	 File_beep3	40	2	1512114605
1512121797	Triggered	5,23,24,25,26,27,28,29,30,31,	 NoSound	40	2	1512121797
1512121998	Triggered	5,23,24,25,26,27,28,29,30,31,	 PureTone-1kHz	40	2	1512121998
1512124566	Triggered	8,52,53,54,55,56,	 NoSound	40	2	1512124566
1512124767	Triggered	8,52,53,54,55,56,	 File_beep3	40	2	1512124767
1512132687	Triggered	5,23,24,25,26,27,28,29,30,31,	 NoSound	40	2	1512132687
1512132889	Triggered	5,23,24,25,26,27,28,29,30,31,	 StopSoundShort	40	2	1512132889
1512144481	Triggered	1,14,15,16,17,18,19,20,21,22,	 NoSound	40	2	1512144481
1512147488	Triggered	4,42,43,44,45,46,	 NoSound	40	2	1512147488
1512147689	Triggered	4,42,43,44,45,46,	 File_beep1	40	2	1512147689
1512156213	Triggered	1,14,15,16,17,18,19,20,21,22,	 NoSound	40	2	1512156213
1512158920	Triggered	4,42,43,44,45,46,	 NoSound	40	2	1512158920
1512159122	Triggered	4,42,43,44,45,46,	 File_beep1	40	2	1512159122
1512165839	Triggered	1,14,15,16,17,18,19,20,21,22,	 NoSound	40	2	1512165840
1512170110	Triggered	4,42,43,44,45,46,	 NoSound	40	2	1512170110
1512170311	Triggered	4,42,43,44,45,46,	 File_beep1	40	2	1512170311
1512202059	Triggered	1,14,15,16,17,18,19,20,21,22,	 NoSound	40	2	1512202059
1512202261	Triggered	1,14,15,16,17,18,19,20,21,22,	 PureTone-1kHz	40	2	1512202261
1512205008	Triggered	6,47,48,49,50,51,	 NoSound	40	2	1512205008
1512212287	Triggered	1,14,15,16,17,18,19,20,21,22,	 NoSound	40	2	1512212287
1512212488	Triggered	1,14,15,16,17,18,19,20,21,22,	 StopSoundLong	40	2	1512212488
1512224380	Triggered	5,23,24,25,26,27,28,29,30,31,	 NoSound	40	2	1512224380
1512228110	Triggered	2,37,38,39,40,41,	 NoSound	40	2	1512228110
1512228312	Triggered	2,37,38,39,40,41,	 File_beep2	40	2	1512228312
1512236955	Triggered	5,23,24,25,26,27,28,29,30,31,	 NoSound	40	2	1512236955
1512240324	Triggered	2,37,38,39,40,41,	 NoSound	40	2	1512240324
1512240524	Triggered	2,37,38,39,40,41,	 File_beep2	40	2	1512240524
1512249168	Triggered	5,23,24,25,26,27,28,29,30,31,	 NoSound	40	2	1512249168
1512252297	Triggered	2,37,38,39,40,41,	 NoSound	40	2	1512252297
1512252498	Triggered	2,37,38,39,40,41,	 File_beep2	40	2	1512252498
1512262537	Triggered	5,23,24,25,26,27,28,29,30,31,	 NoSound	40	2	1512262537
1512262741	Triggered	5,23,24,25,26,27,28,29,30,31,	 PureTone-9kHz	40	2	1512262741
1512266376	Triggered	8,52,53,54,55,56,	 NoSound	40	2	1512266376
1512266579	Triggered	8,52,53,54,55,56,	 File_beep5	40	2	1512266579
1512277885	Triggered	5,23,24,25,26,27,28,29,30,31,	 NoSound	40	2	1512277885
1512278089	Triggered	5,23,24,25,26,27,28,29,30,31,	 PureTone-7kHz	40	2	1512278089
1512280155	Triggered	8,52,53,54,55,56,	 NoSound	40	2	1512280155
1512280358	Triggered	8,52,53,54,55,56,	 File_beep5	40	2	1512280358
1512290322	Triggered	5,23,24,25,26,27,28,29,30,31,	 NoSound	40	2	1512290322
1512290524	Triggered	5,23,24,25,26,27,28,29,30,31,	 PureTone-5kHz	40	2	1512290524
1512292850	Triggered	8,52,53,54,55,56,	 NoSound	40	2	1512292850
1512293052	Triggered	8,52,53,54,55,56,	 File_beep5	40	2	1512293052
1512304822	Triggered	5,23,24,25,26,27,28,29,30,31,	 NoSound	40	2	1512304822
1512305024	Triggered	5,23,24,25,26,27,28,29,30,31,	 PureTone-3kHz	40	2	1512305024
1512307530	Triggered	8,52,53,54,55,56,	 NoSound	40	2	1512307530
1512307733	Triggered	8,52,53,54,55,56,	 File_beep5	40	2	1512307733
1512329371	Triggered	5,23,24,25,26,27,28,29,30,31,	 NoSound	40	2	1512329371
1512329585	Triggered	5,23,24,25,26,27,28,29,30,31,	 PureTone-2kHz	40	2	1512329585
1512332137	Triggered	8,52,53,54,55,56,	 NoSound	40	2	1512332137
1512332341	Triggered	8,52,53,54,55,56,	 File_beep5	40	2	1512332341
1512345253	Triggered	5,23,24,25,26,27,28,29,30,31,	 NoSound	40	2	1512345253
1512345454	Triggered	5,23,24,25,26,27,28,29,30,31,	 PureTone-1kHz	40	2	1512345454
1512348262	Triggered	8,52,53,54,55,56,	 NoSound	40	2	1512348262
1512348463	Triggered	8,52,53,54,55,56,	 File_beep5	40	2	1512348463
1512361258	Triggered	5,23,24,25,26,27,28,29,30,31,	 NoSound	40	2	1512361258
1512361458	Triggered	5,23,24,25,26,27,28,29,30,31,	 StopSoundShort	40	2	1512361458
1512373592	Triggered	1,14,15,16,17,18,19,20,21,22,	 NoSound	40	2	1512373592
1512376541	Triggered	4,42,43,44,45,46,	 NoSound	40	2	1512376541
1512376745	Triggered	4,42,43,44,45,46,	 File_beep5	40	2	1512376745
1512388514	Triggered	1,14,15,16,17,18,19,20,21,22,	 NoSound	40	2	1512388514
1512390980	Triggered	4,42,43,44,45,46,	 NoSound	40	2	1512390980
1512391182	Triggered	4,42,43,44,45,46,	 File_beep5	40	2	1512391182
1512404998	Triggered	1,14,15,16,17,18,19,20,21,22,	 NoSound	40	2	1512404998
1512407766	Triggered	4,42,43,44,45,46,	 NoSound	40	2	1512407766
1512407968	Triggered	4,42,43,44,45,46,	 File_beep5	40	2	1512407968
1512420888	Triggered	1,14,15,16,17,18,19,20,21,22,	 NoSound	40	2	1512420888
1512421090	Triggered	1,14,15,16,17,18,19,20,21,22,	 PureTone-1kHz	40	2	1512421090
1512425214	Triggered	4,42,43,44,45,46,	 NoSound	40	2	1512425214
1512425415	Triggered	4,42,43,44,45,46,	 File_beep5	40	2	1512425415
1512440567	Triggered	1,14,15,16,17,18,19,20,21,22,	 NoSound	40	2	1512440567
1512440769	Triggered	1,14,15,16,17,18,19,20,21,22,	 StopSoundLong	40	2	1512440769
1512453317	Triggered	5,23,24,25,26,27,28,29,30,31,	 NoSound	40	2	1512453317
1512459568	Triggered	2,37,38,39,40,41,	 NoSound	40	2	1512459568
1512459770	Triggered	2,37,38,39,40,41,	 File_beep1	40	2	1512459770
1512467884	Triggered	5,23,24,25,26,27,28,29,30,31,	 NoSound	40	2	1512467884
1512472205	Triggered	2,37,38,39,40,41,	 NoSound	40	2	1512472205
1512472405	Triggered	2,37,38,39,40,41,	 File_beep1	40	2	1512472405
1512479483	Triggered	5,23,24,25,26,27,28,29,30,31,	 NoSound	40	2	1512479483
1512511011	Triggered	2,37,38,39,40,41,	 NoSound	40	2	1512511011
1512511212	Triggered	2,37,38,39,40,41,	 File_beep1	40	2	1512511212
1512517328	Triggered	5,23,24,25,26,27,28,29,30,31,	 NoSound	40	2	1512517328
1512517542	Triggered	5,23,24,25,26,27,28,29,30,31,	 PureTone-9kHz	40	2	1512517542
1512520998	Triggered	8,52,53,54,55,56,	 NoSound	40	2	1512520998
1512546809	Triggered	5,23,24,25,26,27,28,29,30,31,	 NoSound	40	2	1512546809
1512547013	Triggered	5,23,24,25,26,27,28,29,30,31,	 PureTone-7kHz	40	2	1512547013
1512550360	Triggered	8,52,53,54,55,56,	 NoSound	40	2	1512550360
1512556796	Triggered	5,23,24,25,26,27,28,29,30,31,	 NoSound	40	2	1512556796
1512556999	Triggered	5,23,24,25,26,27,28,29,30,31,	 PureTone-5kHz	40	2	1512556999
1512561011	Triggered	2,37,38,39,40,41,	 NoSound	40	2	1512561011
1512561211	Triggered	2,37,38,39,40,41,	 File_beep1	40	2	1512561211
1512567688	Triggered	5,23,24,25,26,27,28,29,30,31,	 NoSound	40	2	1512567688
1512567891	Triggered	5,23,24,25,26,27,28,29,30,31,	 PureTone-3kHz	40	2	1512567891
1512572561	Triggered	2,37,38,39,40,41,	 NoSound	40	2	1512572561
1512572761	Triggered	2,37,38,39,40,41,	 File_beep1	40	2	1512572761
1512579659	Triggered	5,23,24,25,26,27,28,29,30,31,	 NoSound	40	2	1512579659
1512579861	Triggered	5,23,24,25,26,27,28,29,30,31,	 PureTone-2kHz	40	2	1512579861
1512584413	Triggered	8,52,53,54,55,56,	 NoSound	40	2	1512584413
1512590189	Triggered	5,23,24,25,26,27,28,29,30,31,	 NoSound	40	2	1512590189
1512590392	Triggered	5,23,24,25,26,27,28,29,30,31,	 PureTone-1kHz	40	2	1512590392
1512595544	Triggered	2,37,38,39,40,41,	 NoSound	40	2	1512595544
1512595744	Triggered	2,37,38,39,40,41,	 File_beep1	40	2	1512595744
1512602102	Triggered	5,23,24,25,26,27,28,29,30,31,	 NoSound	40	2	1512602102
1512602303	Triggered	5,23,24,25,26,27,28,29,30,31,	 StopSoundShort	40	2	1512602303
1512618286	Triggered	1,14,15,16,17,18,19,20,21,22,	 NoSound	40	2	1512618286
1512622076	Triggered	4,42,43,44,45,46,	 NoSound	40	2	1512622076
1512622278	Triggered	4,42,43,44,45,46,	 File_beep2	40	2	1512622278
1512633388	Triggered	1,14,15,16,17,18,19,20,21,22,	 NoSound	40	2	1512633388
1512636637	Triggered	4,42,43,44,45,46,	 NoSound	40	2	1512636637
1512636838	Triggered	4,42,43,44,45,46,	 File_beep2	40	2	1512636838
1512646925	Triggered	1,14,15,16,17,18,19,20,21,22,	 NoSound	40	2	1512646925
1512649753	Triggered	4,42,43,44,45,46,	 NoSound	40	2	1512649753
1512649954	Triggered	4,42,43,44,45,46,	 File_beep2	40	2	1512649954
1512659982	Triggered	1,14,15,16,17,18,19,20,21,22,	 NoSound	40	2	1512659982
1512660197	Triggered	1,14,15,16,17,18,19,20,21,22,	 PureTone-1kHz	40	2	1512660197
1512663711	Triggered	4,42,43,44,45,46,	 NoSound	40	2	1512663711
1512663912	Triggered	4,42,43,44,45,46,	 File_beep2	40	2	1512663912
1512674000	Triggered	1,14,15,16,17,18,19,20,21,22,	 NoSound	40	2	1512674000
1512674201	Triggered	1,14,15,16,17,18,19,20,21,22,	 StopSoundLong	40	2	1512674201
1512685913	Triggered	5,23,24,25,26,27,28,29,30,31,	 NoSound	40	2	1512685913
1512689463	Triggered	2,37,38,39,40,41,	 NoSound	40	2	1512689463
1512689665	Triggered	2,37,38,39,40,41,	 File_beep5	40	2	1512689665
1512703782	Triggered	5,23,24,25,26,27,28,29,30,31,	 NoSound	40	2	1512703782
1512706741	Triggered	2,37,38,39,40,41,	 NoSound	40	2	1512706741
1512706943	Triggered	2,37,38,39,40,41,	 File_beep5	40	2	1512706943
1512722193	Triggered	5,23,24,25,26,27,28,29,30,31,	 NoSound	40	2	1512722193
1512725442	Triggered	2,37,38,39,40,41,	 NoSound	40	2	1512725442
1512725644	Triggered	2,37,38,39,40,41,	 File_beep5	40	2	1512725644
1512740122	Triggered	5,23,24,25,26,27,28,29,30,31,	 NoSound	40	2	1512740122
1512740326	Triggered	5,23,24,25,26,27,28,29,30,31,	 PureTone-9kHz	40	2	1512740326
1512743375	Triggered	2,37,38,39,40,41,	 NoSound	40	2	1512743375
1512743578	Triggered	2,37,38,39,40,41,	 File_beep5	40	2	1512743578
1512759496	Triggered	5,23,24,25,26,27,28,29,30,31,	 NoSound	40	2	1512759496
1512759698	Triggered	5,23,24,25,26,27,28,29,30,31,	 PureTone-7kHz	40	2	1512759698
1512763226	Triggered	2,37,38,39,40,41,	 NoSound	40	2	1512763226
1512763429	Triggered	2,37,38,39,40,41,	 File_beep5	40	2	1512763429
1512778568	Triggered	5,23,24,25,26,27,28,29,30,31,	 NoSound	40	2	1512778568
1512778769	Triggered	5,23,24,25,26,27,28,29,30,31,	 PureTone-5kHz	40	2	1512778769
1512782359	Triggered	2,37,38,39,40,41,	 NoSound	40	2	1512782359
1512782561	Triggered	2,37,38,39,40,41,	 File_beep5	40	2	1512782561
1512798122	Triggered	5,23,24,25,26,27,28,29,30,31,	 NoSound	40	2	1512798122
1512798323	Triggered	5,23,24,25,26,27,28,29,30,31,	 PureTone-3kHz	40	2	1512798323
1512802875	Triggered	8,52,53,54,55,56,	 NoSound	40	2	1512802875
1512803077	Triggered	8,52,53,54,55,56,	 File_beep3	40	2	1512803077
1512812562	Triggered	5,23,24,25,26,27,28,29,30,31,	 NoSound	40	2	1512812562
1512812764	Triggered	5,23,24,25,26,27,28,29,30,31,	 PureTone-2kHz	40	2	1512812764
1512816533	Triggered	8,52,53,54,55,56,	 NoSound	40	2	1512816533
1512816735	Triggered	8,52,53,54,55,56,	 File_beep3	40	2	1512816735
1512824895	Triggered	5,23,24,25,26,27,28,29,30,31,	 NoSound	40	2	1512824895
1512825097	Triggered	5,23,24,25,26,27,28,29,30,31,	 PureTone-1kHz	40	2	1512825097
1512828928	Triggered	8,52,53,54,55,56,	 NoSound	40	2	1512828928
1512829130	Triggered	8,52,53,54,55,56,	 File_beep3	40	2	1512829130
1512839035	Triggered	5,23,24,25,26,27,28,29,30,31,	 NoSound	40	2	1512839035
1512839235	Triggered	5,23,24,25,26,27,28,29,30,31,	 StopSoundShort	40	2	1512839235
1512856362	Triggered	1,14,15,16,17,18,19,20,21,22,	 NoSound	40	2	1512856362
1512859671	Triggered	6,47,48,49,50,51,	 NoSound	40	2	1512859671
1512859884	Triggered	6,47,48,49,50,51,	 File_beep3	40	2	1512859884
1512870441	Triggered	1,14,15,16,17,18,19,20,21,22,	 NoSound	40	2	1512870441
1512873991	Triggered	6,47,48,49,50,51,	 NoSound	40	2	1512873991
1512874192	Triggered	6,47,48,49,50,51,	 File_beep3	40	2	1512874192
1512885302	Triggered	1,14,15,16,17,18,19,20,21,22,	 NoSound	40	2	1512885302
1512888793	Triggered	6,47,48,49,50,51,	 NoSound	40	2	1512888793
1512888995	Triggered	6,47,48,49,50,51,	 File_beep3	40	2	1512888995
1512902329	Triggered	1,14,15,16,17,18,19,20,21,22,	 NoSound	40	2	1512902329
1512902531	Triggered	1,14,15,16,17,18,19,20,21,22,	 PureTone-1kHz	40	2	1512902531
1512905398	Triggered	6,47,48,49,50,51,	 NoSound	40	2	1512905398
1512905600	Triggered	6,47,48,49,50,51,	 File_beep3	40	2	1512905600
1512916347	Triggered	1,14,15,16,17,18,19,20,21,22,	 NoSound	40	2	1512916347
1512916549	Triggered	1,14,15,16,17,18,19,20,21,22,	 StopSoundLong	40	2	1512916549
1512928443	Triggered	5,23,24,25,26,27,28,29,30,31,	 NoSound	40	2	1512928443
1512933134	Triggered	2,37,38,39,40,41,	 NoSound	40	2	1512933134
1512933335	Triggered	2,37,38,39,40,41,	 File_beep2	40	2	1512933335
1512943183	Triggered	5,23,24,25,26,27,28,29,30,31,	 NoSound	40	2	1512943183
1512947515	Triggered	2,37,38,39,40,41,	 NoSound	40	2	1512947515
1512947717	Triggered	2,37,38,39,40,41,	 File_beep2	40	2	1512947717
1512956960	Triggered	5,23,24,25,26,27,28,29,30,31,	 NoSound	40	2	1512956960
1512961833	Triggered	2,37,38,39,40,41,	 NoSound	40	2	1512961833
1512962034	Triggered	2,37,38,39,40,41,	 File_beep2	40	2	1512962034
1512972363	Triggered	5,23,24,25,26,27,28,29,30,31,	 NoSound	40	2	1512972363
1512972567	Triggered	5,23,24,25,26,27,28,29,30,31,	 PureTone-9kHz	40	2	1512972567
1512976152	Triggered	2,37,38,39,40,41,	 NoSound	40	2	1512976152
1512976353	Triggered	2,37,38,39,40,41,	 File_beep2	40	2	1512976353
1512987164	Triggered	5,23,24,25,26,27,28,29,30,31,	 NoSound	40	2	1512987164
1512987368	Triggered	5,23,24,25,26,27,28,29,30,31,	 PureTone-7kHz	40	2	1512987368
1512990592	Triggered	8,52,53,54,55,56,	 NoSound	40	2	1512990592
1512990794	Triggered	8,52,53,54,55,56,	 File_beep3	40	2	1512990794
1513000099	Triggered	5,23,24,25,26,27,28,29,30,31,	 NoSound	40	2	1513000099
1513000304	Triggered	5,23,24,25,26,27,28,29,30,31,	 PureTone-5kHz	40	2	1513000304
1513003467	Triggered	8,52,53,54,55,56,	 NoSound	40	2	1513003467
1513003670	Triggered	8,52,53,54,55,56,	 File_beep3	40	2	1513003670
1513012315	Triggered	5,23,24,25,26,27,28,29,30,31,	 NoSound	40	2	1513012315
1513012517	Triggered	5,23,24,25,26,27,28,29,30,31,	 PureTone-3kHz	40	2	1513012517
1513016042	Triggered	8,52,53,54,55,56,	 NoSound	40	2	1513016042
1513016243	Triggered	8,52,53,54,55,56,	 File_beep3	40	2	1513016243
1513025488	Triggered	5,23,24,25,26,27,28,29,30,31,	 NoSound	40	2	1513025488
1513025691	Triggered	5,23,24,25,26,27,28,29,30,31,	 PureTone-2kHz	40	2	1513025691
1513030004	Triggered	8,52,53,54,55,56,	 NoSound	40	2	1513030004
1513030206	Triggered	8,52,53,54,55,56,	 File_beep3	40	2	1513030206
1513044020	Triggered	5,23,24,25,26,27,28,29,30,31,	 NoSound	40	2	1513044020
1513044222	Triggered	5,23,24,25,26,27,28,29,30,31,	 PureTone-1kHz	40	2	1513044222
1513048412	Triggered	8,52,53,54,55,56,	 NoSound	40	2	1513048412
1513048624	Triggered	8,52,53,54,55,56,	 File_beep3	40	2	1513048624
1513058701	Triggered	5,23,24,25,26,27,28,29,30,31,	 NoSound	40	2	1513058701
1513058903	Triggered	5,23,24,25,26,27,28,29,30,31,	 StopSoundShort	40	2	1513058903
1513070252	Triggered	1,14,15,16,17,18,19,20,21,22,	 NoSound	40	2	1513070252
1513073803	Triggered	4,42,43,44,45,46,	 NoSound	40	2	1513073803
1513074003	Triggered	4,42,43,44,45,46,	 File_beep1	40	2	1513074003
1513085776	Triggered	1,14,15,16,17,18,19,20,21,22,	 NoSound	40	2	1513085776
1513089867	Triggered	4,42,43,44,45,46,	 NoSound	40	2	1513089867
1513090067	Triggered	4,42,43,44,45,46,	 File_beep1	40	2	1513090067
1513106173	Triggered	1,14,15,16,17,18,19,20,21,22,	 NoSound	40	2	1513106173
1513110082	Triggered	4,42,43,44,45,46,	 NoSound	40	2	1513110082
1513110283	Triggered	4,42,43,44,45,46,	 File_beep1	40	2	1513110283
1513122542	Triggered	1,14,15,16,17,18,19,20,21,22,	 NoSound	40	2	1513122542
1513122744	Triggered	1,14,15,16,17,18,19,20,21,22,	 PureTone-1kHz	40	2	1513122744
1513126326	Triggered	6,47,48,49,50,51,	 NoSound	40	2	1513126326
1513134509	Triggered	1,14,15,16,17,18,19,20,21,22,	 NoSound	40	2	1513134509
1513134709	Triggered	1,14,15,16,17,18,19,20,21,22,	 StopSoundLong	40	2	1513134709
1513152198	Triggered	8,52,53,54,55,56,	 NoSound	40	2	1513152198
1513152401	Triggered	8,52,53,54,55,56,	 File_beep3	40	2	1513152401
1513166396	Triggered	5,23,24,25,26,27,28,29,30,31,	 NoSound	40	2	1513166396
1513169947	Triggered	8,52,53,54,55,56,	 NoSound	40	2	1513169947
1513170148	Triggered	8,52,53,54,55,56,	 File_beep3	40	2	1513170148
1513179274	Triggered	5,23,24,25,26,27,28,29,30,31,	 NoSound	40	2	1513179274
1513182822	Triggered	8,52,53,54,55,56,	 NoSound	40	2	1513182822
1513183025	Triggered	8,52,53,54,55,56,	 File_beep3	40	2	1513183025
1513192508	Triggered	5,23,24,25,26,27,28,29,30,31,	 NoSound	40	2	1513192508
1513192711	Triggered	5,23,24,25,26,27,28,29,30,31,	 PureTone-9kHz	40	2	1513192711
1513196059	Triggered	8,52,53,54,55,56,	 NoSound	40	2	1513196059
1513196261	Triggered	8,52,53,54,55,56,	 File_beep3	40	2	1513196261
1513206168	Triggered	5,23,24,25,26,27,28,29,30,31,	 NoSound	40	2	1513206168
1513206371	Triggered	5,23,24,25,26,27,28,29,30,31,	 PureTone-7kHz	40	2	1513206371
1513209656	Triggered	8,52,53,54,55,56,	 NoSound	40	2	1513209656
1513209857	Triggered	8,52,53,54,55,56,	 File_beep3	40	2	1513209857
1513221150	Triggered	5,23,24,25,26,27,28,29,30,31,	 NoSound	40	2	1513221150
1513221354	Triggered	5,23,24,25,26,27,28,29,30,31,	 PureTone-5kHz	40	2	1513221354
1513224758	Triggered	8,52,53,54,55,56,	 NoSound	40	2	1513224758
1513224959	Triggered	8,52,53,54,55,56,	 File_beep3	40	2	1513224959
1513234385	Triggered	5,23,24,25,26,27,28,29,30,31,	 NoSound	40	2	1513234385
1513234587	Triggered	5,23,24,25,26,27,28,29,30,31,	 PureTone-3kHz	40	2	1513234587
1513237754	Triggered	8,52,53,54,55,56,	 NoSound	40	2	1513237754
1513237955	Triggered	8,52,53,54,55,56,	 File_beep3	40	2	1513237955
1513248646	Triggered	5,23,24,25,26,27,28,29,30,31,	 NoSound	40	2	1513248646
1513248848	Triggered	5,23,24,25,26,27,28,29,30,31,	 PureTone-2kHz	40	2	1513248848
1513252375	Triggered	8,52,53,54,55,56,	 NoSound	40	2	1513252375
1513252577	Triggered	8,52,53,54,55,56,	 File_beep3	40	2	1513252577
1513265069	Triggered	5,23,24,25,26,27,28,29,30,31,	 NoSound	40	2	1513265069
1513265272	Triggered	5,23,24,25,26,27,28,29,30,31,	 PureTone-1kHz	40	2	1513265272
1513269400	Triggered	2,37,38,39,40,41,	 NoSound	40	2	1513269400
1513277042	Triggered	5,23,24,25,26,27,28,29,30,31,	 NoSound	40	2	1513277042
1513277243	Triggered	5,23,24,25,26,27,28,29,30,31,	 StopSoundShort	40	2	1513277243
1513289076	Triggered	1,14,15,16,17,18,19,20,21,22,	 NoSound	40	2	1513289076
1513292746	Triggered	6,47,48,49,50,51,	 NoSound	40	2	1513292746
1513292949	Triggered	6,47,48,49,50,51,	 File_beep4	40	2	1513292949
1513306282	Triggered	1,14,15,16,17,18,19,20,21,22,	 NoSound	40	2	1513306282
1513309410	Triggered	6,47,48,49,50,51,	 NoSound	40	2	1513309410
1513309613	Triggered	6,47,48,49,50,51,	 File_beep4	40	2	1513309613
1513322528	Triggered	1,14,15,16,17,18,19,20,21,22,	 NoSound	40	2	1513322528
1513325958	Triggered	6,47,48,49,50,51,	 NoSound	40	2	1513325958
1513326160	Triggered	6,47,48,49,50,51,	 File_beep4	40	2	1513326160
1513340639	Triggered	1,14,15,16,17,18,19,20,21,22,	 NoSound	40	2	1513340639
1513340840	Triggered	1,14,15,16,17,18,19,20,21,22,	 PureTone-1kHz	40	2	1513340840
1513344560	Triggered	6,47,48,49,50,51,	 NoSound	40	2	1513344560
1513344763	Triggered	6,47,48,49,50,51,	 File_beep4	40	2	1513344763
1513359594	Triggered	1,14,15,16,17,18,19,20,21,22,	 NoSound	40	2	1513359594
1513359795	Triggered	1,14,15,16,17,18,19,20,21,22,	 StopSoundLong	40	2	1513359795
1513375895	Triggered	5,23,24,25,26,27,28,29,30,31,	 NoSound	40	2	1513375895
1513379625	Triggered	8,52,53,54,55,56,	 NoSound	40	2	1513379625
1513379826	Triggered	8,52,53,54,55,56,	 File_beep4	40	2	1513379826
1513393524	Triggered	5,23,24,25,26,27,28,29,30,31,	 NoSound	40	2	1513393524
1513396772	Triggered	8,52,53,54,55,56,	 NoSound	40	2	1513396772
1513396974	Triggered	8,52,53,54,55,56,	 File_beep4	40	2	1513396974
1513406826	Triggered	5,23,24,25,26,27,28,29,30,31,	 NoSound	40	2	1513406826
1513410430	Triggered	8,52,53,54,55,56,	 NoSound	40	2	1513410430
1513410632	Triggered	8,52,53,54,55,56,	 File_beep4	40	2	1513410632
1513423789	Triggered	5,23,24,25,26,27,28,29,30,31,	 NoSound	40	2	1513423789
1513424005	Triggered	5,23,24,25,26,27,28,29,30,31,	 PureTone-9kHz	40	2	1513424005
1513427640	Triggered	8,52,53,54,55,56,	 NoSound	40	2	1513427640
1513427841	Triggered	8,52,53,54,55,56,	 File_beep4	40	2	1513427841
1513442197	Triggered	5,23,24,25,26,27,28,29,30,31,	 NoSound	40	2	1513442197
1513442401	Triggered	5,23,24,25,26,27,28,29,30,31,	 PureTone-7kHz	40	2	1513442401
1513446049	Triggered	8,52,53,54,55,56,	 NoSound	40	2	1513446049
1513446252	Triggered	8,52,53,54,55,56,	 File_beep4	40	2	1513446252
1513461932	Triggered	5,23,24,25,26,27,28,29,30,31,	 NoSound	40	2	1513461932
1513462136	Triggered	5,23,24,25,26,27,28,29,30,31,	 PureTone-5kHz	40	2	1513462136
1513465603	Triggered	8,52,53,54,55,56,	 NoSound	40	2	1513465603
1513465805	Triggered	8,52,53,54,55,56,	 File_beep4	40	2	1513465805
1513477636	Triggered	5,23,24,25,26,27,28,29,30,31,	 NoSound	40	2	1513477636
1513477838	Triggered	5,23,24,25,26,27,28,29,30,31,	 PureTone-3kHz	40	2	1513477838
1513481666	Triggered	8,52,53,54,55,56,	 NoSound	40	2	1513481666
1513481869	Triggered	8,52,53,54,55,56,	 File_beep4	40	2	1513481869
1513494301	Triggered	5,23,24,25,26,27,28,29,30,31,	 NoSound	40	2	1513494301
1513494515	Triggered	5,23,24,25,26,27,28,29,30,31,	 PureTone-2kHz	40	2	1513494515
1513498152	Triggered	8,52,53,54,55,56,	 NoSound	40	2	1513498152
1513498355	Triggered	8,52,53,54,55,56,	 File_beep4	40	2	1513498355
1513510788	Triggered	5,23,24,25,26,27,28,29,30,31,	 NoSound	40	2	1513510788
1513510990	Triggered	5,23,24,25,26,27,28,29,30,31,	 PureTone-1kHz	40	2	1513510990
1513515190	Triggered	8,52,53,54,55,56,	 NoSound	40	2	1513515190
1513515393	Triggered	8,52,53,54,55,56,	 File_beep4	40	2	1513515393
1513529739	Triggered	5,23,24,25,26,27,28,29,30,31,	 NoSound	40	2	1513529739
1513529939	Triggered	5,23,24,25,26,27,28,29,30,31,	 StopSoundShort	40	2	1513529939
1513543216	Triggered	1,14,15,16,17,18,19,20,21,22,	 NoSound	40	2	1513543216
1513547247	Triggered	6,47,48,49,50,51,	 NoSound	40	2	1513547247
1513583168	Triggered	1,14,15,16,17,18,19,20,21,22,	 NoSound	40	2	1513583168
1513587622	Triggered	6,47,48,49,50,51,	 NoSound	40	2	1513587622
1513604226	Triggered	1,14,15,16,17,18,19,20,21,22,	 NoSound	40	2	1513604226
1513616738	Triggered	6,47,48,49,50,51,	 NoSound	40	2	1513616738
