Friday, July 10, 2020	12:04:34 PM	Game1.txt	996331092
Cued	Now	996348260
9	BlinkStart	996348288
9	BlinkEnd	996499374
23,5	BlinkStart	996499461
23,5	BlinkEnd	996519323
5	0DropFeed	996519403
23	NoFeedAbort	996519483
1	BlinkStart	996529509
1	BlinkEnd	996538156
1	NoFeedLowProb	996538236
4,44	BlinkStart	996538258
4,44	BlinkEnd	996555063
4	Feed	996555143
44	Feed	996555223
1	BlinkStart	996555311
1	BlinkEnd	996580214
1	NoFeedLowProb	996580294
4,44	BlinkStart	996580325
4,44	BlinkEnd	996583581
4	Feed	996583661
44	Feed	996583741
1	BlinkStart	996583852
1	BlinkEnd	996602235
1	NoFeedLowProb	996602315
4,44	BlinkStart	996602338
4,44	BlinkEnd	996606688
4	Feed	996606768
44	Feed	996606848
16,1	BlinkStart	996606957
16,1	BlinkEnd	996619079
1	0DropFeed	996619159
16	Feed	996619239
4,44,6,47	BlinkStart	996619354
4,44,6,47	BlinkEnd	996621967
4	Feed	996622047
44	Feed	996622127
15,1	BlinkStart	996622214
15,1	BlinkEnd	996635026
1	0DropFeed	996635106
15	NoFeedAbort	996635186
5	BlinkStart	996645201
5	BlinkEnd	996650666
5	NoFeedLowProb	996650746
2,37	BlinkStart	996650776
2,37	BlinkEnd	996654460
2	Feed	996654540
37	Feed	996654620
5	BlinkStart	996654728
5	BlinkEnd	996664564
5	NoFeedLowProb	996664645
2,37	BlinkStart	996664674
2,37	BlinkEnd	996667933
2	Feed	996668013
37	Feed	996668094
5	BlinkStart	996668205
5	BlinkEnd	996678463
5	NoFeedLowProb	996678543
2,37	BlinkStart	996678572
2,37	BlinkEnd	996682134
2	Feed	996682214
37	Feed	996682294
30,5	BlinkStart	996682381
30,5	BlinkEnd	996690255
5	0DropFeed	996690335
30	Feed	996690416
2,37,8,53	BlinkStart	996690530
2,37,8,53	BlinkEnd	996693746
2	Feed	996693826
37	Feed	996693907
29,5	BlinkStart	996694017
29,5	BlinkEnd	996701459
5	0DropFeed	996701540
29	Feed	996701620
2,37,8,53	BlinkStart	996701723
2,37,8,53	BlinkEnd	996704636
2	Feed	996704716
37	Feed	996704796
28,5	BlinkStart	996704908
28,5	BlinkEnd	996711674
5	0DropFeed	996711754
28	Feed	996711834
2,37,8,53	BlinkStart	996711938
2,37,8,53	BlinkEnd	996715825
8	Feed	996715905
53	Feed	996715986
27,5	BlinkStart	996716097
27,5	BlinkEnd	996724188
5	0DropFeed	996724268
27	Feed	996724348
2,37,8,53	BlinkStart	996724460
2,37,8,53	BlinkEnd	996727377
2	Feed	996727457
37	Feed	996727537
26,5	BlinkStart	996727637
26,5	BlinkEnd	996733875
5	0DropFeed	996733955
26	Feed	996734035
2,37,8,53	BlinkStart	996734134
2,37,8,53	BlinkEnd	996737909
2	Feed	996737989
37	Feed	996738069
25,5	BlinkStart	996738169
25,5	BlinkEnd	996743622
5	0DropFeed	996743702
25	Feed	996743782
2,37,8,53	BlinkStart	996743892
2,37,8,53	BlinkEnd	996747292
8	Feed	996747372
53	Feed	996747452
23,5	BlinkStart	996747636
23,5	BlinkEnd	996754874
5	0DropFeed	996754954
23	NoFeedAbort	996755034
1	BlinkStart	996765125
1	BlinkEnd	996767088
1	NoFeedLowProb	996767168
4,43	BlinkStart	996767301
4,43	BlinkEnd	996769915
4	Feed	996769995
43	Feed	996770075
1	BlinkStart	996770212
1	BlinkEnd	996779842
1	NoFeedLowProb	996779922
4,43	BlinkStart	996780016
4,43	BlinkEnd	996782670
4	Feed	996782750
43	Feed	996782830
1	BlinkStart	996782988
1	BlinkEnd	996792356
1	NoFeedLowProb	996792436
4,43	BlinkStart	996792532
4,43	BlinkEnd	996795184
4	Feed	996795264
43	Feed	996795345
16,1	BlinkStart	996795504
16,1	BlinkEnd	996804510
1	0DropFeed	996804590
16	Feed	996804670
4,43,6,50	BlinkStart	996804853
4,43,6,50	BlinkEnd	996807698
4	Feed	996807778
43	Feed	996807858
15,1	BlinkStart	996808012
15,1	BlinkEnd	996817687
1	0DropFeed	996817767
15	NoFeedAbort	996817848
5	BlinkStart	996827909
5	BlinkEnd	996830381
5	NoFeedLowProb	996830461
2,38	BlinkStart	996830564
2,38	BlinkEnd	996833571
2	Feed	996833651
38	Feed	996833732
5	BlinkStart	996833886
5	BlinkEnd	996842475
5	NoFeedLowProb	996842555
2,38	BlinkStart	996842640
2,38	BlinkEnd	996845844
2	Feed	996845924
38	Feed	996846004
5	BlinkStart	996846148
5	BlinkEnd	996852950
5	NoFeedLowProb	996853030
2,38	BlinkStart	996853122
2,38	BlinkEnd	996856553
2	Feed	996856633
38	Feed	996856713
30,5	BlinkStart	996856858
30,5	BlinkEnd	996864315
5	0DropFeed	996864396
30	Feed	996864476
2,38,8,54	BlinkStart	996864641
2,38,8,54	BlinkEnd	996867505
8	Feed	996867585
54	Feed	996867666
29,5	BlinkStart	996867806
29,5	BlinkEnd	996876950
5	0DropFeed	996877030
29	Feed	996877110
2,38,8,54	BlinkStart	996877260
2,38,8,54	BlinkEnd	996880198
2	Feed	996880278
38	Feed	996880358
28,5	BlinkStart	996880511
28,5	BlinkEnd	996886818
5	0DropFeed	996886898
28	Feed	996886978
2,38,8,54	BlinkStart	996887132
2,38,8,54	BlinkEnd	996890007
8	Feed	996890087
54	Feed	996890167
27,5	BlinkStart	996890311
27,5	BlinkEnd	996899031
5	0DropFeed	996899111
27	Feed	996899191
2,38,8,54	BlinkStart	996899372
2,38,8,54	BlinkEnd	996901985
8	Feed	996902065
54	Feed	996902145
26,5	BlinkStart	996902285
26,5	BlinkEnd	996910652
5	0DropFeed	996910733
26	Feed	996910813
2,38,8,54	BlinkStart	996911008
2,38,8,54	BlinkEnd	996913650
8	Feed	996913730
54	Feed	996913810
25,5	BlinkStart	996913969
25,5	BlinkEnd	996922615
5	0DropFeed	996922696
25	Feed	996922776
2,38,8,54	BlinkStart	996922930
2,38,8,54	BlinkEnd	996925926
8	Feed	996926006
54	Feed	996926086
23,5	BlinkStart	996926238
23,5	BlinkEnd	996937477
5	0DropFeed	996937557
23	NoFeedAbort	996937637
1	BlinkStart	996947726
1	BlinkEnd	996954865
1	NoFeedLowProb	996954945
4,42	BlinkStart	996955049
4,42	BlinkEnd	996958054
4	Feed	996958134
42	Feed	996958214
1	BlinkStart	996958369
1	BlinkEnd	996966958
1	NoFeedLowProb	996967038
4,42	BlinkStart	996967125
4,42	BlinkEnd	996970146
4	Feed	996970226
42	Feed	996970307
1	BlinkStart	996970467
1	BlinkEnd	996977670
1	NoFeedLowProb	996977750
4,42	BlinkStart	996977859
4,42	BlinkEnd	996981277
4	Feed	996981357
42	Feed	996981437
16,1	BlinkStart	996981605
16,1	BlinkEnd	996989279
1	0DropFeed	996989359
16	Feed	996989439
4,42,6	BlinkStart	996989614
4,42,6	BlinkEnd	996992769
6	0DropFeed	996992849
15,1	BlinkStart	996993027
15,1	BlinkEnd	997002336
1	0DropFeed	997002416
15	NoFeedAbort	997002496
5	BlinkStart	997012558
5	BlinkEnd	997023213
5	NoFeedLowProb	997023293
2,39	BlinkStart	997023394
2,39	BlinkEnd	997026281
2	Feed	997026362
39	Feed	997026442
5	BlinkStart	997026614
5	BlinkEnd	997035849
5	NoFeedLowProb	997035929
2,39	BlinkStart	997036019
2,39	BlinkEnd	997038977
2	Feed	997039057
39	Feed	997039137
5	BlinkStart	997039306
5	BlinkEnd	997047702
5	NoFeedLowProb	997047782
2,39	BlinkStart	997047882
2,39	BlinkEnd	997051131
2	Feed	997051211
39	Feed	997051291
30,5	BlinkStart	997051447
30,5	BlinkEnd	997060817
5	0DropFeed	997060897
30	Feed	997060977
2,39,8,52	BlinkStart	997061130
2,39,8,52	BlinkEnd	997063825
8	Feed	997063905
52	Feed	997063986
29,5	BlinkStart	997064158
29,5	BlinkEnd	997071646
5	0DropFeed	997071727
29	Feed	997071807
2,39,8,52	BlinkStart	997071977
2,39,8,52	BlinkEnd	997074776
8	Feed	997074856
52	Feed	997074936
28,5	BlinkStart	997075076
28,5	BlinkEnd	997081454
5	0DropFeed	997081534
28	Feed	997081614
2,39,8,52	BlinkStart	997081796
2,39,8,52	BlinkEnd	997085005
8	Feed	997085085
52	Feed	997085165
27,5	BlinkStart	997085320
27,5	BlinkEnd	997092764
5	0DropFeed	997092844
27	Feed	997092924
2,39,8,52	BlinkStart	997093079
2,39,8,52	BlinkEnd	997096014
8	Feed	997096094
52	Feed	997096174
26,5	BlinkStart	997096318
26,5	BlinkEnd	997102934
5	0DropFeed	997103014
26	Feed	997103094
2,39,8,52	BlinkStart	997103262
2,39,8,52	BlinkEnd	997106603
2	Feed	997106683
39	Feed	997106763
25,5	BlinkStart	997106921
25,5	BlinkEnd	997115086
5	0DropFeed	997115166
25	Feed	997115246
2,39,8,52	BlinkStart	997115413
2,39,8,52	BlinkEnd	997118215
8	Feed	997118296
52	Feed	997118377
23,5	BlinkStart	997118533
23,5	BlinkEnd	997123871
5	0DropFeed	997123951
23	NoFeedAbort	997124031
1	BlinkStart	997134092
1	BlinkEnd	997135542
1	NoFeedLowProb	997135624
4,45	BlinkStart	997135698
4,45	BlinkEnd	997138610
4	Feed	997138690
45	Feed	997138771
1	BlinkStart	997138910
1	BlinkEnd	997154255
1	NoFeedLowProb	997154336
4,45	BlinkStart	997154449
4,45	BlinkEnd	997158405
4	Feed	997158485
45	Feed	997158565
1	BlinkStart	997158745
1	BlinkEnd	997170980
1	NoFeedLowProb	997171060
4,45	BlinkStart	997171156
4,45	BlinkEnd	997173868
4	Feed	997173948
45	Feed	997174028
16,1	BlinkStart	997174222
16,1	BlinkEnd	997189331
1	0DropFeed	997189411
16	Feed	997189491
4,45,6,49	BlinkStart	997189643
4,45,6,49	BlinkEnd	997192219
4	Feed	997192299
45	Feed	997192379
15,1	BlinkStart	997192541
15,1	BlinkEnd	997204553
1	0DropFeed	997204633
15	NoFeedAbort	997204713
5	BlinkStart	997214773
5	BlinkEnd	997216285
5	NoFeedLowProb	997216365
8	BlinkStart	997216428
8	BlinkEnd	997219836
8	0DropFeed	997219916
5	BlinkStart	997220090
5	BlinkEnd	997226033
5	NoFeedLowProb	997226113
8	BlinkStart	997226191
8	BlinkEnd	997239268
8	0DropFeed	997239348
5	BlinkStart	997239551
5	BlinkEnd	997243603
5	NoFeedLowProb	997243683
8	BlinkStart	997243766
8	BlinkEnd	997259002
8	0DropFeed	997259083
30,5	BlinkStart	997259263
30,5	BlinkEnd	997263458
5	0DropFeed	997263538
30	Feed	997263618
2,41,8	BlinkStart	997263770
2,41,8	BlinkEnd	997266284
2	Feed	997266364
41	Feed	997266444
29,5	BlinkStart	997266592
29,5	BlinkEnd	997279528
5	0DropFeed	997279609
29	Feed	997279689
2,41,8	BlinkStart	997279865
2,41,8	BlinkEnd	997282287
2	Feed	997282367
41	Feed	997282448
28,5	BlinkStart	997282592
28,5	BlinkEnd	997295946
5	0DropFeed	997296026
28	Feed	997296106
2,41,8	BlinkStart	997296254
2,41,8	BlinkEnd	997298784
2	Feed	997298864
41	Feed	997298944
27,5	BlinkStart	997299084
27,5	BlinkEnd	997310084
5	0DropFeed	997310164
27	Feed	997310244
2,41,8	BlinkStart	997310437
2,41,8	BlinkEnd	997312851
2	Feed	997312931
41	Feed	997313011
26,5	BlinkStart	997313158
26,5	BlinkEnd	997324344
5	0DropFeed	997324424
26	Feed	997324504
2,41,8	BlinkStart	997324692
2,41,8	BlinkEnd	997327472
2	Feed	997327552
41	Feed	997327632
25,5	BlinkStart	997327819
25,5	BlinkEnd	997339206
5	0DropFeed	997339286
25	Feed	997339366
2,41,8	BlinkStart	997339552
2,41,8	BlinkEnd	997342214
2	Feed	997342294
41	Feed	997342374
23,5	BlinkStart	997342532
23,5	BlinkEnd	997353524
5	0DropFeed	997353604
23	NoFeedAbort	997353684
1	BlinkStart	997363747
1	BlinkEnd	997366279
1	NoFeedLowProb	997366359
6,51	BlinkStart	997366453
6,51	BlinkEnd	997369166
6	Feed	997369246
51	Feed	997369327
1	BlinkStart	997369469
1	BlinkEnd	997383247
1	NoFeedLowProb	997383328
6,51	BlinkStart	997383422
6,51	BlinkEnd	997387698
6	Feed	997387778
51	Feed	997387859
1	BlinkStart	997388014
1	BlinkEnd	997400695
1	NoFeedLowProb	997400775
6,51	BlinkStart	997400845
6,51	BlinkEnd	997415434
6	Feed	997415514
51	Feed	997415595
16,1	BlinkStart	997415787
16,1	BlinkEnd	997427527
1	0DropFeed	997427607
16	Feed	997427687
6,51,4,42	BlinkStart	997427854
6,51,4,42	BlinkEnd	997430732
4	Feed	997430812
42	Feed	997430892
15,1	BlinkStart	997431070
15,1	BlinkEnd	997445637
1	0DropFeed	997445717
15	NoFeedAbort	997445797
5	BlinkStart	997455857
5	BlinkEnd	997471089
5	NoFeedLowProb	997471169
2	BlinkStart	997471244
2	BlinkEnd	997474818
2	0DropFeed	997474898
5	BlinkStart	997475058
5	BlinkEnd	997480654
5	NoFeedLowProb	997480734
2	BlinkStart	997480795
2	BlinkEnd	997496176
2	0DropFeed	997496256
5	BlinkStart	997496448
5	BlinkEnd	997521273
5	NoFeedLowProb	997521353
2	BlinkStart	997521432
2	BlinkEnd	997527645
2	0DropFeed	997527725
30,5	BlinkStart	997527903
30,5	BlinkEnd	997532697
5	0DropFeed	997532777
30	Feed	997532857
8,55,2	BlinkStart	997533012
8,55,2	BlinkEnd	997537270
8	Feed	997537350
55	Feed	997537430
29,5	BlinkStart	997537586
29,5	BlinkEnd	997577882
5	0DropFeed	997577962
29	Feed	997578042
8,55,2	BlinkStart	997578215
8,55,2	BlinkEnd	997582575
8	Feed	997582655
55	Feed	997582735
28,5	BlinkStart	997582897
28,5	BlinkEnd	997594008
5	0DropFeed	997594088
28	Feed	997594168
8,55,2	BlinkStart	997594320
8,55,2	BlinkEnd	997597444
8	Feed	997597524
55	Feed	997597604
27,5	BlinkStart	997597764
27,5	BlinkEnd	997609770
5	0DropFeed	997609850
27	Feed	997609931
8,55,2	BlinkStart	997610090
8,55,2	BlinkEnd	997612718
8	Feed	997612798
55	Feed	997612879
26,5	BlinkStart	997613015
26,5	BlinkEnd	997625654
5	0DropFeed	997625734
26	Feed	997625814
8,55,2	BlinkStart	997625983
8,55,2	BlinkEnd	997628722
8	Feed	997628802
55	Feed	997628883
25,5	BlinkStart	997629056
25,5	BlinkEnd	997640334
5	0DropFeed	997640414
25	Feed	997640494
8,55,2	BlinkStart	997640669
8,55,2	BlinkEnd	997643523
8	Feed	997643603
55	Feed	997643683
23,5	BlinkStart	997643834
23,5	BlinkEnd	997654112
5	0DropFeed	997654192
23	NoFeedAbort	997654272
1	BlinkStart	997664333
1	BlinkEnd	997666567
1	NoFeedLowProb	997666647
4,46	BlinkStart	997666754
4,46	BlinkEnd	997669454
4	Feed	997669534
46	Feed	997669614
1	BlinkStart	997669777
1	BlinkEnd	997694724
1	NoFeedLowProb	997694804
4,46	BlinkStart	997694899
4,46	BlinkEnd	997698034
4	Feed	997698114
46	Feed	997698195
1	BlinkStart	997698371
1	BlinkEnd	997712235
1	NoFeedLowProb	997712315
4,46	BlinkStart	997712409
4,46	BlinkEnd	997715244
4	Feed	997715324
46	Feed	997715404
16,1	BlinkStart	997715574
16,1	BlinkEnd	997728910
1	0DropFeed	997728990
16	Feed	997729070
4,46,6	BlinkStart	997729253
4,46,6	BlinkEnd	997731728
4	Feed	997731808
46	Feed	997731888
15,1	BlinkStart	997732060
15,1	BlinkEnd	997748824
1	0DropFeed	997748904
15	NoFeedAbort	997748984
5	BlinkStart	997759055
5	BlinkEnd	997762298
5	NoFeedLowProb	997762378
2,40	BlinkStart	997762476
2,40	BlinkEnd	997766262
2	Feed	997766342
40	Feed	997766423
5	BlinkStart	997766559
5	BlinkEnd	997777874
5	NoFeedLowProb	997777954
2,40	BlinkStart	997778042
2,40	BlinkEnd	997781606
2	Feed	997781687
40	Feed	997781767
5	BlinkStart	997781916
5	BlinkEnd	997793817
5	NoFeedLowProb	997793897
2,40	BlinkStart	997793971
2,40	BlinkEnd	997797248
2	Feed	997797328
40	Feed	997797409
30,5	BlinkStart	997797563
30,5	BlinkEnd	997809281
5	0DropFeed	997809361
30	Feed	997809441
2,40,8	BlinkStart	997809601
2,40,8	BlinkEnd	997812228
2	Feed	997812308
40	Feed	997812388
29,5	BlinkStart	997812558
29,5	BlinkEnd	997822818
5	0DropFeed	997822898
29	Feed	997822978
2,40,8	BlinkStart	997823122
2,40,8	BlinkEnd	997826741
8	0DropFeed	997826821
28,5	BlinkStart	997827008
28,5	BlinkEnd	997835152
5	0DropFeed	997835232
28	Feed	997835312
2,40,8	BlinkStart	997835472
2,40,8	BlinkEnd	997841709
8	0DropFeed	997841789
27,5	BlinkStart	997841963
27,5	BlinkEnd	997847127
5	0DropFeed	997847208
27	Feed	997847289
2,40,8	BlinkStart	997847432
2,40,8	BlinkEnd	997852359
2	Feed	997852439
40	Feed	997852520
26,5	BlinkStart	997852677
26,5	BlinkEnd	997863249
5	0DropFeed	997863329
26	Feed	997863409
2,40,8	BlinkStart	997863585
2,40,8	BlinkEnd	997867100
2	Feed	997867180
40	Feed	997867260
25,5	BlinkStart	997867396
25,5	BlinkEnd	997878172
5	0DropFeed	997878252
25	Feed	997878332
2,40,8	BlinkStart	997878499
2,40,8	BlinkEnd	997882382
8	0DropFeed	997882462
23,5	BlinkStart	997882617
23,5	BlinkEnd	997887977
5	0DropFeed	997888057
23	NoFeedAbort	997888137
1	BlinkStart	997898197
1	BlinkEnd	997901875
1	NoFeedLowProb	997901955
4,44	BlinkStart	997902057
4,44	BlinkEnd	997904884
4	Feed	997904965
44	Feed	997905045
1	BlinkStart	997905204
1	BlinkEnd	997917521
1	NoFeedLowProb	997917601
4,44	BlinkStart	997917688
4,44	BlinkEnd	997920828
4	Feed	997920909
44	Feed	997920989
1	BlinkStart	997921146
1	BlinkEnd	997934546
1	NoFeedLowProb	997934626
4,44	BlinkStart	997934714
4,44	BlinkEnd	997938216
4	Feed	997938297
44	Feed	997938377
16,1	BlinkStart	997938525
16,1	BlinkEnd	997952836
1	0DropFeed	997952916
16	Feed	997952996
4,44,6,48	BlinkStart	997953175
4,44,6,48	BlinkEnd	997956873
4	Feed	997956953
44	Feed	997957033
15,1	BlinkStart	997957193
15,1	BlinkEnd	997970104
1	0DropFeed	997970184
15	NoFeedAbort	997970264
5	BlinkStart	997980326
5	BlinkEnd	997986241
5	NoFeedLowProb	997986321
2,41	BlinkStart	997986422
2,41	BlinkEnd	997989544
2	Feed	997989625
41	Feed	997989705
5	BlinkStart	997989859
5	BlinkEnd	998003917
5	NoFeedLowProb	998003997
2,41	BlinkStart	998004080
2,41	BlinkEnd	998006924
2	Feed	998007004
41	Feed	998007084
5	BlinkStart	998007258
5	BlinkEnd	998020883
5	NoFeedLowProb	998020963
2,41	BlinkStart	998021055
2,41	BlinkEnd	998024194
2	Feed	998024274
41	Feed	998024354
30,5	BlinkStart	998024515
30,5	BlinkEnd	998038694
5	0DropFeed	998038774
30	Feed	998038854
2,41,8,52	BlinkStart	998039022
2,41,8,52	BlinkEnd	998041641
2	Feed	998041721
41	Feed	998041801
29,5	BlinkStart	998041954
29,5	BlinkEnd	998055600
5	0DropFeed	998055680
29	Feed	998055761
2,41,8,52	BlinkStart	998055909
2,41,8,52	BlinkEnd	998059034
2	Feed	998059114
41	Feed	998059194
28,5	BlinkStart	998059354
28,5	BlinkEnd	998074431
5	0DropFeed	998074511
28	Feed	998074591
2,41,8,52	BlinkStart	998074739
2,41,8,52	BlinkEnd	998077619
2	Feed	998077699
41	Feed	998077779
27,5	BlinkStart	998077918
27,5	BlinkEnd	998092303
5	0DropFeed	998092383
27	Feed	998092463
2,41,8,52	BlinkStart	998092640
2,41,8,52	BlinkEnd	998096512
8	Feed	998096592
52	Feed	998096672
26,5	BlinkStart	998096843
26,5	BlinkEnd	998104634
5	0DropFeed	998104714
26	Feed	998104794
2,41,8,52	BlinkStart	998104985
2,41,8,52	BlinkEnd	998113237
2	Feed	998113317
41	Feed	998113397
25,5	BlinkStart	998113571
25,5	BlinkEnd	998128829
5	0DropFeed	998128909
25	Feed	998128989
2,41,8,52	BlinkStart	998129155
2,41,8,52	BlinkEnd	998131950
2	Feed	998132030
41	Feed	998132110
23,5	BlinkStart	998132257
23,5	BlinkEnd	998147111
5	0DropFeed	998147191
23	NoFeedAbort	998147271
1	BlinkStart	998157333
1	BlinkEnd	998174848
1	NoFeedLowProb	998174928
4,43	BlinkStart	998175011
4,43	BlinkEnd	998178217
4	Feed	998178297
43	Feed	998178377
1	BlinkStart	998178518
1	BlinkEnd	998190198
1	NoFeedLowProb	998190279
4,43	BlinkStart	998190375
4,43	BlinkEnd	998194041
4	Feed	998194121
43	Feed	998194201
1	BlinkStart	998194350
1	BlinkEnd	998206074
1	NoFeedLowProb	998206154
4,43	BlinkStart	998206227
4,43	BlinkEnd	998217807
4	Feed	998217887
43	Feed	998217967
16,1	BlinkStart	998218107
16,1	BlinkEnd	998229900
1	0DropFeed	998229980
16	Feed	998230060
4,43,6,51	BlinkStart	998230224
4,43,6,51	BlinkEnd	998238203
6	Feed	998238283
51	Feed	998238363
15,1	BlinkStart	998238533
15,1	BlinkEnd	998280562
1	0DropFeed	998280642
15	NoFeedAbort	998280723
5	BlinkStart	998290784
5	BlinkEnd	998293255
5	NoFeedLowProb	998293335
8,52	BlinkStart	998293412
8,52	BlinkEnd	998297046
8	Feed	998297126
52	Feed	998297206
5	BlinkStart	998297362
5	BlinkEnd	998319186
5	NoFeedLowProb	998319266
8,52	BlinkStart	998319365
8,52	BlinkEnd	998332063
8	Feed	998332143
52	Feed	998332223
5	BlinkStart	998332401
5	BlinkEnd	998349755
5	NoFeedLowProb	998349835
8,52	BlinkStart	998349930
8,52	BlinkEnd	998364494
8	Feed	998364574
52	Feed	998364654
30,5	BlinkStart	998364790
30,5	BlinkEnd	998380375
5	0DropFeed	998380455
30	Feed	998380535
8,52,2,39	BlinkStart	998380703
8,52,2,39	BlinkEnd	998385067
2	Feed	998385147
39	Feed	998385227
29,5	BlinkStart	998385375
29,5	BlinkEnd	998397823
5	0DropFeed	998397903
29	Feed	998397983
8,52,2,39	BlinkStart	998398159
8,52,2,39	BlinkEnd	998402096
2	Feed	998402176
39	Feed	998402256
28,5	BlinkStart	998402416
28,5	BlinkEnd	998414669
5	0DropFeed	998414749
28	Feed	998414829
8,52,2,39	BlinkStart	998414990
8,52,2,39	BlinkEnd	998419482
2	Feed	998419562
39	Feed	998419642
27,5	BlinkStart	998419799
27,5	BlinkEnd	998433682
5	0DropFeed	998433762
27	Feed	998433842
8,52,2,39	BlinkStart	998434012
8,52,2,39	BlinkEnd	998446317
2	Feed	998446397
39	Feed	998446478
26,5	BlinkStart	998446634
26,5	BlinkEnd	998458530
5	0DropFeed	998458610
26	Feed	998458690
8,52,2,39	BlinkStart	998458875
8,52,2,39	BlinkEnd	998463102
2	Feed	998463182
39	Feed	998463262
25,5	BlinkStart	998463415
25,5	BlinkEnd	998474955
5	0DropFeed	998475035
25	Feed	998475115
8,52,2,39	BlinkStart	998475282
8,52,2,39	BlinkEnd	998479769
2	Feed	998479849
39	Feed	998479929
23,5	BlinkStart	998480083
23,5	BlinkEnd	998493434
5	0DropFeed	998493514
23	NoFeedAbort	998493594
1	BlinkStart	998503669
1	BlinkEnd	998537106
1	NoFeedLowProb	998537186
4,46	BlinkStart	998537289
4,46	BlinkEnd	998540781
4	Feed	998540861
46	Feed	998540941
1	BlinkStart	998541105
1	BlinkEnd	998558044
1	NoFeedLowProb	998558124
4,46	BlinkStart	998558211
4,46	BlinkEnd	998562918
4	Feed	998562998
46	Feed	998563078
1	BlinkStart	998563230
1	BlinkEnd	998580547
1	NoFeedLowProb	998580627
4,46	BlinkStart	998580708
4,46	BlinkEnd	998593002
4	Feed	998593082
46	Feed	998593163
16,1	BlinkStart	998593317
16,1	BlinkEnd	998613518
1	0DropFeed	998613598
16	Feed	998613678
4,46,6	BlinkStart	998613839
4,46,6	BlinkEnd	998617849
4	Feed	998617930
46	Feed	998618010
15,1	BlinkStart	998618163
15,1	BlinkEnd	998634214
1	0DropFeed	998634294
15	NoFeedAbort	998634374
5	BlinkStart	998644441
5	BlinkEnd	998647391
5	NoFeedLowProb	998647471
2,38	BlinkStart	998647550
2,38	BlinkEnd	998656356
2	Feed	998656436
38	Feed	998656516
5	BlinkStart	998656655
5	BlinkEnd	998665686
5	NoFeedLowProb	998665766
2,38	BlinkStart	998665849
2,38	BlinkEnd	998675127
2	Feed	998675207
38	Feed	998675288
5	BlinkStart	998675440
5	BlinkEnd	998685776
5	NoFeedLowProb	998685856
2,38	BlinkStart	998685939
2,38	BlinkEnd	998699615
2	Feed	998699695
38	Feed	998699776
30,5	BlinkStart	998699928
30,5	BlinkEnd	998710143
5	0DropFeed	998710223
30	Feed	998710303
2,38,8,56	BlinkStart	998710478
2,38,8,56	BlinkEnd	998717665
8	Feed	998717745
56	Feed	998717825
29,5	BlinkStart	998717998
29,5	BlinkEnd	998748712
5	0DropFeed	998748792
29	Feed	998748872
2,38,8,56	BlinkStart	998749044
2,38,8,56	BlinkEnd	998763392
2	Feed	998763472
38	Feed	998763552
28,5	BlinkStart	998763715
28,5	BlinkEnd	998776932
5	0DropFeed	998777012
28	Feed	998777092
2,38,8,56	BlinkStart	998777247
2,38,8,56	BlinkEnd	998793414
8	Feed	998793494
56	Feed	998793574
27,5	BlinkStart	998793725
27,5	BlinkEnd	998811164
5	0DropFeed	998811244
27	Feed	998811325
2,38,8,56	BlinkStart	998811490
2,38,8,56	BlinkEnd	998816096
8	Feed	998816176
56	Feed	998816257
26,5	BlinkStart	998816411
26,5	BlinkEnd	998834507
5	0DropFeed	998834587
26	Feed	998834667
2,38,8,56	BlinkStart	998834822
2,38,8,56	BlinkEnd	998838719
8	Feed	998838799
56	Feed	998838879
25,5	BlinkStart	998839037
25,5	BlinkEnd	998854663
5	0DropFeed	998854744
25	Feed	998854825
2,38,8,56	BlinkStart	998854990
2,38,8,56	BlinkEnd	998895455
2	Feed	998895535
38	Feed	998895615
23,5	BlinkStart	998895756
23,5	BlinkEnd	998921760
5	0DropFeed	998921840
23	NoFeedAbort	998921920
1	BlinkStart	998932003
1	BlinkEnd	998994489
1	NoFeedLowProb	998994569
4,45	BlinkStart	998994661
4,45	BlinkEnd	998998767
4	Feed	998998847
45	Feed	998998927
1	BlinkStart	998999082
1	BlinkEnd	999022585
1	NoFeedLowProb	999022665
4,45	BlinkStart	999022733
4,45	BlinkEnd	999050985
4	Feed	999051065
45	Feed	999051146
1	BlinkStart	999051306
1	BlinkEnd	999078479
1	NoFeedLowProb	999078560
4,45	BlinkStart	999078643
4,45	BlinkEnd	999082811
4	Feed	999082891
45	Feed	999082971
16,1	BlinkStart	999083138
16,1	BlinkEnd	999099176
1	0DropFeed	999099256
16	Feed	999099336
4,45,6,47	BlinkStart	999099502
4,45,6,47	BlinkEnd	999104292
6	Feed	999104372
47	Feed	999104452
15,1	BlinkStart	999104631
15,1	BlinkEnd	999153085
1	0DropFeed	999153165
15	NoFeedAbort	999153245
5	BlinkStart	999163311
5	BlinkEnd	999189606
5	NoFeedLowProb	999189686
2	BlinkStart	999189751
2	BlinkEnd	999194840
2	0DropFeed	999194921
5	BlinkStart	999195084
5	BlinkEnd	999203578
5	NoFeedLowProb	999203658
2	BlinkStart	999203776
2	BlinkEnd	999219753
2	0DropFeed	999219834
5	BlinkStart	999220024
5	BlinkEnd	999227810
5	NoFeedLowProb	999227890
2	BlinkStart	999227988
2	BlinkEnd	999341705
2	0DropFeed	999341785
30,5	BlinkStart	999341954
30,5	BlinkEnd	999354460
5	0DropFeed	999354540
30	Feed	999354620
8,55,2	BlinkStart	999354774
8,55,2	BlinkEnd	999464445
8	Feed	999464525
55	Feed	999464605
29,5	BlinkStart	999464776
29,5	BlinkEnd	999491216
5	0DropFeed	999491296
29	Feed	999491376
8,55,2	BlinkStart	999491547
8,55,2	BlinkEnd	999497364
8	Feed	999497444
55	Feed	999497524
28,5	BlinkStart	999497708
28,5	BlinkEnd	999514381
5	0DropFeed	999514461
28	Feed	999514541
8,55,2	BlinkStart	999514699
8,55,2	BlinkEnd	999519193
2	0DropFeed	999519273
27,5	BlinkStart	999519441
27,5	BlinkEnd	999525091
5	0DropFeed	999525171
27	Feed	999525251
8,55,2	BlinkStart	999525442
8,55,2	BlinkEnd	999539005
8	Feed	999539085
55	Feed	999539166
26,5	BlinkStart	999539336
26,5	BlinkEnd	999562695
5	0DropFeed	999562775
26	Feed	999562855
8,55,2	BlinkStart	999563038
8,55,2	BlinkEnd	999632909
8	Feed	999632989
55	Feed	999633070
25,5	BlinkStart	999633224
25,5	BlinkEnd	999654930
5	0DropFeed	999655010
25	Feed	999655090
8,55,2	BlinkStart	999655236
8,55,2	BlinkEnd	999661727
8	Feed	999661807
55	Feed	999661887
23,5	BlinkStart	999662036
23,5	BlinkEnd	999679897
5	0DropFeed	999679977
23	NoFeedAbort	999680057
1	BlinkStart	999690117
1	BlinkEnd	999777307
1	NoFeedLowProb	999777387
6,47	BlinkStart	999777497
6,47	BlinkEnd	999782300
6	Feed	999782380
47	Feed	999782460
1	BlinkStart	999782632
1	BlinkEnd	999794693
1	NoFeedLowProb	999794773
6,47	BlinkStart	999794841
6,47	BlinkEnd	1000004612
6	Feed	1000004692
47	Feed	1000004772
1	BlinkStart	1000004924
1	BlinkEnd	1000024768
1	NoFeedLowProb	1000024848
6,47	BlinkStart	1000024944
6,47	BlinkEnd	1000137336
0	StopTraining	1000137416
0	StopTraining	1000137416
0	StopTraining	1000137417
0	StopTraining	1000137418
0	StopTraining	1000137419
0	StopTraining	1000137419
0	StopTraining	1000137420
0	StopTraining	1000137420
0	StopTraining	1000137421
0	StopTraining	1000137421
