Wednesday, October 7, 2020	1:04:29 PM	Game1.txt	755609138
Cued	Now	755656840
9	BlinkStart	755656879
9	BlinkEnd	756012538
9	NoFeedLowProb	756012618
23,5	BlinkStart	756012633
23,5	BlinkEnd	756023291
5	0DropFeed	756023371
23	NoFeedAbort	756023451
1	BlinkStart	756033476
1	BlinkEnd	756060655
1	NoFeedLowProb	756060736
4,46	BlinkStart	756060776
4,46	BlinkEnd	756066606
4	Feed	756066686
46	Feed	756066767
1	BlinkStart	756066868
1	BlinkEnd	756086389
1	NoFeedLowProb	756086469
4,46	BlinkStart	756086499
4,46	BlinkEnd	756090735
4	Feed	756090815
46	Feed	756090896
1	BlinkStart	756090982
1	BlinkEnd	756110592
1	NoFeedLowProb	756110672
4,46	BlinkStart	756110704
4,46	BlinkEnd	756114729
4	Feed	756114809
46	Feed	756114890
22,1	BlinkStart	756114993
22,1	BlinkEnd	756130371
1	0DropFeed	756130451
22	Feed	756130532
4,46,6,50	BlinkStart	756130643
4,46,6,50	BlinkEnd	756133980
4	Feed	756134060
46	Feed	756134140
22,1	BlinkStart	756134227
22,1	BlinkEnd	756147415
1	0DropFeed	756147495
22	Feed	756147575
4,46,6,50	BlinkStart	756147686
4,46,6,50	BlinkEnd	756151296
6	Feed	756151376
50	Feed	756151456
22,1	BlinkStart	756151545
22,1	BlinkEnd	756175020
1	0DropFeed	756175100
22	Feed	756175180
4,46,6,50	BlinkStart	756175292
4,46,6,50	BlinkEnd	756179632
4	Feed	756179712
46	Feed	756179792
22,1	BlinkStart	756179899
22,1	BlinkEnd	756200286
1	0DropFeed	756200366
22	Feed	756200446
4,46,6,50	BlinkStart	756200533
4,46,6,50	BlinkEnd	756203761
4	Feed	756203842
46	Feed	756203922
22,1	BlinkStart	756204024
22,1	BlinkEnd	756217197
1	0DropFeed	756217277
22	Feed	756217357
4,46,6,50	BlinkStart	756217453
4,46,6,50	BlinkEnd	756220740
4	Feed	756220820
46	Feed	756220900
22,1	BlinkStart	756221003
22,1	BlinkEnd	756233506
1	0DropFeed	756233586
22	Feed	756233666
4,46,6,50	BlinkStart	756233773
4,46,6,50	BlinkEnd	756237116
6	Feed	756237197
50	Feed	756237277
22,1	BlinkStart	756237368
22,1	BlinkEnd	756251419
1	0DropFeed	756251499
22	Feed	756251579
4,46,6,50	BlinkStart	756251667
4,46,6,50	BlinkEnd	756254561
4	Feed	756254641
46	Feed	756254721
22,1	BlinkStart	756254807
22,1	BlinkEnd	756267663
1	0DropFeed	756267743
22	Feed	756267823
4,46,6,50	BlinkStart	756267935
4,46,6,50	BlinkEnd	756270737
4	Feed	756270817
46	Feed	756270897
22,1	BlinkStart	756271002
22,1	BlinkEnd	756311509
1	0DropFeed	756311589
22	Feed	756311669
4,46,6,50	BlinkStart	756311757
4,46,6,50	BlinkEnd	756314851
4	Feed	756314931
46	Feed	756315011
21,1	BlinkStart	756315114
21,1	BlinkEnd	756327020
1	0DropFeed	756327100
21	Feed	756327180
4,46,6,50	BlinkStart	756327267
4,46,6,50	BlinkEnd	756330093
4	Feed	756330173
46	Feed	756330253
20,1	BlinkStart	756330346
20,1	BlinkEnd	756341654
1	0DropFeed	756341734
20	Feed	756341814
4,46,6,50	BlinkStart	756341974
4,46,6,50	BlinkEnd	756344863
4	Feed	756344943
46	Feed	756345023
19,1	BlinkStart	756345177
19,1	BlinkEnd	756356426
1	0DropFeed	756356506
19	Feed	756356587
4,46,6,50	BlinkStart	756356753
4,46,6,50	BlinkEnd	756360436
6	Feed	756360517
50	Feed	756360597
18,1	BlinkStart	756360749
18,1	BlinkEnd	756372001
1	0DropFeed	756372081
18	Feed	756372161
4,46,6,50	BlinkStart	756372334
4,46,6,50	BlinkEnd	756375215
4	Feed	756375295
46	Feed	756375376
17,1	BlinkStart	756375547
17,1	BlinkEnd	756389447
1	0DropFeed	756389527
17	Feed	756389607
4,46,6,50	BlinkStart	756389754
4,46,6,50	BlinkEnd	756392521
4	Feed	756392601
46	Feed	756392681
16,1	BlinkStart	756392882
16,1	BlinkEnd	756404820
1	0DropFeed	756404900
16	Feed	756404980
4,46,6,50	BlinkStart	756405148
4,46,6,50	BlinkEnd	756408428
4	Feed	756408508
46	Feed	756408588
14,1	BlinkStart	756408743
14,1	BlinkEnd	756424403
1	0DropFeed	756424483
14	NoFeedAbort	756424563
5	BlinkStart	756434631
5	BlinkEnd	756434898
5	NoFeedLowProb	756434978
2,40	BlinkStart	756435049
2,40	BlinkEnd	756439041
2	Feed	756439121
40	Feed	756439201
5	BlinkStart	756439346
5	BlinkEnd	756451073
5	NoFeedLowProb	756451153
2,40	BlinkStart	756451231
2,40	BlinkEnd	756454082
2	Feed	756454162
40	Feed	756454243
5	BlinkStart	756454405
5	BlinkEnd	756465978
5	NoFeedLowProb	756466058
2,40	BlinkStart	756466138
2,40	BlinkEnd	756468919
2	Feed	756468999
40	Feed	756469079
31,5	BlinkStart	756469243
31,5	BlinkEnd	756483223
5	0DropFeed	756483303
31	Feed	756483383
2,40,8,56	BlinkStart	756483550
2,40,8,56	BlinkEnd	756486431
2	Feed	756486511
40	Feed	756486591
31,5	BlinkStart	756486748
31,5	BlinkEnd	756499266
5	0DropFeed	756499346
31	Feed	756499426
2,40,8,56	BlinkStart	756499600
2,40,8,56	BlinkEnd	756502607
2	Feed	756502687
40	Feed	756502767
31,5	BlinkStart	756502924
31,5	BlinkEnd	756515374
5	0DropFeed	756515454
31	Feed	756515534
2,40,8,56	BlinkStart	756515698
2,40,8,56	BlinkEnd	756518315
2	Feed	756518396
40	Feed	756518476
31,5	BlinkStart	756518624
31,5	BlinkEnd	756544384
5	0DropFeed	756544464
31	Feed	756544544
2,40,8,56	BlinkStart	756544696
2,40,8,56	BlinkEnd	756547725
2	Feed	756547805
40	Feed	756547885
31,5	BlinkStart	756548028
31,5	BlinkEnd	756560090
5	0DropFeed	756560170
31	Feed	756560250
2,40,8,56	BlinkStart	756560422
2,40,8,56	BlinkEnd	756563507
8	Feed	756563587
56	Feed	756563667
31,5	BlinkStart	756563811
31,5	BlinkEnd	756582683
5	0DropFeed	756582763
31	Feed	756582843
2,40,8,56	BlinkStart	756583017
2,40,8,56	BlinkEnd	756586224
8	Feed	756586304
56	Feed	756586384
31,5	BlinkStart	756586549
31,5	BlinkEnd	756598323
5	0DropFeed	756598403
31	Feed	756598484
2,40,8,56	BlinkStart	756598638
2,40,8,56	BlinkEnd	756601539
2	Feed	756601619
40	Feed	756601699
31,5	BlinkStart	756601849
31,5	BlinkEnd	756612847
5	0DropFeed	756612927
31	Feed	756613007
2,40,8,56	BlinkStart	756613178
2,40,8,56	BlinkEnd	756615903
2	Feed	756615983
40	Feed	756616063
31,5	BlinkStart	756616230
31,5	BlinkEnd	756627000
5	0DropFeed	756627080
31	Feed	756627160
2,40,8,56	BlinkStart	756627327
2,40,8,56	BlinkEnd	756630346
8	Feed	756630426
56	Feed	756630506
30,5	BlinkStart	756630655
30,5	BlinkEnd	756645180
5	0DropFeed	756645260
30	Feed	756645340
2,40,8,56	BlinkStart	756645490
2,40,8,56	BlinkEnd	756648323
2	Feed	756648403
40	Feed	756648483
29,5	BlinkStart	756648626
29,5	BlinkEnd	756661154
5	0DropFeed	756661234
29	Feed	756661314
2,40,8,56	BlinkStart	756661473
2,40,8,56	BlinkEnd	756664430
2	Feed	756664510
40	Feed	756664590
28,5	BlinkStart	756664738
28,5	BlinkEnd	756677403
5	0DropFeed	756677483
28	Feed	756677563
2,40,8,56	BlinkStart	756677731
2,40,8,56	BlinkEnd	756680671
2	Feed	756680751
40	Feed	756680831
27,5	BlinkStart	756680979
27,5	BlinkEnd	756694114
5	0DropFeed	756694195
27	Feed	756694275
2,40,8,56	BlinkStart	756694446
2,40,8,56	BlinkEnd	756697316
8	Feed	756697396
56	Feed	756697476
26,5	BlinkStart	756697655
26,5	BlinkEnd	756711218
5	0DropFeed	756711298
26	Feed	756711378
2,40,8,56	BlinkStart	756711543
2,40,8,56	BlinkEnd	756715028
2	Feed	756715108
40	Feed	756715188
25,5	BlinkStart	756715352
25,5	BlinkEnd	756727259
5	0DropFeed	756727339
25	Feed	756727419
2,40,8,56	BlinkStart	756727585
2,40,8,56	BlinkEnd	756730937
2	Feed	756731017
40	Feed	756731097
23,5	BlinkStart	756731240
23,5	BlinkEnd	756743035
5	0DropFeed	756743116
23	NoFeedAbort	756743197
1	BlinkStart	756753260
1	BlinkEnd	756755132
1	NoFeedLowProb	756755212
6	BlinkStart	756755294
6	BlinkEnd	756758682
6	0DropFeed	756758763
1	BlinkStart	756758943
1	BlinkEnd	756768705
1	NoFeedLowProb	756768785
6	BlinkStart	756768872
6	BlinkEnd	756772443
6	0DropFeed	756772523
1	BlinkStart	756772714
1	BlinkEnd	756779463
1	NoFeedLowProb	756779544
6	BlinkStart	756779631
6	BlinkEnd	756782938
6	0DropFeed	756783019
22,1	BlinkStart	756783172
22,1	BlinkEnd	756794369
1	0DropFeed	756794449
22	Feed	756794529
4,43,6	BlinkStart	756794673
4,43,6	BlinkEnd	756797377
4	Feed	756797457
43	Feed	756797537
22,1	BlinkStart	756797688
22,1	BlinkEnd	756807535
1	0DropFeed	756807615
22	Feed	756807695
4,43,6	BlinkStart	756807856
4,43,6	BlinkEnd	756810877
4	Feed	756810957
43	Feed	756811037
22,1	BlinkStart	756811195
22,1	BlinkEnd	756821171
1	0DropFeed	756821251
22	Feed	756821331
4,43,6	BlinkStart	756821497
4,43,6	BlinkEnd	756824716
4	Feed	756824796
43	Feed	756824876
22,1	BlinkStart	756825017
22,1	BlinkEnd	756834941
1	0DropFeed	756835021
22	Feed	756835101
4,43,6	BlinkStart	756835247
4,43,6	BlinkEnd	756839019
6	0DropFeed	756839099
22,1	BlinkStart	756839262
22,1	BlinkEnd	756845768
1	0DropFeed	756845848
22	Feed	756845928
4,43,6	BlinkStart	756846089
4,43,6	BlinkEnd	756849981
6	0DropFeed	756850061
22,1	BlinkStart	756850219
22,1	BlinkEnd	756858406
1	0DropFeed	756858486
22	Feed	756858566
4,43,6	BlinkStart	756858742
4,43,6	BlinkEnd	756862218
4	Feed	756862298
43	Feed	756862378
22,1	BlinkStart	756862555
22,1	BlinkEnd	756873053
1	0DropFeed	756873133
22	Feed	756873213
4,43,6	BlinkStart	756873378
4,43,6	BlinkEnd	756876517
4	Feed	756876597
43	Feed	756876677
22,1	BlinkStart	756876827
22,1	BlinkEnd	756887477
1	0DropFeed	756887557
22	Feed	756887637
4,43,6	BlinkStart	756887792
4,43,6	BlinkEnd	756891490
6	0DropFeed	756891570
22,1	BlinkStart	756891757
22,1	BlinkEnd	756897438
1	0DropFeed	756897518
22	Feed	756897598
4,43,6	BlinkStart	756897756
4,43,6	BlinkEnd	756902584
4	Feed	756902664
43	Feed	756902744
21,1	BlinkStart	756902891
21,1	BlinkEnd	756914816
1	0DropFeed	756914896
21	Feed	756914976
4,43,6	BlinkStart	756915137
4,43,6	BlinkEnd	756919360
6	0DropFeed	756919440
20,1	BlinkStart	756919607
20,1	BlinkEnd	756930395
1	0DropFeed	756930475
20	Feed	756930555
4,43,6	BlinkStart	756930707
4,43,6	BlinkEnd	756935602
4	Feed	756935682
43	Feed	756935762
19,1	BlinkStart	756935908
19,1	BlinkEnd	756948777
1	0DropFeed	756948857
19	Feed	756948937
4,43,6	BlinkStart	756949101
4,43,6	BlinkEnd	756952513
4	Feed	756952593
43	Feed	756952673
18,1	BlinkStart	756952839
18,1	BlinkEnd	756963410
1	0DropFeed	756963490
18	Feed	756963570
4,43,6	BlinkStart	756963814
4,43,6	BlinkEnd	756968021
4	Feed	756968101
43	Feed	756968181
17,1	BlinkStart	756968355
17,1	BlinkEnd	756980052
1	0DropFeed	756980132
17	Feed	756980212
4,43,6	BlinkStart	756980364
4,43,6	BlinkEnd	756984329
4	Feed	756984409
43	Feed	756984489
16,1	BlinkStart	756984630
16,1	BlinkEnd	756995960
1	0DropFeed	756996040
16	Feed	756996120
4,43,6	BlinkStart	756996276
4,43,6	BlinkEnd	757000239
4	Feed	757000319
43	Feed	757000399
14,1	BlinkStart	757000573
14,1	BlinkEnd	757079579
1	0DropFeed	757079659
14	NoFeedAbort	757079739
5	BlinkStart	757089823
5	BlinkEnd	757101301
5	NoFeedLowProb	757101382
2,38	BlinkStart	757101479
2,38	BlinkEnd	757104980
2	Feed	757105060
38	Feed	757105140
5	BlinkStart	757105312
5	BlinkEnd	757120217
5	NoFeedLowProb	757120298
2,38	BlinkStart	757120377
2,38	BlinkEnd	757123626
2	Feed	757123707
38	Feed	757123787
5	BlinkStart	757123972
5	BlinkEnd	757134922
5	NoFeedLowProb	757135002
2,38	BlinkStart	757135095
2,38	BlinkEnd	757138598
2	Feed	757138678
38	Feed	757138758
31,5	BlinkStart	757138910
31,5	BlinkEnd	757149829
5	0DropFeed	757149909
31	Feed	757149990
2,38,8,56	BlinkStart	757150174
2,38,8,56	BlinkEnd	757153370
8	Feed	757153450
56	Feed	757153530
31,5	BlinkStart	757153703
31,5	BlinkEnd	757169747
5	0DropFeed	757169827
31	Feed	757169907
2,38,8,56	BlinkStart	757170066
2,38,8,56	BlinkEnd	757173691
2	Feed	757173771
38	Feed	757173851
31,5	BlinkStart	757174020
31,5	BlinkEnd	757184452
5	0DropFeed	757184532
31	Feed	757184612
2,38,8,56	BlinkStart	757184785
2,38,8,56	BlinkEnd	757187862
2	Feed	757187942
38	Feed	757188022
31,5	BlinkStart	757188195
31,5	BlinkEnd	757199291
5	0DropFeed	757199371
31	Feed	757199451
2,38,8,56	BlinkStart	757199635
2,38,8,56	BlinkEnd	757202968
2	Feed	757203048
38	Feed	757203128
31,5	BlinkStart	757203269
31,5	BlinkEnd	757214598
5	0DropFeed	757214678
31	Feed	757214758
2,38,8,56	BlinkStart	757214938
2,38,8,56	BlinkEnd	757218207
8	Feed	757218287
56	Feed	757218367
31,5	BlinkStart	757218533
31,5	BlinkEnd	757234315
5	0DropFeed	757234395
31	Feed	757234475
2,38,8,56	BlinkStart	757234623
2,38,8,56	BlinkEnd	757238060
2	Feed	757238140
38	Feed	757238220
31,5	BlinkStart	757238361
31,5	BlinkEnd	757250023
5	0DropFeed	757250103
31	Feed	757250183
2,38,8,56	BlinkStart	757250338
2,38,8,56	BlinkEnd	757254033
8	Feed	757254113
56	Feed	757254193
31,5	BlinkStart	757254360
31,5	BlinkEnd	757270816
5	0DropFeed	757270897
31	Feed	757270977
2,38,8,56	BlinkStart	757271149
2,38,8,56	BlinkEnd	757274894
2	Feed	757274974
38	Feed	757275054
31,5	BlinkStart	757275215
31,5	BlinkEnd	757677084
5	0DropFeed	757677164
31	Feed	757677244
2,38,8,56	BlinkStart	757677406
2,38,8,56	BlinkEnd	757680880
8	Feed	757680960
56	Feed	757681040
30,5	BlinkStart	757681188
30,5	BlinkEnd	757698058
5	0DropFeed	757698138
30	Feed	757698218
2,38,8,56	BlinkStart	757698393
2,38,8,56	BlinkEnd	757701534
8	Feed	757701614
56	Feed	757701694
29,5	BlinkStart	757701836
29,5	BlinkEnd	757729548
5	0DropFeed	757729628
29	Feed	757729708
2,38,8,56	BlinkStart	757729862
2,38,8,56	BlinkEnd	757733352
8	Feed	757733433
56	Feed	757733513
28,5	BlinkStart	757733660
28,5	BlinkEnd	757755146
5	0DropFeed	757755227
28	Feed	757755308
2,38,8,56	BlinkStart	757755460
2,38,8,56	BlinkEnd	757758750
8	Feed	757758830
56	Feed	757758910
27,5	BlinkStart	757759063
27,5	BlinkEnd	757774190
5	0DropFeed	757774270
27	Feed	757774351
2,38,8,56	BlinkStart	757774510
2,38,8,56	BlinkEnd	757777933
8	Feed	757778013
56	Feed	757778094
26,5	BlinkStart	757778245
26,5	BlinkEnd	757794523
5	0DropFeed	757794603
26	Feed	757794683
2,38,8,56	BlinkStart	757794845
2,38,8,56	BlinkEnd	757797850
8	Feed	757797931
56	Feed	757798011
25,5	BlinkStart	757798164
25,5	BlinkEnd	757813493
5	0DropFeed	757813573
25	Feed	757813653
2,38,8,56	BlinkStart	757813811
2,38,8,56	BlinkEnd	757816901
8	Feed	757816981
56	Feed	757817061
23,5	BlinkStart	757817209
23,5	BlinkEnd	757832608
5	0DropFeed	757832688
23	NoFeedAbort	757832768
1	BlinkStart	757842832
1	BlinkEnd	757880801
1	NoFeedLowProb	757880882
4,44	BlinkStart	757880960
4,44	BlinkEnd	757884612
4	Feed	757884692
44	Feed	757884773
1	BlinkStart	757884929
1	BlinkEnd	757897377
1	NoFeedLowProb	757897457
4,44	BlinkStart	757897528
4,44	BlinkEnd	757901188
4	Feed	757901268
44	Feed	757901348
1	BlinkStart	757901492
1	BlinkEnd	757914355
1	NoFeedLowProb	757914435
4,44	BlinkStart	757914502
4,44	BlinkEnd	757918231
4	Feed	757918311
44	Feed	757918391
22,1	BlinkStart	757918542
22,1	BlinkEnd	757930999
1	0DropFeed	757931080
22	Feed	757931160
4,44,6,48	BlinkStart	757931336
4,44,6,48	BlinkEnd	757934809
6	Feed	757934889
48	Feed	757934969
22,1	BlinkStart	757935125
22,1	BlinkEnd	757948445
1	0DropFeed	757948526
22	Feed	757948606
4,44,6,48	BlinkStart	757948775
4,44,6,48	BlinkEnd	757952121
4	Feed	757952201
44	Feed	757952281
22,1	BlinkStart	757952431
22,1	BlinkEnd	757964017
1	0DropFeed	757964097
22	Feed	757964177
4,44,6,48	BlinkStart	757964342
4,44,6,48	BlinkEnd	757967762
4	Feed	757967842
44	Feed	757967923
22,1	BlinkStart	757968076
22,1	BlinkEnd	757980927
1	0DropFeed	757981007
22	Feed	757981087
4,44,6,48	BlinkStart	757981247
4,44,6,48	BlinkEnd	757985407
6	Feed	757985487
48	Feed	757985567
22,1	BlinkStart	757985715
22,1	BlinkEnd	758002451
1	0DropFeed	758002531
22	Feed	758002611
4,44,6,48	BlinkStart	758002764
4,44,6,48	BlinkEnd	758005660
4	Feed	758005740
44	Feed	758005820
22,1	BlinkStart	758005980
22,1	BlinkEnd	758017559
1	0DropFeed	758017639
22	Feed	758017719
4,44,6,48	BlinkStart	758017879
4,44,6,48	BlinkEnd	758022704
6	Feed	758022784
48	Feed	758022864
22,1	BlinkStart	758023008
22,1	BlinkEnd	758037610
1	0DropFeed	758037690
22	Feed	758037770
4,44,6,48	BlinkStart	758037940
4,44,6,48	BlinkEnd	758041286
4	Feed	758041366
44	Feed	758041446
22,1	BlinkStart	758041590
22,1	BlinkEnd	758053985
1	0DropFeed	758054065
22	Feed	758054145
4,44,6,48	BlinkStart	758054310
4,44,6,48	BlinkEnd	758057996
6	Feed	758058076
48	Feed	758058156
22,1	BlinkStart	758058306
22,1	BlinkEnd	758071299
1	0DropFeed	758071379
22	Feed	758071460
4,44,6,48	BlinkStart	758071628
4,44,6,48	BlinkEnd	758076377
4	Feed	758076457
44	Feed	758076537
21,1	BlinkStart	758076697
21,1	BlinkEnd	758091283
1	0DropFeed	758091363
21	Feed	758091443
4,44,6,48	BlinkStart	758091597
4,44,6,48	BlinkEnd	758095493
6	Feed	758095574
48	Feed	758095654
20,1	BlinkStart	758095805
20,1	BlinkEnd	758891635
1	0DropFeed	758891715
20	Feed	758891795
4,44,6,48	BlinkStart	758891975
4,44,6,48	BlinkEnd	758897518
4	Feed	758897598
44	Feed	758897678
19,1	BlinkStart	758897830
19,1	BlinkEnd	758911019
1	0DropFeed	758911099
19	Feed	758911179
4,44,6,48	BlinkStart	758911346
4,44,6,48	BlinkEnd	758916846
6	Feed	758916926
48	Feed	758917006
18,1	BlinkStart	758917207
18,1	BlinkEnd	758931805
1	0DropFeed	758931885
18	Feed	758931965
4,44,6,48	BlinkStart	758932122
4,44,6,48	BlinkEnd	758936019
6	Feed	758936099
48	Feed	758936179
17,1	BlinkStart	758936323
17,1	BlinkEnd	758972044
1	0DropFeed	758972124
17	Feed	758972204
4,44,6,48	BlinkStart	758972377
4,44,6,48	BlinkEnd	758976322
4	Feed	758976402
44	Feed	758976482
16,1	BlinkStart	758976637
16,1	BlinkEnd	758991629
1	0DropFeed	758991709
16	Feed	758991789
4,44,6,48	BlinkStart	758991958
4,44,6,48	BlinkEnd	758996175
4	Feed	758996255
44	Feed	758996335
14,1	BlinkStart	758996476
14,1	BlinkEnd	759010545
1	0DropFeed	759010625
14	NoFeedAbort	759010705
0	StopTraining	759020706
0	StopTraining	759020706
0	StopTraining	759020707
0	StopTraining	759020707
0	StopTraining	759020708
0	StopTraining	759020709
0	StopTraining	759020709
0	StopTraining	759020710
5	BlinkStart	759020778
5	BlinkEnd	759021042
