Ver1.3	1003887668	StartFile	8/31/2020	9:57:36 AM	E:\BehavioralExperiments\Twenty\Horizon\RawData\083120\SoundData.txt	1003887668
1004220921	Triggered	5,23,24,25,26,27,28,29,30,31,	 NoSound	40	2	1004220921
1004221122	Triggered	5,23,24,25,26,27,28,29,30,31,	 StopSoundShort	40	2	1004221122
1004278806	Triggered	1,14,15,16,17,18,19,20,21,22,	 NoSound	40	2	1004278806
1004285889	Triggered	6,47,48,49,50,51,	 NoSound	40	2	1004285889
1004286090	Triggered	6,47,48,49,50,51,	 File_beep1	40	2	1004286090
1004310553	Triggered	1,14,15,16,17,18,19,20,21,22,	 NoSound	40	2	1004310553
1004317973	Triggered	6,47,48,49,50,51,	 NoSound	40	2	1004317973
1004318185	Triggered	6,47,48,49,50,51,	 File_beep1	40	2	1004318185
1004328466	Triggered	1,14,15,16,17,18,19,20,21,22,	 NoSound	40	2	1004328466
1004335486	Triggered	6,47,48,49,50,51,	 NoSound	40	2	1004335486
1004335686	Triggered	6,47,48,49,50,51,	 File_beep1	40	2	1004335686
1004343173	Triggered	1,14,15,16,17,18,19,20,21,22,	 NoSound	40	2	1004343173
1004351066	Triggered	4,42,43,44,45,46,	 NoSound	40	2	1004351066
1004351267	Triggered	4,42,43,44,45,46,	 File_beep2	40	2	1004351267
1004370325	Triggered	1,14,15,16,17,18,19,20,21,22,	 NoSound	40	2	1004370325
1004370527	Triggered	1,14,15,16,17,18,19,20,21,22,	 PureTone-1kHz	40	2	1004370527
1004379533	Triggered	4,42,43,44,45,46,	 NoSound	40	2	1004379533
1004379746	Triggered	4,42,43,44,45,46,	 File_beep2	40	2	1004379746
1004411351	Triggered	1,14,15,16,17,18,19,20,21,22,	 NoSound	40	2	1004411351
1004411578	Triggered	1,14,15,16,17,18,19,20,21,22,	 StopSoundLong	40	2	1004411578
1004426588	Triggered	5,23,24,25,26,27,28,29,30,31,	 NoSound	40	2	1004426588
1004432896	Triggered	8,52,53,54,55,56,	 NoSound	40	2	1004432896
1004433097	Triggered	8,52,53,54,55,56,	 File_beep1	40	2	1004433097
1004462216	Triggered	5,23,24,25,26,27,28,29,30,31,	 NoSound	40	2	1004462216
1004467429	Triggered	8,52,53,54,55,56,	 NoSound	40	2	1004467429
1004467630	Triggered	8,52,53,54,55,56,	 File_beep1	40	2	1004467630
1004484674	Triggered	5,23,24,25,26,27,28,29,30,31,	 NoSound	40	2	1004484674
1004489499	Triggered	8,52,53,54,55,56,	 NoSound	40	2	1004489499
1004489699	Triggered	8,52,53,54,55,56,	 File_beep1	40	2	1004489699
1004564082	Triggered	5,23,24,25,26,27,28,29,30,31,	 NoSound	40	2	1004564082
1004567957	Triggered	8,52,53,54,55,56,	 NoSound	40	2	1004567957
1004568158	Triggered	8,52,53,54,55,56,	 File_beep1	40	2	1004568158
1004580859	Triggered	5,23,24,25,26,27,28,29,30,31,	 NoSound	40	2	1004580859
1004581062	Triggered	5,23,24,25,26,27,28,29,30,31,	 PureTone-9kHz	40	2	1004581062
1004585002	Triggered	8,52,53,54,55,56,	 NoSound	40	2	1004585002
1004585203	Triggered	8,52,53,54,55,56,	 File_beep1	40	2	1004585203
1004595163	Triggered	5,23,24,25,26,27,28,29,30,31,	 NoSound	40	2	1004595163
1004595365	Triggered	5,23,24,25,26,27,28,29,30,31,	 PureTone-7kHz	40	2	1004595365
1004599306	Triggered	8,52,53,54,55,56,	 NoSound	40	2	1004599306
1004599508	Triggered	8,52,53,54,55,56,	 File_beep1	40	2	1004599508
1004606994	Triggered	5,23,24,25,26,27,28,29,30,31,	 NoSound	40	2	1004606994
1004607209	Triggered	5,23,24,25,26,27,28,29,30,31,	 PureTone-5kHz	40	2	1004607209
1004611270	Triggered	8,52,53,54,55,56,	 NoSound	40	2	1004611270
1004611471	Triggered	8,52,53,54,55,56,	 File_beep1	40	2	1004611471
1004627246	Triggered	5,23,24,25,26,27,28,29,30,31,	 NoSound	40	2	1004627246
1004627449	Triggered	5,23,24,25,26,27,28,29,30,31,	 PureTone-3kHz	40	2	1004627449
1004631258	Triggered	8,52,53,54,55,56,	 NoSound	40	2	1004631258
1004631458	Triggered	8,52,53,54,55,56,	 File_beep1	40	2	1004631458
1004639410	Triggered	5,23,24,25,26,27,28,29,30,31,	 NoSound	40	2	1004639410
1004639613	Triggered	5,23,24,25,26,27,28,29,30,31,	 PureTone-2kHz	40	2	1004639613
1004643755	Triggered	8,52,53,54,55,56,	 NoSound	40	2	1004643755
1004643957	Triggered	8,52,53,54,55,56,	 File_beep1	40	2	1004643957
1004652311	Triggered	5,23,24,25,26,27,28,29,30,31,	 NoSound	40	2	1004652311
1004652513	Triggered	5,23,24,25,26,27,28,29,30,31,	 PureTone-1kHz	40	2	1004652513
1004657056	Triggered	8,52,53,54,55,56,	 NoSound	40	2	1004657056
1004657256	Triggered	8,52,53,54,55,56,	 File_beep1	40	2	1004657256
1004665814	Triggered	5,23,24,25,26,27,28,29,30,31,	 NoSound	40	2	1004665814
1004666015	Triggered	5,23,24,25,26,27,28,29,30,31,	 StopSoundShort	40	2	1004666015
1004683325	Triggered	1,14,15,16,17,18,19,20,21,22,	 NoSound	40	2	1004683325
1004689072	Triggered	6,47,48,49,50,51,	 NoSound	40	2	1004689072
1004689273	Triggered	6,47,48,49,50,51,	 File_beep1	40	2	1004689273
1004699367	Triggered	1,14,15,16,17,18,19,20,21,22,	 NoSound	40	2	1004699367
1004704246	Triggered	6,47,48,49,50,51,	 NoSound	40	2	1004704246
1004704448	Triggered	6,47,48,49,50,51,	 File_beep1	40	2	1004704448
1004712534	Triggered	1,14,15,16,17,18,19,20,21,22,	 NoSound	40	2	1004712534
1004717814	Triggered	4,42,43,44,45,46,	 NoSound	40	2	1004717814
1004718017	Triggered	4,42,43,44,45,46,	 File_beep3	40	2	1004718017
1004731384	Triggered	1,14,15,16,17,18,19,20,21,22,	 NoSound	40	2	1004731384
1004736598	Triggered	4,42,43,44,45,46,	 NoSound	40	2	1004736598
1004736800	Triggered	4,42,43,44,45,46,	 File_beep3	40	2	1004736800
1004753508	Triggered	1,14,15,16,17,18,19,20,21,22,	 NoSound	40	2	1004753508
1004753710	Triggered	1,14,15,16,17,18,19,20,21,22,	 PureTone-1kHz	40	2	1004753710
1004759925	Triggered	6,47,48,49,50,51,	 NoSound	40	2	1004759925
1004760138	Triggered	6,47,48,49,50,51,	 File_beep1	40	2	1004760138
1004767344	Triggered	1,14,15,16,17,18,19,20,21,22,	 NoSound	40	2	1004767344
1004767544	Triggered	1,14,15,16,17,18,19,20,21,22,	 StopSoundLong	40	2	1004767544
1004781247	Triggered	5,23,24,25,26,27,28,29,30,31,	 NoSound	40	2	1004781247
1004784789	Triggered	2,37,38,39,40,41,	 NoSound	40	2	1004784789
1004785005	Triggered	2,37,38,39,40,41,	 File_beep3	40	2	1004785005
1004804909	Triggered	5,23,24,25,26,27,28,29,30,31,	 NoSound	40	2	1004804909
1004809187	Triggered	8,52,53,54,55,56,	 NoSound	40	2	1004809187
1004809388	Triggered	8,52,53,54,55,56,	 File_beep1	40	2	1004809388
1004822354	Triggered	5,23,24,25,26,27,28,29,30,31,	 NoSound	40	2	1004822354
1004826298	Triggered	8,52,53,54,55,56,	 NoSound	40	2	1004826298
1004826499	Triggered	8,52,53,54,55,56,	 File_beep1	40	2	1004826499
1004836458	Triggered	5,23,24,25,26,27,28,29,30,31,	 NoSound	40	2	1004836458
1004840680	Triggered	8,52,53,54,55,56,	 NoSound	40	2	1004840680
1004840881	Triggered	8,52,53,54,55,56,	 File_beep1	40	2	1004840881
1004854371	Triggered	5,23,24,25,26,27,28,29,30,31,	 NoSound	40	2	1004854371
1004854575	Triggered	5,23,24,25,26,27,28,29,30,31,	 PureTone-9kHz	40	2	1004854575
1004858182	Triggered	8,52,53,54,55,56,	 NoSound	40	2	1004858182
1004858383	Triggered	8,52,53,54,55,56,	 File_beep1	40	2	1004858383
1004866804	Triggered	5,23,24,25,26,27,28,29,30,31,	 NoSound	40	2	1004866804
1004867007	Triggered	5,23,24,25,26,27,28,29,30,31,	 PureTone-7kHz	40	2	1004867007
1004870479	Triggered	8,52,53,54,55,56,	 NoSound	40	2	1004870479
1004870680	Triggered	8,52,53,54,55,56,	 File_beep1	40	2	1004870680
1004915128	Triggered	5,23,24,25,26,27,28,29,30,31,	 NoSound	40	2	1004915128
1004915347	Triggered	5,23,24,25,26,27,28,29,30,31,	 PureTone-5kHz	40	2	1004915347
1004919010	Triggered	8,52,53,54,55,56,	 NoSound	40	2	1004919010
1004919211	Triggered	8,52,53,54,55,56,	 File_beep1	40	2	1004919211
1004928830	Triggered	5,23,24,25,26,27,28,29,30,31,	 NoSound	40	2	1004928830
1004929034	Triggered	5,23,24,25,26,27,28,29,30,31,	 PureTone-3kHz	40	2	1004929034
1004932843	Triggered	8,52,53,54,55,56,	 NoSound	40	2	1004932843
1004933043	Triggered	8,52,53,54,55,56,	 File_beep1	40	2	1004933043
1004940595	Triggered	5,23,24,25,26,27,28,29,30,31,	 NoSound	40	2	1004940595
1004940798	Triggered	5,23,24,25,26,27,28,29,30,31,	 PureTone-2kHz	40	2	1004940798
1004945942	Triggered	8,52,53,54,55,56,	 NoSound	40	2	1004945942
1004946143	Triggered	8,52,53,54,55,56,	 File_beep1	40	2	1004946143
1004953703	Triggered	5,23,24,25,26,27,28,29,30,31,	 NoSound	40	2	1004953703
1004953904	Triggered	5,23,24,25,26,27,28,29,30,31,	 PureTone-1kHz	40	2	1004953904
1004958576	Triggered	8,52,53,54,55,56,	 NoSound	40	2	1004958576
1004958776	Triggered	8,52,53,54,55,56,	 File_beep1	40	2	1004958776
1004967065	Triggered	5,23,24,25,26,27,28,29,30,31,	 NoSound	40	2	1004967065
1004967265	Triggered	5,23,24,25,26,27,28,29,30,31,	 StopSoundShort	40	2	1004967265
1004981569	Triggered	4,42,43,44,45,46,	 NoSound	40	2	1004981569
1004981784	Triggered	4,42,43,44,45,46,	 File_beep3	40	2	1004981784
1005005098	Triggered	1,14,15,16,17,18,19,20,21,22,	 NoSound	40	2	1005005098
1005009374	Triggered	6,47,48,49,50,51,	 NoSound	40	2	1005009374
1005009575	Triggered	6,47,48,49,50,51,	 File_beep2	40	2	1005009575
1005020805	Triggered	1,14,15,16,17,18,19,20,21,22,	 NoSound	40	2	1005020805
1005024681	Triggered	4,42,43,44,45,46,	 NoSound	40	2	1005024681
1005024883	Triggered	4,42,43,44,45,46,	 File_beep3	40	2	1005024883
1005041524	Triggered	1,14,15,16,17,18,19,20,21,22,	 NoSound	40	2	1005041524
1005045936	Triggered	6,47,48,49,50,51,	 NoSound	40	2	1005045936
1005046138	Triggered	6,47,48,49,50,51,	 File_beep2	40	2	1005046138
1005056497	Triggered	1,14,15,16,17,18,19,20,21,22,	 NoSound	40	2	1005056497
1005056699	Triggered	1,14,15,16,17,18,19,20,21,22,	 PureTone-1kHz	40	2	1005056699
1005061044	Triggered	4,42,43,44,45,46,	 NoSound	40	2	1005061044
1005061248	Triggered	4,42,43,44,45,46,	 File_beep3	40	2	1005061248
1005076817	Triggered	1,14,15,16,17,18,19,20,21,22,	 NoSound	40	2	1005076817
1005077019	Triggered	1,14,15,16,17,18,19,20,21,22,	 StopSoundLong	40	2	1005077019
1005096668	Triggered	5,23,24,25,26,27,28,29,30,31,	 NoSound	40	2	1005096668
1005100010	Triggered	2,37,38,39,40,41,	 NoSound	40	2	1005100010
1005100234	Triggered	2,37,38,39,40,41,	 File_beep2	40	2	1005100234
1005116586	Triggered	5,23,24,25,26,27,28,29,30,31,	 NoSound	40	2	1005116586
1005120130	Triggered	8,52,53,54,55,56,	 NoSound	40	2	1005120130
1005120333	Triggered	8,52,53,54,55,56,	 File_beep3	40	2	1005120333
1005136572	Triggered	5,23,24,25,26,27,28,29,30,31,	 NoSound	40	2	1005136572
1005140115	Triggered	8,52,53,54,55,56,	 NoSound	40	2	1005140115
1005140318	Triggered	8,52,53,54,55,56,	 File_beep3	40	2	1005140318
1005151076	Triggered	5,23,24,25,26,27,28,29,30,31,	 NoSound	40	2	1005151076
1005154753	Triggered	2,37,38,39,40,41,	 NoSound	40	2	1005154753
1005154955	Triggered	2,37,38,39,40,41,	 File_beep2	40	2	1005154955
1005167119	Triggered	5,23,24,25,26,27,28,29,30,31,	 NoSound	40	2	1005167119
1005167322	Triggered	5,23,24,25,26,27,28,29,30,31,	 PureTone-9kHz	40	2	1005167322
1005170528	Triggered	8,52,53,54,55,56,	 NoSound	40	2	1005170528
1005170730	Triggered	8,52,53,54,55,56,	 File_beep3	40	2	1005170730
1005184163	Triggered	5,23,24,25,26,27,28,29,30,31,	 NoSound	40	2	1005184163
1005184366	Triggered	5,23,24,25,26,27,28,29,30,31,	 PureTone-7kHz	40	2	1005184366
1005188448	Triggered	8,52,53,54,55,56,	 NoSound	40	2	1005188448
1005188649	Triggered	8,52,53,54,55,56,	 File_beep3	40	2	1005188649
1005198200	Triggered	5,23,24,25,26,27,28,29,30,31,	 NoSound	40	2	1005198200
1005198405	Triggered	5,23,24,25,26,27,28,29,30,31,	 PureTone-5kHz	40	2	1005198405
1005202812	Triggered	8,52,53,54,55,56,	 NoSound	40	2	1005202812
1005203013	Triggered	8,52,53,54,55,56,	 File_beep3	40	2	1005203013
1005213974	Triggered	5,23,24,25,26,27,28,29,30,31,	 NoSound	40	2	1005213974
1005214178	Triggered	5,23,24,25,26,27,28,29,30,31,	 PureTone-3kHz	40	2	1005214178
1005217985	Triggered	8,52,53,54,55,56,	 NoSound	40	2	1005217985
1005218186	Triggered	8,52,53,54,55,56,	 File_beep3	40	2	1005218186
1005231754	Triggered	5,23,24,25,26,27,28,29,30,31,	 NoSound	40	2	1005231754
1005231955	Triggered	5,23,24,25,26,27,28,29,30,31,	 PureTone-2kHz	40	2	1005231955
1005235497	Triggered	8,52,53,54,55,56,	 NoSound	40	2	1005235497
1005235699	Triggered	8,52,53,54,55,56,	 File_beep3	40	2	1005235699
1005245592	Triggered	5,23,24,25,26,27,28,29,30,31,	 NoSound	40	2	1005245592
1005245793	Triggered	5,23,24,25,26,27,28,29,30,31,	 PureTone-1kHz	40	2	1005245793
1005250670	Triggered	8,52,53,54,55,56,	 NoSound	40	2	1005250670
1005250871	Triggered	8,52,53,54,55,56,	 File_beep3	40	2	1005250871
1005261700	Triggered	5,23,24,25,26,27,28,29,30,31,	 NoSound	40	2	1005261700
1005261900	Triggered	5,23,24,25,26,27,28,29,30,31,	 StopSoundShort	40	2	1005261900
1005303340	Triggered	1,14,15,16,17,18,19,20,21,22,	 NoSound	40	2	1005303340
1005307685	Triggered	4,42,43,44,45,46,	 NoSound	40	2	1005307685
1005307886	Triggered	4,42,43,44,45,46,	 File_beep1	40	2	1005307886
1005323191	Triggered	1,14,15,16,17,18,19,20,21,22,	 NoSound	40	2	1005323191
1005327135	Triggered	6,47,48,49,50,51,	 NoSound	40	2	1005327135
1005327337	Triggered	6,47,48,49,50,51,	 File_beep2	40	2	1005327337
1005335892	Triggered	1,14,15,16,17,18,19,20,21,22,	 NoSound	40	2	1005335892
1005339902	Triggered	6,47,48,49,50,51,	 NoSound	40	2	1005339902
1005340124	Triggered	6,47,48,49,50,51,	 File_beep2	40	2	1005340124
1005348533	Triggered	1,14,15,16,17,18,19,20,21,22,	 NoSound	40	2	1005348533
1005354139	Triggered	4,42,43,44,45,46,	 NoSound	40	2	1005354139
1005354341	Triggered	4,42,43,44,45,46,	 File_beep1	40	2	1005354341
1005362896	Triggered	1,14,15,16,17,18,19,20,21,22,	 NoSound	40	2	1005362896
1005363109	Triggered	1,14,15,16,17,18,19,20,21,22,	 PureTone-1kHz	40	2	1005363109
1005367507	Triggered	4,42,43,44,45,46,	 NoSound	40	2	1005367507
1005367708	Triggered	4,42,43,44,45,46,	 File_beep1	40	2	1005367708
1005376465	Triggered	1,14,15,16,17,18,19,20,21,22,	 NoSound	40	2	1005376465
1005376665	Triggered	1,14,15,16,17,18,19,20,21,22,	 StopSoundLong	40	2	1005376665
1005392975	Triggered	8,52,53,54,55,56,	 NoSound	40	2	1005392975
1005393177	Triggered	8,52,53,54,55,56,	 File_beep1	40	2	1005393177
1005402666	Triggered	5,23,24,25,26,27,28,29,30,31,	 NoSound	40	2	1005402666
1005405740	Triggered	2,37,38,39,40,41,	 NoSound	40	2	1005405740
1005405941	Triggered	2,37,38,39,40,41,	 File_beep2	40	2	1005405941
1005415434	Triggered	5,23,24,25,26,27,28,29,30,31,	 NoSound	40	2	1005415434
1005418707	Triggered	2,37,38,39,40,41,	 NoSound	40	2	1005418707
1005418909	Triggered	2,37,38,39,40,41,	 File_beep2	40	2	1005418909
1005429537	Triggered	5,23,24,25,26,27,28,29,30,31,	 NoSound	40	2	1005429537
1005433011	Triggered	2,37,38,39,40,41,	 NoSound	40	2	1005433011
1005433213	Triggered	2,37,38,39,40,41,	 File_beep2	40	2	1005433213
1005444442	Triggered	5,23,24,25,26,27,28,29,30,31,	 NoSound	40	2	1005444442
1005444645	Triggered	5,23,24,25,26,27,28,29,30,31,	 PureTone-9kHz	40	2	1005444645
1005448062	Triggered	8,52,53,54,55,56,	 NoSound	40	2	1005448062
1005448263	Triggered	8,52,53,54,55,56,	 File_beep1	40	2	1005448263
1005457877	Triggered	5,23,24,25,26,27,28,29,30,31,	 NoSound	40	2	1005457877
1005458080	Triggered	5,23,24,25,26,27,28,29,30,31,	 PureTone-7kHz	40	2	1005458080
1005461754	Triggered	8,52,53,54,55,56,	 NoSound	40	2	1005461754
1005461956	Triggered	8,52,53,54,55,56,	 File_beep1	40	2	1005461956
1005469306	Triggered	5,23,24,25,26,27,28,29,30,31,	 NoSound	40	2	1005469306
1005469509	Triggered	5,23,24,25,26,27,28,29,30,31,	 PureTone-5kHz	40	2	1005469509
1005473918	Triggered	8,52,53,54,55,56,	 NoSound	40	2	1005473918
1005474132	Triggered	8,52,53,54,55,56,	 File_beep1	40	2	1005474132
1005482942	Triggered	5,23,24,25,26,27,28,29,30,31,	 NoSound	40	2	1005482942
1005483144	Triggered	5,23,24,25,26,27,28,29,30,31,	 PureTone-3kHz	40	2	1005483144
1005487286	Triggered	8,52,53,54,55,56,	 NoSound	40	2	1005487286
1005487487	Triggered	8,52,53,54,55,56,	 File_beep1	40	2	1005487487
1005494372	Triggered	5,23,24,25,26,27,28,29,30,31,	 NoSound	40	2	1005494372
1005494575	Triggered	5,23,24,25,26,27,28,29,30,31,	 PureTone-2kHz	40	2	1005494575
1005498448	Triggered	8,52,53,54,55,56,	 NoSound	40	2	1005498448
1005498649	Triggered	8,52,53,54,55,56,	 File_beep1	40	2	1005498649
1005508816	Triggered	5,23,24,25,26,27,28,29,30,31,	 NoSound	40	2	1005508816
1005509017	Triggered	5,23,24,25,26,27,28,29,30,31,	 PureTone-1kHz	40	2	1005509017
1005513022	Triggered	8,52,53,54,55,56,	 NoSound	40	2	1005513022
1005513224	Triggered	8,52,53,54,55,56,	 File_beep1	40	2	1005513224
1005526056	Triggered	5,23,24,25,26,27,28,29,30,31,	 NoSound	40	2	1005526056
1005526257	Triggered	5,23,24,25,26,27,28,29,30,31,	 StopSoundShort	40	2	1005526257
1005539823	Triggered	1,14,15,16,17,18,19,20,21,22,	 NoSound	40	2	1005539823
1005543632	Triggered	4,42,43,44,45,46,	 NoSound	40	2	1005543632
1005543834	Triggered	4,42,43,44,45,46,	 File_beep3	40	2	1005543834
1005561546	Triggered	1,14,15,16,17,18,19,20,21,22,	 NoSound	40	2	1005561546
1005565958	Triggered	4,42,43,44,45,46,	 NoSound	40	2	1005565958
1005566160	Triggered	4,42,43,44,45,46,	 File_beep3	40	2	1005566160
1005583877	Triggered	1,14,15,16,17,18,19,20,21,22,	 NoSound	40	2	1005583877
1005594700	Triggered	6,47,48,49,50,51,	 NoSound	40	2	1005594700
1005594901	Triggered	6,47,48,49,50,51,	 File_beep1	40	2	1005594901
1005605529	Triggered	1,14,15,16,17,18,19,20,21,22,	 NoSound	40	2	1005605529
1005609139	Triggered	4,42,43,44,45,46,	 NoSound	40	2	1005609139
1005609340	Triggered	4,42,43,44,45,46,	 File_beep3	40	2	1005609340
1005622174	Triggered	1,14,15,16,17,18,19,20,21,22,	 NoSound	40	2	1005622174
1005622375	Triggered	1,14,15,16,17,18,19,20,21,22,	 PureTone-1kHz	40	2	1005622375
1005626852	Triggered	4,42,43,44,45,46,	 NoSound	40	2	1005626852
1005627054	Triggered	4,42,43,44,45,46,	 File_beep3	40	2	1005627054
1005642965	Triggered	1,14,15,16,17,18,19,20,21,22,	 NoSound	40	2	1005642965
1005643167	Triggered	1,14,15,16,17,18,19,20,21,22,	 StopSoundLong	40	2	1005643167
1005658198	Triggered	5,23,24,25,26,27,28,29,30,31,	 NoSound	40	2	1005658198
1005661274	Triggered	2,37,38,39,40,41,	 NoSound	40	2	1005661274
1005661476	Triggered	2,37,38,39,40,41,	 File_beep3	40	2	1005661476
1005672904	Triggered	5,23,24,25,26,27,28,29,30,31,	 NoSound	40	2	1005672904
1005676178	Triggered	2,37,38,39,40,41,	 NoSound	40	2	1005676178
1005676380	Triggered	2,37,38,39,40,41,	 File_beep3	40	2	1005676380
1005691219	Triggered	5,23,24,25,26,27,28,29,30,31,	 NoSound	40	2	1005691219
1005694493	Triggered	2,37,38,39,40,41,	 NoSound	40	2	1005694493
1005694695	Triggered	2,37,38,39,40,41,	 File_beep3	40	2	1005694695
1005707729	Triggered	5,23,24,25,26,27,28,29,30,31,	 NoSound	40	2	1005707729
1005711338	Triggered	8,52,53,54,55,56,	 NoSound	40	2	1005711338
1005711539	Triggered	8,52,53,54,55,56,	 File_beep2	40	2	1005711539
1005720761	Triggered	5,23,24,25,26,27,28,29,30,31,	 NoSound	40	2	1005720761
1005720966	Triggered	5,23,24,25,26,27,28,29,30,31,	 PureTone-9kHz	40	2	1005720966
1005724637	Triggered	8,52,53,54,55,56,	 NoSound	40	2	1005724637
1005724839	Triggered	8,52,53,54,55,56,	 File_beep2	40	2	1005724839
1005735200	Triggered	5,23,24,25,26,27,28,29,30,31,	 NoSound	40	2	1005735200
1005735404	Triggered	5,23,24,25,26,27,28,29,30,31,	 PureTone-7kHz	40	2	1005735404
1005739411	Triggered	8,52,53,54,55,56,	 NoSound	40	2	1005739411
1005739612	Triggered	8,52,53,54,55,56,	 File_beep2	40	2	1005739612
1005749903	Triggered	5,23,24,25,26,27,28,29,30,31,	 NoSound	40	2	1005749903
1005750107	Triggered	5,23,24,25,26,27,28,29,30,31,	 PureTone-5kHz	40	2	1005750107
1005807187	Triggered	8,52,53,54,55,56,	 NoSound	40	2	1005807187
1005807388	Triggered	8,52,53,54,55,56,	 File_beep2	40	2	1005807388
1005821357	Triggered	5,23,24,25,26,27,28,29,30,31,	 NoSound	40	2	1005821357
1005821571	Triggered	5,23,24,25,26,27,28,29,30,31,	 PureTone-3kHz	40	2	1005821571
1005825502	Triggered	8,52,53,54,55,56,	 NoSound	40	2	1005825502
1005825705	Triggered	8,52,53,54,55,56,	 File_beep2	40	2	1005825705
1005839738	Triggered	5,23,24,25,26,27,28,29,30,31,	 NoSound	40	2	1005839738
1005839941	Triggered	5,23,24,25,26,27,28,29,30,31,	 PureTone-2kHz	40	2	1005839941
1005843481	Triggered	8,52,53,54,55,56,	 NoSound	40	2	1005843481
1005843682	Triggered	8,52,53,54,55,56,	 File_beep2	40	2	1005843682
1005852774	Triggered	5,23,24,25,26,27,28,29,30,31,	 NoSound	40	2	1005852774
1005852975	Triggered	5,23,24,25,26,27,28,29,30,31,	 PureTone-1kHz	40	2	1005852975
1005856716	Triggered	8,52,53,54,55,56,	 NoSound	40	2	1005856716
1005856917	Triggered	8,52,53,54,55,56,	 File_beep2	40	2	1005856917
1005866742	Triggered	5,23,24,25,26,27,28,29,30,31,	 NoSound	40	2	1005866742
1005866954	Triggered	5,23,24,25,26,27,28,29,30,31,	 StopSoundShort	40	2	1005866954
1005916004	Triggered	1,14,15,16,17,18,19,20,21,22,	 NoSound	40	2	1005916004
1005919746	Triggered	6,47,48,49,50,51,	 NoSound	40	2	1005919746
1005919948	Triggered	6,47,48,49,50,51,	 File_beep1	40	2	1005919948
1005926899	Triggered	1,14,15,16,17,18,19,20,21,22,	 NoSound	40	2	1005926899
1005930642	Triggered	6,47,48,49,50,51,	 NoSound	40	2	1005930642
1005930843	Triggered	6,47,48,49,50,51,	 File_beep1	40	2	1005930843
1005938731	Triggered	1,14,15,16,17,18,19,20,21,22,	 NoSound	40	2	1005938731
1005942674	Triggered	4,42,43,44,45,46,	 NoSound	40	2	1005942674
1005942875	Triggered	4,42,43,44,45,46,	 File_beep3	40	2	1005942875
1005958047	Triggered	1,14,15,16,17,18,19,20,21,22,	 NoSound	40	2	1005958047
1005962925	Triggered	4,42,43,44,45,46,	 NoSound	40	2	1005962925
1005963127	Triggered	4,42,43,44,45,46,	 File_beep3	40	2	1005963127
1005977698	Triggered	1,14,15,16,17,18,19,20,21,22,	 NoSound	40	2	1005977698
1005977900	Triggered	1,14,15,16,17,18,19,20,21,22,	 PureTone-1kHz	40	2	1005977900
1005982645	Triggered	4,42,43,44,45,46,	 NoSound	40	2	1005982645
1005982848	Triggered	4,42,43,44,45,46,	 File_beep3	40	2	1005982848
1005996881	Triggered	1,14,15,16,17,18,19,20,21,22,	 NoSound	40	2	1005996881
1005997082	Triggered	1,14,15,16,17,18,19,20,21,22,	 StopSoundLong	40	2	1005997082
1006014193	Triggered	5,23,24,25,26,27,28,29,30,31,	 NoSound	40	2	1006014193
1006017469	Triggered	8,52,53,54,55,56,	 NoSound	40	2	1006017469
1006017669	Triggered	8,52,53,54,55,56,	 File_beep2	40	2	1006017669
1006026492	Triggered	5,23,24,25,26,27,28,29,30,31,	 NoSound	40	2	1006026492
1006030167	Triggered	2,37,38,39,40,41,	 NoSound	40	2	1006030167
1006030369	Triggered	2,37,38,39,40,41,	 File_beep3	40	2	1006030369
1006045679	Triggered	5,23,24,25,26,27,28,29,30,31,	 NoSound	40	2	1006045679
1006049150	Triggered	2,37,38,39,40,41,	 NoSound	40	2	1006049150
1006049352	Triggered	2,37,38,39,40,41,	 File_beep3	40	2	1006049352
1006064524	Triggered	5,23,24,25,26,27,28,29,30,31,	 NoSound	40	2	1006064524
1006068413	Triggered	2,37,38,39,40,41,	 NoSound	40	2	1006068413
1006068615	Triggered	2,37,38,39,40,41,	 File_beep3	40	2	1006068615
1006089055	Triggered	5,23,24,25,26,27,28,29,30,31,	 NoSound	40	2	1006089055
1006089270	Triggered	5,23,24,25,26,27,28,29,30,31,	 PureTone-9kHz	40	2	1006089270
1006092463	Triggered	8,52,53,54,55,56,	 NoSound	40	2	1006092463
1006092664	Triggered	8,52,53,54,55,56,	 File_beep2	40	2	1006092664
1006103091	Triggered	5,23,24,25,26,27,28,29,30,31,	 NoSound	40	2	1006103091
1006103294	Triggered	5,23,24,25,26,27,28,29,30,31,	 PureTone-7kHz	40	2	1006103294
1006106835	Triggered	8,52,53,54,55,56,	 NoSound	40	2	1006106835
1006107037	Triggered	8,52,53,54,55,56,	 File_beep2	40	2	1006107037
1006137916	Triggered	5,23,24,25,26,27,28,29,30,31,	 NoSound	40	2	1006137916
1006138131	Triggered	5,23,24,25,26,27,28,29,30,31,	 PureTone-5kHz	40	2	1006138131
1006141591	Triggered	8,52,53,54,55,56,	 NoSound	40	2	1006141591
1006141792	Triggered	8,52,53,54,55,56,	 File_beep2	40	2	1006141792
1006151617	Triggered	5,23,24,25,26,27,28,29,30,31,	 NoSound	40	2	1006151617
1006151820	Triggered	5,23,24,25,26,27,28,29,30,31,	 PureTone-3kHz	40	2	1006151820
1006155427	Triggered	8,52,53,54,55,56,	 NoSound	40	2	1006155427
1006155629	Triggered	8,52,53,54,55,56,	 File_beep2	40	2	1006155629
1006174080	Triggered	5,23,24,25,26,27,28,29,30,31,	 NoSound	40	2	1006174080
1006174282	Triggered	5,23,24,25,26,27,28,29,30,31,	 PureTone-2kHz	40	2	1006174282
1006178019	Triggered	8,52,53,54,55,56,	 NoSound	40	2	1006178019
1006178221	Triggered	8,52,53,54,55,56,	 File_beep2	40	2	1006178221
1006186909	Triggered	5,23,24,25,26,27,28,29,30,31,	 NoSound	40	2	1006186909
1006187112	Triggered	5,23,24,25,26,27,28,29,30,31,	 PureTone-1kHz	40	2	1006187112
1006191388	Triggered	8,52,53,54,55,56,	 NoSound	40	2	1006191388
1006191589	Triggered	8,52,53,54,55,56,	 File_beep2	40	2	1006191589
1006202153	Triggered	5,23,24,25,26,27,28,29,30,31,	 NoSound	40	2	1006202153
1006202355	Triggered	5,23,24,25,26,27,28,29,30,31,	 StopSoundShort	40	2	1006202355
1006221467	Triggered	1,14,15,16,17,18,19,20,21,22,	 NoSound	40	2	1006221467
1006225944	Triggered	4,42,43,44,45,46,	 NoSound	40	2	1006225944
1006226146	Triggered	4,42,43,44,45,46,	 File_beep3	40	2	1006226146
1006238914	Triggered	1,14,15,16,17,18,19,20,21,22,	 NoSound	40	2	1006238914
1006342247	Triggered	4,42,43,44,45,46,	 NoSound	40	2	1006342247
1006342449	Triggered	4,42,43,44,45,46,	 File_beep3	40	2	1006342449
1006364172	Triggered	1,14,15,16,17,18,19,20,21,22,	 NoSound	40	2	1006364172
1006368584	Triggered	6,47,48,49,50,51,	 NoSound	40	2	1006368584
1006368785	Triggered	6,47,48,49,50,51,	 File_beep1	40	2	1006368785
1006378876	Triggered	1,14,15,16,17,18,19,20,21,22,	 NoSound	40	2	1006378876
1006384759	Triggered	4,42,43,44,45,46,	 NoSound	40	2	1006384759
1006384962	Triggered	4,42,43,44,45,46,	 File_beep3	40	2	1006384962
1006401669	Triggered	1,14,15,16,17,18,19,20,21,22,	 NoSound	40	2	1006401669
1006401871	Triggered	1,14,15,16,17,18,19,20,21,22,	 PureTone-1kHz	40	2	1006401871
1006407550	Triggered	4,42,43,44,45,46,	 NoSound	40	2	1006407550
1006407752	Triggered	4,42,43,44,45,46,	 File_beep3	40	2	1006407752
1006430344	Triggered	1,14,15,16,17,18,19,20,21,22,	 NoSound	40	2	1006430344
1006430559	Triggered	1,14,15,16,17,18,19,20,21,22,	 StopSoundLong	40	2	1006430559
1006515566	Triggered	5,23,24,25,26,27,28,29,30,31,	 NoSound	40	2	1006515566
