Monday, December 21, 2020	10:58:25 AM	Game1.txt	1010026835
Cued	Now	1010046273
9	BlinkStart	1010046295
9	BlinkEnd	1010394731
23,5	BlinkStart	1010394824
23,5	BlinkEnd	1010432631
5	0DropFeed	1010432711
23	NoFeedAbort	1010432791
1	BlinkStart	1010442805
1	BlinkEnd	1010571147
4,45	BlinkStart	1010571235
4,45	BlinkEnd	1010579946
4	Feed	1010580026
45	Feed	1010580106
1	BlinkStart	1010580203
1	BlinkEnd	1010618047
1	NoFeedLowProb	1010618127
4,42	BlinkStart	1010618142
4,42	BlinkEnd	1010621988
4	Feed	1010622068
42	Feed	1010622148
1	BlinkStart	1010622251
1	BlinkEnd	1010630545
1	NoFeedLowProb	1010630625
4,45	BlinkStart	1010630647
4,45	BlinkEnd	1010633887
4	Feed	1010633967
45	Feed	1010634047
21,1	BlinkStart	1010634136
21,1	BlinkEnd	1010647467
1	0DropFeed	1010647548
21	Feed	1010647628
6,51,4	BlinkStart	1010647718
6,51,4	BlinkEnd	1010650798
4	0DropFeed	1010650878
20,1	BlinkStart	1010650977
20,1	BlinkEnd	1010660824
1	0DropFeed	1010660904
20	Feed	1010660985
6,49,4	BlinkStart	1010661087
6,49,4	BlinkEnd	1010664232
6	Feed	1010664312
49	Feed	1010664393
19,1	BlinkStart	1010664493
19,1	BlinkEnd	1010673457
1	0DropFeed	1010673537
19	Feed	1010673617
4,44,6,49	BlinkStart	1010673715
4,44,6,49	BlinkEnd	1010676397
6	Feed	1010676478
49	Feed	1010676559
18,1	BlinkStart	1010676651
18,1	BlinkEnd	1010686357
1	0DropFeed	1010686438
18	Feed	1010686518
4,44,6,49	BlinkStart	1010686632
4,44,6,49	BlinkEnd	1010689099
6	Feed	1010689179
49	Feed	1010689259
17,1	BlinkStart	1010689361
17,1	BlinkEnd	1010700394
1	0DropFeed	1010700474
17	Feed	1010700555
4,43,6,48	BlinkStart	1010700665
4,43,6,48	BlinkEnd	1010703134
6	Feed	1010703214
48	Feed	1010703294
16,1	BlinkStart	1010703384
16,1	BlinkEnd	1010711088
1	0DropFeed	1010711168
16	Feed	1010711248
4,46,6,49	BlinkStart	1010711346
4,46,6,49	BlinkEnd	1010714497
6	Feed	1010714577
49	Feed	1010714658
14,1	BlinkStart	1010714756
14,1	BlinkEnd	1010725525
1	0DropFeed	1010725605
14	NoFeedAbort	1010725685
5	BlinkStart	1010735701
5	BlinkEnd	1010756004
5	NoFeedLowProb	1010756084
2,41	BlinkStart	1010756122
2,41	BlinkEnd	1010759615
2	Feed	1010759695
41	Feed	1010759775
5	BlinkStart	1010759872
5	BlinkEnd	1010768905
5	NoFeedLowProb	1010768986
2,41	BlinkStart	1010769025
2,41	BlinkEnd	1010771712
2	Feed	1010771792
41	Feed	1010771872
5	BlinkStart	1010771964
5	BlinkEnd	1010781271
5	NoFeedLowProb	1010781351
2,41	BlinkStart	1010781379
2,41	BlinkEnd	1010783947
2	Feed	1010784027
41	Feed	1010784107
30,5	BlinkStart	1010784209
30,5	BlinkEnd	1010795249
5	0DropFeed	1010795329
30	Feed	1010795409
2,41,8,52	BlinkStart	1010795519
2,41,8,52	BlinkEnd	1010798182
2	Feed	1010798262
41	Feed	1010798342
29,5	BlinkStart	1010798509
29,5	BlinkEnd	1010808476
5	0DropFeed	1010808556
29	Feed	1010808636
2,38,8,52	BlinkStart	1010808809
2,38,8,52	BlinkEnd	1010811350
2	Feed	1010811430
38	Feed	1010811510
28,5	BlinkStart	1010811659
28,5	BlinkEnd	1010818769
5	0DropFeed	1010818849
28	Feed	1010818929
2,38,8,54	BlinkStart	1010819098
2,38,8,54	BlinkEnd	1010821976
8	Feed	1010822056
54	Feed	1010822136
27,5	BlinkStart	1010822315
27,5	BlinkEnd	1010829863
5	0DropFeed	1010829943
27	Feed	1010830023
2,38,8,56	BlinkStart	1010830219
2,38,8,56	BlinkEnd	1010832939
2	Feed	1010833019
38	Feed	1010833099
26,5	BlinkStart	1010833262
26,5	BlinkEnd	1010840558
5	0DropFeed	1010840638
26	Feed	1010840718
2,41,8	BlinkStart	1010840863
2,41,8	BlinkEnd	1010843103
2	Feed	1010843184
41	Feed	1010843264
25,5	BlinkStart	1010843448
25,5	BlinkEnd	1010852322
5	0DropFeed	1010852404
25	Feed	1010852484
8,2	BlinkStart	1010852661
8,2	BlinkEnd	1010855675
8	0DropFeed	1010855755
23,5	BlinkStart	1010855922
23,5	BlinkEnd	1010860945
5	0DropFeed	1010861026
23	NoFeedAbort	1010861106
1	BlinkStart	1010871169
1	BlinkEnd	1010873042
1	NoFeedLowProb	1010873122
4	BlinkStart	1010873202
4	BlinkEnd	1010875650
4	0DropFeed	1010875730
1	BlinkStart	1010875902
1	BlinkEnd	1010888082
1	NoFeedLowProb	1010888163
4,45	BlinkStart	1010888278
4,45	BlinkEnd	1010892426
4	Feed	1010892506
45	Feed	1010892586
1	BlinkStart	1010892744
1	BlinkEnd	1010904057
1	NoFeedLowProb	1010904137
4	BlinkStart	1010904222
4	BlinkEnd	1010906664
4	0DropFeed	1010906744
21,1	BlinkStart	1010906926
21,1	BlinkEnd	1010920968
1	0DropFeed	1010921049
21	Feed	1010921129
6,49,4	BlinkStart	1010921278
6,49,4	BlinkEnd	1010923776
4	0DropFeed	1010923856
20,1	BlinkStart	1010924013
20,1	BlinkEnd	1010928989
1	0DropFeed	1010929069
20	Feed	1010929149
6,50,4	BlinkStart	1010929316
6,50,4	BlinkEnd	1010932130
6	Feed	1010932210
50	Feed	1010932290
19,1	BlinkStart	1010932451
19,1	BlinkEnd	1010944027
1	0DropFeed	1010944107
19	Feed	1010944187
4,44,6,50	BlinkStart	1010944383
4,44,6,50	BlinkEnd	1010946501
6	Feed	1010946581
50	Feed	1010946661
18,1	BlinkStart	1010946835
18,1	BlinkEnd	1010957195
1	0DropFeed	1010957275
18	Feed	1010957355
4,44,6,50	BlinkStart	1010957506
4,44,6,50	BlinkEnd	1010959669
6	Feed	1010959749
50	Feed	1010959829
17,1	BlinkStart	1010960005
17,1	BlinkEnd	1010971299
1	0DropFeed	1010971379
17	Feed	1010971459
4,43,6,47	BlinkStart	1010971635
4,43,6,47	BlinkEnd	1010973705
6	Feed	1010973785
47	Feed	1010973865
16,1	BlinkStart	1010974038
16,1	BlinkEnd	1010983530
1	0DropFeed	1010983610
16	Feed	1010983690
4,46,6,49	BlinkStart	1010983854
4,46,6,49	BlinkEnd	1010986946
6	Feed	1010987026
49	Feed	1010987106
14,1	BlinkStart	1010987251
14,1	BlinkEnd	1010997567
1	0DropFeed	1010997647
14	NoFeedAbort	1010997728
5	BlinkStart	1011007792
5	BlinkEnd	1011008055
5	NoFeedLowProb	1011008135
2,41	BlinkStart	1011008209
2,41	BlinkEnd	1011011137
2	Feed	1011011217
41	Feed	1011011297
5	BlinkStart	1011011444
5	BlinkEnd	1011019759
5	NoFeedLowProb	1011019839
2,41	BlinkStart	1011019967
2,41	BlinkEnd	1011022238
2	Feed	1011022318
41	Feed	1011022398
5	BlinkStart	1011022554
5	BlinkEnd	1011031723
5	NoFeedLowProb	1011031803
2	BlinkStart	1011031890
2	BlinkEnd	1011034262
2	0DropFeed	1011034342
30,5	BlinkStart	1011034507
30,5	BlinkEnd	1011042484
5	0DropFeed	1011042564
30	Feed	1011042645
2,38,8,56	BlinkStart	1011042810
2,38,8,56	BlinkEnd	1011045232
2	Feed	1011045313
38	Feed	1011045393
29,5	BlinkStart	1011045550
29,5	BlinkEnd	1011051039
5	0DropFeed	1011051119
29	Feed	1011051199
2,39,8	BlinkStart	1011051359
2,39,8	BlinkEnd	1011053988
2	Feed	1011054068
39	Feed	1011054148
28,5	BlinkStart	1011054307
28,5	BlinkEnd	1011060798
5	0DropFeed	1011060878
28	Feed	1011060958
2,41,8,54	BlinkStart	1011061112
2,41,8,54	BlinkEnd	1011063873
8	Feed	1011063953
54	Feed	1011064033
27,5	BlinkStart	1011064195
27,5	BlinkEnd	1011070691
5	0DropFeed	1011070771
27	Feed	1011070851
2,40,8,52	BlinkStart	1011071064
2,40,8,52	BlinkEnd	1011073700
8	Feed	1011073780
52	Feed	1011073860
26,5	BlinkStart	1011074015
26,5	BlinkEnd	1011079981
5	0DropFeed	1011080061
26	Feed	1011080142
2,37,8,56	BlinkStart	1011080319
2,37,8,56	BlinkEnd	1011082990
8	Feed	1011083070
56	Feed	1011083150
25,5	BlinkStart	1011083321
25,5	BlinkEnd	1011091480
5	0DropFeed	1011091560
25	Feed	1011091640
2,39,8,54	BlinkStart	1011091826
2,39,8,54	BlinkEnd	1011095423
8	Feed	1011095503
54	Feed	1011095583
23,5	BlinkStart	1011095737
23,5	BlinkEnd	1011102648
5	0DropFeed	1011102728
23	NoFeedAbort	1011102808
1	BlinkStart	1011112873
1	BlinkEnd	1011119825
1	NoFeedLowProb	1011119905
4,43	BlinkStart	1011119984
4,43	BlinkEnd	1011123898
4	Feed	1011123978
43	Feed	1011124058
1	BlinkStart	1011124220
1	BlinkEnd	1011132786
1	NoFeedLowProb	1011132866
4,46	BlinkStart	1011132935
4,46	BlinkEnd	1011136865
4	Feed	1011136945
46	Feed	1011137025
1	BlinkStart	1011137199
1	BlinkEnd	1011150298
1	NoFeedLowProb	1011150379
4,43	BlinkStart	1011150473
4,43	BlinkEnd	1011152972
4	Feed	1011153052
43	Feed	1011153132
21,1	BlinkStart	1011153325
21,1	BlinkEnd	1011162398
1	0DropFeed	1011162478
21	Feed	1011162558
4,42,6,47	BlinkStart	1011162726
4,42,6,47	BlinkEnd	1011165471
4	Feed	1011165552
42	Feed	1011165633
20,1	BlinkStart	1011165807
20,1	BlinkEnd	1011173426
1	0DropFeed	1011173506
20	Feed	1011173586
4,43,6,50	BlinkStart	1011173738
4,43,6,50	BlinkEnd	1011176571
6	Feed	1011176651
50	Feed	1011176731
19,1	BlinkStart	1011176888
19,1	BlinkEnd	1011187194
1	0DropFeed	1011187274
19	Feed	1011187354
4,42,6	BlinkStart	1011187508
4,42,6	BlinkEnd	1011189802
6	0DropFeed	1011189882
18,1	BlinkStart	1011190061
18,1	BlinkEnd	1011194681
1	0DropFeed	1011194761
18	Feed	1011194841
6,48,4	BlinkStart	1011195014
6,48,4	BlinkEnd	1011199568
6	Feed	1011199648
48	Feed	1011199728
17,1	BlinkStart	1011199865
17,1	BlinkEnd	1011207981
1	0DropFeed	1011208062
17	Feed	1011208142
4,45,6,49	BlinkStart	1011208310
4,45,6,49	BlinkEnd	1011210859
6	Feed	1011210939
49	Feed	1011211019
16,1	BlinkStart	1011211176
16,1	BlinkEnd	1011221818
1	0DropFeed	1011221898
16	Feed	1011221978
4,43,6,47	BlinkStart	1011222160
4,43,6,47	BlinkEnd	1011225895
4	Feed	1011225975
43	Feed	1011226055
14,1	BlinkStart	1011226212
14,1	BlinkEnd	1011235052
1	0DropFeed	1011235132
14	NoFeedAbort	1011235212
5	BlinkStart	1011245291
5	BlinkEnd	1011262926
5	NoFeedLowProb	1011263006
2	BlinkStart	1011263081
2	BlinkEnd	1011265798
2	0DropFeed	1011265878
5	BlinkStart	1011266052
5	BlinkEnd	1011270879
5	NoFeedLowProb	1011270959
2	BlinkStart	1011271069
2	BlinkEnd	1011275025
2	0DropFeed	1011275106
5	BlinkStart	1011275288
5	BlinkEnd	1011282376
5	NoFeedLowProb	1011282456
2,38	BlinkStart	1011282551
2,38	BlinkEnd	1011285317
2	Feed	1011285397
38	Feed	1011285477
30,5	BlinkStart	1011285641
30,5	BlinkEnd	1011295153
5	0DropFeed	1011295233
30	Feed	1011295313
2,38,8,53	BlinkStart	1011295503
2,38,8,53	BlinkEnd	1011298485
8	Feed	1011298565
53	Feed	1011298645
29,5	BlinkStart	1011298807
29,5	BlinkEnd	1011305971
5	0DropFeed	1011306052
29	Feed	1011306132
2,40,8	BlinkStart	1011306301
2,40,8	BlinkEnd	1011309513
2	Feed	1011309593
40	Feed	1011309673
28,5	BlinkStart	1011309816
28,5	BlinkEnd	1011317802
5	0DropFeed	1011317882
28	Feed	1011317962
2,38,8,52	BlinkStart	1011318127
2,38,8,52	BlinkEnd	1011320612
2	Feed	1011320693
38	Feed	1011320773
27,5	BlinkStart	1011320913
27,5	BlinkEnd	1011327159
5	0DropFeed	1011327240
27	Feed	1011327321
2,40,8,53	BlinkStart	1011327483
2,40,8,53	BlinkEnd	1011331106
8	Feed	1011331186
53	Feed	1011331266
26,5	BlinkStart	1011331438
26,5	BlinkEnd	1011349686
5	0DropFeed	1011349766
26	Feed	1011349846
8,52,2	BlinkStart	1011350011
8,52,2	BlinkEnd	1011353429
2	0DropFeed	1011353509
25,5	BlinkStart	1011353677
25,5	BlinkEnd	1011357906
5	0DropFeed	1011357986
25	Feed	1011358067
8,56,2	BlinkStart	1011358243
8,56,2	BlinkEnd	1011361985
8	Feed	1011362065
56	Feed	1011362145
23,5	BlinkStart	1011362284
23,5	BlinkEnd	1011372879
5	0DropFeed	1011372959
23	NoFeedAbort	1011373039
1	BlinkStart	1011383138
1	BlinkEnd	1011388653
1	NoFeedLowProb	1011388733
6,47	BlinkStart	1011388844
6,47	BlinkEnd	1011391663
6	Feed	1011391744
47	Feed	1011391824
1	BlinkStart	1011392002
1	BlinkEnd	1011399215
1	NoFeedLowProb	1011399295
6,48	BlinkStart	1011399387
6,48	BlinkEnd	1011402555
6	Feed	1011402636
48	Feed	1011402716
1	BlinkStart	1011402870
1	BlinkEnd	1011411312
1	NoFeedLowProb	1011411392
6,49	BlinkStart	1011411459
6,49	BlinkEnd	1011414453
6	Feed	1011414533
49	Feed	1011414613
21,1	BlinkStart	1011414751
21,1	BlinkEnd	1011423744
1	0DropFeed	1011423824
21	Feed	1011423904
6,47,4,43	BlinkStart	1011424058
6,47,4,43	BlinkEnd	1011426685
6	Feed	1011426765
47	Feed	1011426845
20,1	BlinkStart	1011427011
20,1	BlinkEnd	1011434574
1	0DropFeed	1011434654
20	Feed	1011434734
6,49,4,43	BlinkStart	1011434922
6,49,4,43	BlinkEnd	1011445200
4	Feed	1011445280
43	Feed	1011445360
19,1	BlinkStart	1011445500
19,1	BlinkEnd	1011454892
1	0DropFeed	1011454972
19	Feed	1011455052
6,48,4	BlinkStart	1011455224
6,48,4	BlinkEnd	1011461643
6	Feed	1011461723
48	Feed	1011461804
18,1	BlinkStart	1011461961
18,1	BlinkEnd	1011471536
1	0DropFeed	1011471616
18	Feed	1011471697
6,47,4,43	BlinkStart	1011471866
6,47,4,43	BlinkEnd	1011474621
6	Feed	1011474701
47	Feed	1011474782
17,1	BlinkStart	1011474958
17,1	BlinkEnd	1011482031
1	0DropFeed	1011482111
17	Feed	1011482192
6,48,4,44	BlinkStart	1011482381
6,48,4,44	BlinkEnd	1011484970
6	Feed	1011485050
48	Feed	1011485130
16,1	BlinkStart	1011485293
16,1	BlinkEnd	1011494128
1	0DropFeed	1011494208
16	Feed	1011494288
6,50,4,42	BlinkStart	1011494450
6,50,4,42	BlinkEnd	1011497871
6	Feed	1011497951
50	Feed	1011498031
14,1	BlinkStart	1011498177
14,1	BlinkEnd	1011511773
1	0DropFeed	1011511853
14	NoFeedAbort	1011511933
5	BlinkStart	1011522007
5	BlinkEnd	1011524740
5	NoFeedLowProb	1011524820
2,37	BlinkStart	1011524914
2,37	BlinkEnd	1011527618
2	Feed	1011527698
37	Feed	1011527778
5	BlinkStart	1011527918
5	BlinkEnd	1011535502
5	NoFeedLowProb	1011535583
2,38	BlinkStart	1011535655
2,38	BlinkEnd	1011538644
2	Feed	1011538725
38	Feed	1011538805
5	BlinkStart	1011538947
5	BlinkEnd	1011547606
5	NoFeedLowProb	1011547686
2,40	BlinkStart	1011547758
2,40	BlinkEnd	1011550875
2	Feed	1011550955
40	Feed	1011551036
30,5	BlinkStart	1011551197
30,5	BlinkEnd	1011560836
5	0DropFeed	1011560916
30	Feed	1011560996
2,39,8,52	BlinkStart	1011561181
2,39,8,52	BlinkEnd	1011564116
8	Feed	1011564197
52	Feed	1011564278
29,5	BlinkStart	1011564419
29,5	BlinkEnd	1011571261
5	0DropFeed	1011571341
29	Feed	1011571421
2,40,8,52	BlinkStart	1011571576
2,40,8,52	BlinkEnd	1011574938
2	Feed	1011575018
40	Feed	1011575098
28,5	BlinkStart	1011575272
28,5	BlinkEnd	1011585632
5	0DropFeed	1011585713
28	Feed	1011585793
2,40,8,55	BlinkStart	1011585981
2,40,8,55	BlinkEnd	1011588774
2	Feed	1011588854
40	Feed	1011588935
27,5	BlinkStart	1011589129
27,5	BlinkEnd	1011600205
5	0DropFeed	1011600285
27	Feed	1011600365
2,37,8,54	BlinkStart	1011600547
2,37,8,54	BlinkEnd	1011603412
2	Feed	1011603492
37	Feed	1011603573
26,5	BlinkStart	1011603753
26,5	BlinkEnd	1011610565
5	0DropFeed	1011610645
26	Feed	1011610725
8,2	BlinkStart	1011610870
8,2	BlinkEnd	1011614582
8	0DropFeed	1011614662
25,5	BlinkStart	1011614837
25,5	BlinkEnd	1011621058
5	0DropFeed	1011621138
25	Feed	1011621218
2,39,8,52	BlinkStart	1011621363
2,39,8,52	BlinkEnd	1011625403
2	Feed	1011625483
39	Feed	1011625563
23,5	BlinkStart	1011625721
23,5	BlinkEnd	1011634360
5	0DropFeed	1011634440
23	NoFeedAbort	1011634520
1	BlinkStart	1011644582
1	BlinkEnd	1011644847
1	NoFeedLowProb	1011644927
4,44	BlinkStart	1011644992
4,44	BlinkEnd	1011648530
4	Feed	1011648610
44	Feed	1011648690
1	BlinkStart	1011648883
1	BlinkEnd	1011659024
1	NoFeedLowProb	1011659105
4,42	BlinkStart	1011659191
4,42	BlinkEnd	1011661898
4	Feed	1011661979
42	Feed	1011662059
1	BlinkStart	1011662218
1	BlinkEnd	1011671323
1	NoFeedLowProb	1011671403
4	BlinkStart	1011671483
4	BlinkEnd	1011674732
4	0DropFeed	1011674812
21,1	BlinkStart	1011674981
21,1	BlinkEnd	1011679744
1	0DropFeed	1011679824
21	Feed	1011679904
4,46,6,50	BlinkStart	1011680064
4,46,6,50	BlinkEnd	1011683220
6	Feed	1011683301
50	Feed	1011683381
20,1	BlinkStart	1011683551
20,1	BlinkEnd	1011698794
1	0DropFeed	1011698874
20	Feed	1011698954
4,46,6,49	BlinkStart	1011699105
4,46,6,49	BlinkEnd	1011701534
6	Feed	1011701614
49	Feed	1011701694
19,1	BlinkStart	1011701849
19,1	BlinkEnd	1011713432
1	0DropFeed	1011713512
19	Feed	1011713592
6,48,4	BlinkStart	1011713763
6,48,4	BlinkEnd	1011715974
6	Feed	1011716054
48	Feed	1011716134
18,1	BlinkStart	1011716293
18,1	BlinkEnd	1011725932
1	0DropFeed	1011726012
18	Feed	1011726092
4,46,6,51	BlinkStart	1011726264
4,46,6,51	BlinkEnd	1011728872
6	Feed	1011728952
51	Feed	1011729032
17,1	BlinkStart	1011729193
17,1	BlinkEnd	1011743510
1	0DropFeed	1011743590
17	Feed	1011743670
4,42,6	BlinkStart	1011743827
4,42,6	BlinkEnd	1011746184
6	0DropFeed	1011746264
16,1	BlinkStart	1011746442
16,1	BlinkEnd	1011751672
1	0DropFeed	1011751752
16	Feed	1011751832
4,44,6	BlinkStart	1011751981
4,44,6	BlinkEnd	1011755743
6	0DropFeed	1011755823
14,1	BlinkStart	1011755990
14,1	BlinkEnd	1011760155
1	0DropFeed	1011760235
14	NoFeedAbort	1011760316
5	BlinkStart	1011770380
5	BlinkEnd	1011778268
5	NoFeedLowProb	1011778348
2	BlinkStart	1011778431
2	BlinkEnd	1011781275
2	0DropFeed	1011781355
5	BlinkStart	1011781539
5	BlinkEnd	1011787231
5	NoFeedLowProb	1011787311
2,37	BlinkStart	1011787401
2,37	BlinkEnd	1011792907
2	Feed	1011792988
37	Feed	1011793068
5	BlinkStart	1011793206
5	BlinkEnd	1011800659
5	NoFeedLowProb	1011800741
2,40	BlinkStart	1011800841
2,40	BlinkEnd	1011804136
2	Feed	1011804216
40	Feed	1011804296
30,5	BlinkStart	1011804435
30,5	BlinkEnd	1011815031
5	0DropFeed	1011815111
30	Feed	1011815192
2,40,8	BlinkStart	1011815358
2,40,8	BlinkEnd	1011818105
2	Feed	1011818185
40	Feed	1011818265
29,5	BlinkStart	1011818416
29,5	BlinkEnd	1011829469
5	0DropFeed	1011829549
29	Feed	1011829629
2,41,8,56	BlinkStart	1011829812
2,41,8,56	BlinkEnd	1011833546
8	Feed	1011833626
56	Feed	1011833706
28,5	BlinkStart	1011833850
28,5	BlinkEnd	1011844374
5	0DropFeed	1011844454
28	Feed	1011844535
2,39,8	BlinkStart	1011844701
2,39,8	BlinkEnd	1011848249
8	0DropFeed	1011848329
27,5	BlinkStart	1011848494
27,5	BlinkEnd	1011853329
5	0DropFeed	1011853410
27	Feed	1011853490
2,37,8,53	BlinkStart	1011853641
2,37,8,53	BlinkEnd	1011857407
2	Feed	1011857487
37	Feed	1011857567
26,5	BlinkStart	1011857733
26,5	BlinkEnd	1011882273
5	0DropFeed	1011882354
26	Feed	1011882435
2,39,8,56	BlinkStart	1011882605
2,39,8,56	BlinkEnd	1011886483
8	Feed	1011886564
56	Feed	1011886645
25,5	BlinkStart	1011886787
25,5	BlinkEnd	1011897512
5	0DropFeed	1011897592
25	Feed	1011897672
2,41,8,53	BlinkStart	1011897868
2,41,8,53	BlinkEnd	1011901790
2	Feed	1011901870
41	Feed	1011901951
23,5	BlinkStart	1011902097
23,5	BlinkEnd	1011917097
5	0DropFeed	1011917177
23	NoFeedAbort	1011917257
1	BlinkStart	1011927318
1	BlinkEnd	1011927582
1	NoFeedLowProb	1011927662
4,46	BlinkStart	1011927723
4,46	BlinkEnd	1011938083
4	Feed	1011938163
46	Feed	1011938243
1	BlinkStart	1011938419
1	BlinkEnd	1011954059
1	NoFeedLowProb	1011954139
4,42	BlinkStart	1011954247
4,42	BlinkEnd	1011957200
4	Feed	1011957280
42	Feed	1011957361
1	BlinkStart	1011957516
1	BlinkEnd	1011964286
1	NoFeedLowProb	1011964366
4,45	BlinkStart	1011964458
4,45	BlinkEnd	1011968764
4	Feed	1011968844
45	Feed	1011968925
21,1	BlinkStart	1011969079
21,1	BlinkEnd	1011983402
1	0DropFeed	1011983482
21	Feed	1011983562
4,44,6	BlinkStart	1011983735
4,44,6	BlinkEnd	1011986610
6	0DropFeed	1011986690
20,1	BlinkStart	1011986866
20,1	BlinkEnd	1011993296
1	0DropFeed	1011993376
20	Feed	1011993457
4,45,6,47	BlinkStart	1011993614
4,45,6,47	BlinkEnd	1011996770
6	Feed	1011996850
47	Feed	1011996930
19,1	BlinkStart	1011997072
19,1	BlinkEnd	1012008200
1	0DropFeed	1012008280
19	Feed	1012008360
4,45,6,50	BlinkStart	1012008528
4,45,6,50	BlinkEnd	1012011410
6	Feed	1012011490
50	Feed	1012011571
18,1	BlinkStart	1012011740
18,1	BlinkEnd	1012026782
1	0DropFeed	1012026862
18	Feed	1012026943
4,43,6,48	BlinkStart	1012027127
4,43,6,48	BlinkEnd	1012029790
6	Feed	1012029872
48	Feed	1012029952
17,1	BlinkStart	1012030100
17,1	BlinkEnd	1012039348
1	0DropFeed	1012039429
17	Feed	1012039510
4,42,6	BlinkStart	1012039695
4,42,6	BlinkEnd	1012042890
6	0DropFeed	1012042970
16,1	BlinkStart	1012043132
16,1	BlinkEnd	1012049107
1	0DropFeed	1012049188
16	Feed	1012049268
4,46,6,48	BlinkStart	1012049430
4,46,6,48	BlinkEnd	1012053257
6	Feed	1012053337
48	Feed	1012053417
14,1	BlinkStart	1012053574
14,1	BlinkEnd	1012065483
1	0DropFeed	1012065563
14	NoFeedAbort	1012065643
5	BlinkStart	1012075729
5	BlinkEnd	1012088409
5	NoFeedLowProb	1012088490
8,55	BlinkStart	1012088583
8,55	BlinkEnd	1012093156
8	Feed	1012093236
55	Feed	1012093316
5	BlinkStart	1012093456
5	BlinkEnd	1012103784
5	NoFeedLowProb	1012103864
8,56	BlinkStart	1012103954
8,56	BlinkEnd	1012107926
8	Feed	1012108006
56	Feed	1012108086
5	BlinkStart	1012108241
5	BlinkEnd	1012123902
5	NoFeedLowProb	1012123982
8	BlinkStart	1012124062
8	BlinkEnd	1012128848
8	0DropFeed	1012128929
30,5	BlinkStart	1012129097
30,5	BlinkEnd	1012135933
5	0DropFeed	1012136013
30	Feed	1012136093
8,52,2,38	BlinkStart	1012136252
8,52,2,38	BlinkEnd	1012140010
2	Feed	1012140090
38	Feed	1012140170
29,5	BlinkStart	1012140327
29,5	BlinkEnd	1012149502
5	0DropFeed	1012149582
29	Feed	1012149662
8,55,2,37	BlinkStart	1012149835
8,55,2,37	BlinkEnd	1012154381
8	Feed	1012154461
55	Feed	1012154542
28,5	BlinkStart	1012154715
28,5	BlinkEnd	1012165410
5	0DropFeed	1012165490
28	Feed	1012165570
8,53,2,37	BlinkStart	1012165729
8,53,2,37	BlinkEnd	1012171092
8	Feed	1012171172
53	Feed	1012171252
27,5	BlinkStart	1012171417
27,5	BlinkEnd	1012178979
5	0DropFeed	1012179059
27	Feed	1012179140
8,54,2,38	BlinkStart	1012179316
8,54,2,38	BlinkEnd	1012183791
8	Feed	1012183871
54	Feed	1012183951
26,5	BlinkStart	1012184115
26,5	BlinkEnd	1012192949
5	0DropFeed	1012193029
26	Feed	1012193110
8,55,2,37	BlinkStart	1012193274
8,55,2,37	BlinkEnd	1012197493
2	Feed	1012197573
37	Feed	1012197653
25,5	BlinkStart	1012197810
25,5	BlinkEnd	1012204913
5	0DropFeed	1012204993
25	Feed	1012205073
2,40,8	BlinkStart	1012205251
2,40,8	BlinkEnd	1012209537
8	0DropFeed	1012209617
23,5	BlinkStart	1012209756
23,5	BlinkEnd	1012216750
5	0DropFeed	1012216830
23	NoFeedAbort	1012216910
1	BlinkStart	1012226968
1	BlinkEnd	1012230781
1	NoFeedLowProb	1012230861
6,47	BlinkStart	1012230940
6,47	BlinkEnd	1012234463
6	Feed	1012234543
47	Feed	1012234623
1	BlinkStart	1012234761
1	BlinkEnd	1012243881
1	NoFeedLowProb	1012243961
6,47	BlinkStart	1012244044
6,47	BlinkEnd	1012248426
6	Feed	1012248506
47	Feed	1012248587
1	BlinkStart	1012248746
1	BlinkEnd	1012256449
1	NoFeedLowProb	1012256529
6,48	BlinkStart	1012256623
6,48	BlinkEnd	1012260123
6	Feed	1012260203
48	Feed	1012260284
21,1	BlinkStart	1012260429
21,1	BlinkEnd	1012272489
1	0DropFeed	1012272570
21	Feed	1012272650
6,50,4,42	BlinkStart	1012272818
6,50,4,42	BlinkEnd	1012275966
6	Feed	1012276046
50	Feed	1012276126
20,1	BlinkStart	1012276291
20,1	BlinkEnd	1012291939
1	0DropFeed	1012292019
20	Feed	1012292099
6,48,4,44	BlinkStart	1012292275
6,48,4,44	BlinkEnd	1012295082
6	Feed	1012295162
48	Feed	1012295242
19,1	BlinkStart	1012295400
19,1	BlinkEnd	1012316870
1	0DropFeed	1012316950
19	Feed	1012317030
6,47,4,45	BlinkStart	1012317211
6,47,4,45	BlinkEnd	1012320554
6	Feed	1012320634
47	Feed	1012320714
18,1	BlinkStart	1012320856
18,1	BlinkEnd	1012330975
1	0DropFeed	1012331055
18	Feed	1012331135
6,47,4,44	BlinkStart	1012331295
6,47,4,44	BlinkEnd	1012334518
6	Feed	1012334598
47	Feed	1012334679
17,1	BlinkStart	1012334862
17,1	BlinkEnd	1012344677
1	0DropFeed	1012344757
17	Feed	1012344837
6,48,4,46	BlinkStart	1012345019
6,48,4,46	BlinkEnd	1012348687
6	Feed	1012348768
48	Feed	1012348848
16,1	BlinkStart	1012349009
16,1	BlinkEnd	1012358982
1	0DropFeed	1012359062
16	Feed	1012359142
4,46,6	BlinkStart	1012359291
4,46,6	BlinkEnd	1012363193
6	0DropFeed	1012363274
14,1	BlinkStart	1012363441
14,1	BlinkEnd	1012369008
1	0DropFeed	1012369088
14	NoFeedAbort	1012369169
5	BlinkStart	1012379240
5	BlinkEnd	1012379504
5	NoFeedLowProb	1012379584
2	BlinkStart	1012379670
2	BlinkEnd	1012389327
2	0DropFeed	1012389407
5	BlinkStart	1012389578
5	BlinkEnd	1012429565
5	NoFeedLowProb	1012429646
2,40	BlinkStart	1012429747
2,40	BlinkEnd	1012433509
2	Feed	1012433589
40	Feed	1012433669
5	BlinkStart	1012433808
5	BlinkEnd	1012445140
5	NoFeedLowProb	1012445220
2,39	BlinkStart	1012445310
2,39	BlinkEnd	1012448949
2	Feed	1012449030
39	Feed	1012449110
30,5	BlinkStart	1012449251
30,5	BlinkEnd	1012458440
5	0DropFeed	1012458520
30	Feed	1012458600
8,54,2	BlinkStart	1012458773
8,54,2	BlinkEnd	1012462049
2	0DropFeed	1012462129
29,5	BlinkStart	1012462284
29,5	BlinkEnd	1012467665
5	0DropFeed	1012467745
29	Feed	1012467825
2,41,8,54	BlinkStart	1012467976
2,41,8,54	BlinkEnd	1012472075
8	Feed	1012472155
54	Feed	1012472236
28,5	BlinkStart	1012472413
28,5	BlinkEnd	1012481367
5	0DropFeed	1012481447
28	Feed	1012481528
2,39,8,55	BlinkStart	1012481677
2,39,8,55	BlinkEnd	1012485577
8	Feed	1012485657
55	Feed	1012485737
27,5	BlinkStart	1012485896
27,5	BlinkEnd	1012496406
5	0DropFeed	1012496486
27	Feed	1012496566
2,38,8	BlinkStart	1012496721
2,38,8	BlinkEnd	1012500616
8	0DropFeed	1012500696
26,5	BlinkStart	1012500860
26,5	BlinkEnd	1012507501
5	0DropFeed	1012507582
26	Feed	1012507662
2,37,8,54	BlinkStart	1012507858
2,37,8,54	BlinkEnd	1012512448
8	Feed	1012512528
54	Feed	1012512608
25,5	BlinkStart	1012512765
25,5	BlinkEnd	1012522741
5	0DropFeed	1012522821
25	Feed	1012522901
2,37,8	BlinkStart	1012523082
2,37,8	BlinkEnd	1012527820
8	0DropFeed	1012527901
23,5	BlinkStart	1012528062
23,5	BlinkEnd	1012532633
5	0DropFeed	1012532714
23	NoFeedAbort	1012532794
1	BlinkStart	1012542860
1	BlinkEnd	1012543124
1	NoFeedLowProb	1012543205
6,51	BlinkStart	1012543287
6,51	BlinkEnd	1012546737
6	Feed	1012546818
51	Feed	1012546899
1	BlinkStart	1012547057
1	BlinkEnd	1012562311
1	NoFeedLowProb	1012562391
6,48	BlinkStart	1012562508
6,48	BlinkEnd	1012565726
6	Feed	1012565807
48	Feed	1012565887
1	BlinkStart	1012566047
1	BlinkEnd	1012575545
1	NoFeedLowProb	1012575626
6,50	BlinkStart	1012575705
6,50	BlinkEnd	1012579689
6	Feed	1012579769
50	Feed	1012579850
21,1	BlinkStart	1012579998
21,1	BlinkEnd	1012599815
1	0DropFeed	1012599895
21	Feed	1012599975
6,51,4,45	BlinkStart	1012600154
6,51,4,45	BlinkEnd	1012604153
6	Feed	1012604233
51	Feed	1012604313
20,1	BlinkStart	1012604472
20,1	BlinkEnd	1012637172
1	0DropFeed	1012637252
20	Feed	1012637332
6,51,4,44	BlinkStart	1012637503
6,51,4,44	BlinkEnd	1012641450
6	Feed	1012641530
51	Feed	1012641610
19,1	BlinkStart	1012641750
19,1	BlinkEnd	1012665245
1	0DropFeed	1012665325
19	Feed	1012665405
6,50,4,42	BlinkStart	1012665576
6,50,4,42	BlinkEnd	1012668926
6	Feed	1012669006
50	Feed	1012669086
18,1	BlinkStart	1012669232
18,1	BlinkEnd	1012684630
1	0DropFeed	1012684710
18	Feed	1012684791
6,48,4,45	BlinkStart	1012684969
6,48,4,45	BlinkEnd	1012688238
6	Feed	1012688318
48	Feed	1012688398
17,1	BlinkStart	1012688586
17,1	BlinkEnd	1012700937
1	0DropFeed	1012701018
17	Feed	1012701098
4,43,6	BlinkStart	1012701248
4,43,6	BlinkEnd	1012705351
6	0DropFeed	1012705431
16,1	BlinkStart	1012705591
16,1	BlinkEnd	1012723665
1	0DropFeed	1012723745
16	Feed	1012723825
6,47,4,46	BlinkStart	1012723994
6,47,4,46	BlinkEnd	1012727548
6	Feed	1012727628
47	Feed	1012727708
14,1	BlinkStart	1012727867
14,1	BlinkEnd	1012737110
1	0DropFeed	1012737191
14	NoFeedAbort	1012737271
5	BlinkStart	1012747341
5	BlinkEnd	1012752409
5	NoFeedLowProb	1012752489
2,37	BlinkStart	1012752565
2,37	BlinkEnd	1012756016
2	Feed	1012756096
37	Feed	1012756176
5	BlinkStart	1012756315
5	BlinkEnd	1012763769
5	NoFeedLowProb	1012763849
2,40	BlinkStart	1012763937
2,40	BlinkEnd	1012768047
2	Feed	1012768127
40	Feed	1012768207
5	BlinkStart	1012768348
5	BlinkEnd	1012781483
5	NoFeedLowProb	1012781564
2	BlinkStart	1012781664
2	BlinkEnd	1012785492
2	0DropFeed	1012785572
30,5	BlinkStart	1012785756
30,5	BlinkEnd	1012792176
5	0DropFeed	1012792256
30	Feed	1012792336
2,38,8,56	BlinkStart	1012792516
2,38,8,56	BlinkEnd	1012796921
8	Feed	1012797001
56	Feed	1012797082
29,5	BlinkStart	1012797243
29,5	BlinkEnd	1012810959
5	0DropFeed	1012811039
29	Feed	1012811119
2,37,8,56	BlinkStart	1012811268
2,37,8,56	BlinkEnd	1012815637
8	Feed	1012815717
56	Feed	1012815798
28,5	BlinkStart	1012815985
28,5	BlinkEnd	1012827601
5	0DropFeed	1012827681
28	Feed	1012827761
2,41,8,53	BlinkStart	1012827943
2,41,8,53	BlinkEnd	1012831479
8	Feed	1012831559
53	Feed	1012831639
27,5	BlinkStart	1012831788
27,5	BlinkEnd	1012841104
5	0DropFeed	1012841184
27	Feed	1012841264
2,41,8	BlinkStart	1012841428
2,41,8	BlinkEnd	1012845515
8	0DropFeed	1012845595
26,5	BlinkStart	1012845759
26,5	BlinkEnd	1012852267
5	0DropFeed	1012852347
26	Feed	1012852427
2,39,8,53	BlinkStart	1012852572
2,39,8,53	BlinkEnd	1012858417
8	Feed	1012858497
53	Feed	1012858577
25,5	BlinkStart	1012858746
25,5	BlinkEnd	1012867305
5	0DropFeed	1012867385
25	Feed	1012867465
2,39,8,56	BlinkStart	1012867623
2,39,8,56	BlinkEnd	1012872452
8	Feed	1012872532
56	Feed	1012872612
23,5	BlinkStart	1012872792
23,5	BlinkEnd	1012886689
5	0DropFeed	1012886769
23	NoFeedAbort	1012886849
1	BlinkStart	1012896910
1	BlinkEnd	1012926062
1	NoFeedLowProb	1012926142
4,43	BlinkStart	1012926236
4,43	BlinkEnd	1012930336
4	Feed	1012930416
43	Feed	1012930496
1	BlinkStart	1012930636
1	BlinkEnd	1012943504
1	NoFeedLowProb	1012943584
4	BlinkStart	1012943643
4	BlinkEnd	1012948183
4	0DropFeed	1012948263
1	BlinkStart	1012948432
1	BlinkEnd	1012955669
1	NoFeedLowProb	1012955750
4,46	BlinkStart	1012955850
4,46	BlinkEnd	1012961550
4	Feed	1012961631
46	Feed	1012961712
21,1	BlinkStart	1012961860
21,1	BlinkEnd	1012978932
1	0DropFeed	1012979012
21	Feed	1012979092
6,50,4	BlinkStart	1012979252
6,50,4	BlinkEnd	1012982740
6	Feed	1012982820
50	Feed	1012982900
20,1	BlinkStart	1012983063
20,1	BlinkEnd	1012999984
1	0DropFeed	1013000064
20	Feed	1013000145
4,42,6,51	BlinkStart	1013000316
4,42,6,51	BlinkEnd	1013003928
6	Feed	1013004008
51	Feed	1013004088
19,1	BlinkStart	1013004229
19,1	BlinkEnd	1013024047
1	0DropFeed	1013024127
19	Feed	1013024208
4,43,6	BlinkStart	1013024360
4,43,6	BlinkEnd	1013028191
6	0DropFeed	1013028271
18,1	BlinkStart	1013028439
18,1	BlinkEnd	1013036479
1	0DropFeed	1013036559
18	Feed	1013036639
6,48,4	BlinkStart	1013036783
6,48,4	BlinkEnd	1013041158
6	Feed	1013041238
48	Feed	1013041318
17,1	BlinkStart	1013041487
17,1	BlinkEnd	1013057202
1	0DropFeed	1013057282
17	Feed	1013057362
4,46,6,51	BlinkStart	1013057552
4,46,6,51	BlinkEnd	1013061412
6	Feed	1013061492
51	Feed	1013061572
16,1	BlinkStart	1013061745
16,1	BlinkEnd	1013084470
1	0DropFeed	1013084550
16	Feed	1013084631
4,45,6	BlinkStart	1013084798
4,45,6	BlinkEnd	1013089350
6	0DropFeed	1013089430
14,1	BlinkStart	1013089592
14,1	BlinkEnd	1013096570
1	0DropFeed	1013096650
14	NoFeedAbort	1013096730
5	BlinkStart	1013106803
5	BlinkEnd	1013141152
5	NoFeedLowProb	1013141232
8,56	BlinkStart	1013141351
8,56	BlinkEnd	1013145832
8	Feed	1013145913
56	Feed	1013145993
5	BlinkStart	1013146157
5	BlinkEnd	1013159466
5	NoFeedLowProb	1013159546
8,53	BlinkStart	1013159628
8,53	BlinkEnd	1013164346
8	Feed	1013164426
53	Feed	1013164506
5	BlinkStart	1013164670
5	BlinkEnd	1013173769
5	NoFeedLowProb	1013173850
8	BlinkStart	1013173935
8	BlinkEnd	1013179719
8	0DropFeed	1013179800
30,5	BlinkStart	1013179962
30,5	BlinkEnd	1013199437
5	0DropFeed	1013199518
30	Feed	1013199598
2,38,8	BlinkStart	1013199752
2,38,8	BlinkEnd	1013204050
2	Feed	1013204130
38	Feed	1013204211
29,5	BlinkStart	1013204357
29,5	BlinkEnd	1013227979
5	0DropFeed	1013228059
29	Feed	1013228139
8,55,2,41	BlinkStart	1013228322
8,55,2,41	BlinkEnd	1013233326
8	Feed	1013233406
55	Feed	1013233486
28,5	BlinkStart	1013233691
28,5	BlinkEnd	1013246158
5	0DropFeed	1013246238
28	Feed	1013246318
8,56,2	BlinkStart	1013246470
8,56,2	BlinkEnd	1013251840
8	Feed	1013251920
56	Feed	1013252000
27,5	BlinkStart	1013252144
27,5	BlinkEnd	1013270556
5	0DropFeed	1013270637
27	Feed	1013270717
8,56,2,38	BlinkStart	1013270893
8,56,2,38	BlinkEnd	1013277240
8	Feed	1013277320
56	Feed	1013277400
26,5	BlinkStart	1013277552
26,5	BlinkEnd	1013293015
5	0DropFeed	1013293095
26	Feed	1013293175
8,52,2,39	BlinkStart	1013293330
8,52,2,39	BlinkEnd	1013299431
8	Feed	1013299511
52	Feed	1013299591
25,5	BlinkStart	1013299741
25,5	BlinkEnd	1013308054
5	0DropFeed	1013308134
25	Feed	1013308215
8,56,2,39	BlinkStart	1013308406
8,56,2,39	BlinkEnd	1013314203
2	Feed	1013314283
39	Feed	1013314363
23,5	BlinkStart	1013314527
23,5	BlinkEnd	1013326569
5	0DropFeed	1013326649
23	NoFeedAbort	1013326729
1	BlinkStart	1013336791
1	BlinkEnd	1013346621
1	NoFeedLowProb	1013346701
4,44	BlinkStart	1013346798
4,44	BlinkEnd	1013351166
4	Feed	1013351246
44	Feed	1013351326
1	BlinkStart	1013351477
1	BlinkEnd	1013370215
1	NoFeedLowProb	1013370295
4,43	BlinkStart	1013370392
4,43	BlinkEnd	1013374961
4	Feed	1013375041
43	Feed	1013375121
1	BlinkStart	1013375290
1	BlinkEnd	1013386258
1	NoFeedLowProb	1013386338
4,46	BlinkStart	1013386428
4,46	BlinkEnd	1013393810
4	Feed	1013393890
46	Feed	1013393970
21,1	BlinkStart	1013394113
21,1	BlinkEnd	1013411992
1	0DropFeed	1013412072
21	Feed	1013412152
6,49,4	BlinkStart	1013412310
6,49,4	BlinkEnd	1013416882
6	Feed	1013416962
49	Feed	1013417042
20,1	BlinkStart	1013417189
20,1	BlinkEnd	1013433246
1	0DropFeed	1013433326
20	Feed	1013433406
4,43,6,47	BlinkStart	1013433549
4,43,6,47	BlinkEnd	1013437591
6	Feed	1013437671
47	Feed	1013437751
19,1	BlinkStart	1013437928
19,1	BlinkEnd	1013448286
1	0DropFeed	1013448366
19	Feed	1013448447
4,43,6,47	BlinkStart	1013448644
4,43,6,47	BlinkEnd	1013452964
6	Feed	1013453044
47	Feed	1013453124
18,1	BlinkStart	1013453286
18,1	BlinkEnd	1013489393
1	0DropFeed	1013489473
18	Feed	1013489553
4,46,6,50	BlinkStart	1013489719
4,46,6,50	BlinkEnd	1013494547
6	Feed	1013494627
50	Feed	1013494707
17,1	BlinkStart	1013494873
17,1	BlinkEnd	1013513120
1	0DropFeed	1013513200
17	Feed	1013513281
6,4	BlinkStart	1013513426
6,4	BlinkEnd	1013517399
6	0DropFeed	1013517479
16,1	BlinkStart	1013517647
16,1	BlinkEnd	1013524551
1	0DropFeed	1013524631
16	Feed	1013524711
4,44,6,50	BlinkStart	1013524887
4,44,6,50	BlinkEnd	1013529831
6	Feed	1013529912
50	Feed	1013529993
14,1	BlinkStart	1013530171
14,1	BlinkEnd	1013547750
1	0DropFeed	1013547830
14	NoFeedAbort	1013547910
5	BlinkStart	1013557972
5	BlinkEnd	1013558840
5	NoFeedLowProb	1013558921
2,39	BlinkStart	1013559032
2,39	BlinkEnd	1013567130
2	Feed	1013567210
39	Feed	1013567290
5	BlinkStart	1013567428
5	BlinkEnd	1013825276
5	NoFeedLowProb	1013825356
2,38	BlinkStart	1013825430
2,38	BlinkEnd	1013830012
2	Feed	1013830092
38	Feed	1013830172
5	BlinkStart	1013830330
5	BlinkEnd	1013843381
5	NoFeedLowProb	1013843461
2,41	BlinkStart	1013843524
2,41	BlinkEnd	1013848394
2	Feed	1013848474
41	Feed	1013848554
30,5	BlinkStart	1013848712
30,5	BlinkEnd	1013865240
5	0DropFeed	1013865320
30	Feed	1013865400
2,39,8,52	BlinkStart	1013865566
2,39,8,52	BlinkEnd	1013869716
2	Feed	1013869796
39	Feed	1013869876
29,5	BlinkStart	1013870015
29,5	BlinkEnd	1013883085
5	0DropFeed	1013883165
29	Feed	1013883245
8,52,2	BlinkStart	1013883419
8,52,2	BlinkEnd	1013888499
8	Feed	1013888579
52	Feed	1013888659
28,5	BlinkStart	1013888845
28,5	BlinkEnd	1013897255
5	0DropFeed	1013897335
28	Feed	1013897415
8,55,2	BlinkStart	1013897573
8,55,2	BlinkEnd	1013902468
8	Feed	1013902548
55	Feed	1013902628
27,5	BlinkStart	1013902764
27,5	BlinkEnd	1013917976
5	0DropFeed	1013918057
27	Feed	1013918137
2,38,8,54	BlinkStart	1013918289
2,38,8,54	BlinkEnd	1013924929
8	Feed	1013925009
54	Feed	1013925089
26,5	BlinkStart	1013925240
26,5	BlinkEnd	1013938430
5	0DropFeed	1013938511
26	Feed	1013938592
2,41,8,52	BlinkStart	1013938770
2,41,8,52	BlinkEnd	1013944445
8	Feed	1013944525
52	Feed	1013944605
25,5	BlinkStart	1013944747
25,5	BlinkEnd	1013952477
5	0DropFeed	1013952557
25	Feed	1013952637
2,38,8,54	BlinkStart	1013952812
2,38,8,54	BlinkEnd	1013958415
8	Feed	1013958496
54	Feed	1013958576
23,5	BlinkStart	1013958726
23,5	BlinkEnd	1013971650
5	0DropFeed	1013971730
23	NoFeedAbort	1013971811
1	BlinkStart	1013981917
1	BlinkEnd	1013993305
1	NoFeedLowProb	1013993385
4,42	BlinkStart	1013993470
4,42	BlinkEnd	1013997048
4	Feed	1013997129
42	Feed	1013997209
1	BlinkStart	1013997357
1	BlinkEnd	1014006340
1	NoFeedLowProb	1014006420
4,43	BlinkStart	1014006526
4,43	BlinkEnd	1014011894
4	Feed	1014011974
43	Feed	1014012054
1	BlinkStart	1014012214
1	BlinkEnd	1014021779
1	NoFeedLowProb	1014021859
4,45	BlinkStart	1014021972
4,45	BlinkEnd	1014026926
4	Feed	1014027006
45	Feed	1014027086
21,1	BlinkStart	1014027240
21,1	BlinkEnd	1014042233
1	0DropFeed	1014042313
21	Feed	1014042393
4,44,6,48	BlinkStart	1014042558
4,44,6,48	BlinkEnd	1014046712
6	Feed	1014046792
48	Feed	1014046872
20,1	BlinkStart	1014047038
20,1	BlinkEnd	1014060347
1	0DropFeed	1014060427
20	Feed	1014060507
4,46,6,49	BlinkStart	1014060673
4,46,6,49	BlinkEnd	1014064359
6	Feed	1014064439
49	Feed	1014064519
19,1	BlinkStart	1014064692
19,1	BlinkEnd	1014080599
1	0DropFeed	1014080679
19	Feed	1014080760
4,43,6,48	BlinkStart	1014080935
4,43,6,48	BlinkEnd	1014085278
6	Feed	1014085358
48	Feed	1014085439
18,1	BlinkStart	1014085579
18,1	BlinkEnd	1014100986
1	0DropFeed	1014101066
18	Feed	1014101146
6,50,4	BlinkStart	1014101322
6,50,4	BlinkEnd	1014105664
6	Feed	1014105744
50	Feed	1014105824
17,1	BlinkStart	1014105977
17,1	BlinkEnd	1014123645
1	0DropFeed	1014123725
17	Feed	1014123805
4,44,6,50	BlinkStart	1014123998
4,44,6,50	BlinkEnd	1014127521
6	Feed	1014127601
50	Feed	1014127681
16,1	BlinkStart	1014127819
16,1	BlinkEnd	1014145835
1	0DropFeed	1014145915
16	Feed	1014145995
4,43,6,49	BlinkStart	1014146163
4,43,6,49	BlinkEnd	1014150248
6	Feed	1014150328
49	Feed	1014150408
14,1	BlinkStart	1014150548
14,1	BlinkEnd	1014168028
1	0DropFeed	1014168108
14	NoFeedAbort	1014168188
5	BlinkStart	1014178248
5	BlinkEnd	1014189951
5	NoFeedLowProb	1014190031
8	BlinkStart	1014190090
8	BlinkEnd	1014194696
8	0DropFeed	1014194776
5	BlinkStart	1014194937
5	BlinkEnd	1014298451
5	NoFeedLowProb	1014298531
8,54	BlinkStart	1014298608
8,54	BlinkEnd	1014303379
8	Feed	1014303459
54	Feed	1014303539
5	BlinkStart	1014303694
5	BlinkEnd	1014315011
5	NoFeedLowProb	1014315091
8	BlinkStart	1014315182
8	BlinkEnd	1014320960
8	0DropFeed	1014321041
30,5	BlinkStart	1014321205
30,5	BlinkEnd	1014328045
5	0DropFeed	1014328125
30	Feed	1014328205
8,56,2,41	BlinkStart	1014328370
8,56,2,41	BlinkEnd	1014333125
2	Feed	1014333205
41	Feed	1014333285
29,5	BlinkStart	1014333450
29,5	BlinkEnd	1014348029
5	0DropFeed	1014348109
29	Feed	1014348190
2,38,8	BlinkStart	1014348342
2,38,8	BlinkEnd	1014352976
2	Feed	1014353056
38	Feed	1014353136
28,5	BlinkStart	1014353303
28,5	BlinkEnd	1014390549
5	0DropFeed	1014390629
28	Feed	1014390709
2,41,8	BlinkStart	1014390856
2,41,8	BlinkEnd	1014395753
2	Feed	1014395834
41	Feed	1014395915
27,5	BlinkStart	1014396054
27,5	BlinkEnd	1014413734
5	0DropFeed	1014413814
27	Feed	1014413894
8,56,2,41	BlinkStart	1014414078
8,56,2,41	BlinkEnd	1014419816
8	Feed	1014419897
56	Feed	1014419978
26,5	BlinkStart	1014420136
26,5	BlinkEnd	1014434728
5	0DropFeed	1014434808
26	Feed	1014434888
2,40,8	BlinkStart	1014435049
2,40,8	BlinkEnd	1014444147
8	0DropFeed	1014444227
25,5	BlinkStart	1014444381
25,5	BlinkEnd	1014569618
5	0DropFeed	1014569698
25	Feed	1014569778
8,53,2,39	BlinkStart	1014569946
8,53,2,39	BlinkEnd	1014579432
8	Feed	1014579512
53	Feed	1014579592
23,5	BlinkStart	1014579747
23,5	BlinkEnd	1014604766
5	0DropFeed	1014604846
23	NoFeedAbort	1014604926
0	StopTraining	1014614928
0	StopTraining	1014614929
0	StopTraining	1014614929
0	StopTraining	1014614930
0	StopTraining	1014614931
0	StopTraining	1014614931
0	StopTraining	1014614932
0	StopTraining	1014614932
1	BlinkStart	1014614988
1	BlinkEnd	1014615251
