Ver1.3	587259864	StartFile	10/19/2020	2:21:26 PM	E:\BehavioralExperiments\Gerald\Horizon\RawData\101920\SoundData.txt	587259864
587741049	Triggered	5,23,24,25,26,27,28,29,30,31,	 NoSound	40	2	587741049
587741250	Triggered	5,23,24,25,26,27,28,29,30,31,	 StopSoundShort	40	2	587741250
587762047	Triggered	1,14,15,16,17,18,19,20,21,22,	 NoSound	40	2	587762047
587765478	Triggered	4,42,43,44,45,46,	 NoSound	40	2	587765478
587765681	Triggered	4,42,43,44,45,46,	 File_beep5	40	2	587765681
587782383	Triggered	1,14,15,16,17,18,19,20,21,22,	 NoSound	40	2	587782383
587785572	Triggered	4,42,43,44,45,46,	 NoSound	40	2	587785572
587785773	Triggered	4,42,43,44,45,46,	 File_beep5	40	2	587785773
587800492	Triggered	1,14,15,16,17,18,19,20,21,22,	 NoSound	40	2	587800492
587803332	Triggered	4,42,43,44,45,46,	 NoSound	40	2	587803332
587803535	Triggered	4,42,43,44,45,46,	 File_beep5	40	2	587803535
587816919	Triggered	1,14,15,16,17,18,19,20,21,22,	 NoSound	40	2	587816919
587817133	Triggered	1,14,15,16,17,18,19,20,21,22,	 PureTone-11kHz	40	2	587817133
587819866	Triggered	4,42,43,44,45,46,	 NoSound	40	2	587819866
587820068	Triggered	4,42,43,44,45,46,	 File_beep5	40	2	587820068
587831961	Triggered	1,14,15,16,17,18,19,20,21,22,	 NoSound	40	2	587831961
587832163	Triggered	1,14,15,16,17,18,19,20,21,22,	 PureTone-11kHz	40	2	587832163
587834788	Triggered	4,42,43,44,45,46,	 NoSound	40	2	587834788
587834989	Triggered	4,42,43,44,45,46,	 File_beep5	40	2	587834989
587847061	Triggered	1,14,15,16,17,18,19,20,21,22,	 NoSound	40	2	587847061
587847265	Triggered	1,14,15,16,17,18,19,20,21,22,	 PureTone-11kHz	40	2	587847265
587850311	Triggered	4,42,43,44,45,46,	 NoSound	40	2	587850311
587850513	Triggered	4,42,43,44,45,46,	 File_beep5	40	2	587850513
587864028	Triggered	1,14,15,16,17,18,19,20,21,22,	 NoSound	40	2	587864028
587864231	Triggered	1,14,15,16,17,18,19,20,21,22,	 PureTone-11kHz	40	2	587864231
587867578	Triggered	4,42,43,44,45,46,	 NoSound	40	2	587867578
587867781	Triggered	4,42,43,44,45,46,	 File_beep5	40	2	587867781
587937191	Triggered	1,14,15,16,17,18,19,20,21,22,	 NoSound	40	2	587937191
587937395	Triggered	1,14,15,16,17,18,19,20,21,22,	 PureTone-11kHz	40	2	587937395
587940679	Triggered	4,42,43,44,45,46,	 NoSound	40	2	587940679
587940882	Triggered	4,42,43,44,45,46,	 File_beep5	40	2	587940882
587954819	Triggered	1,14,15,16,17,18,19,20,21,22,	 NoSound	40	2	587954819
587955023	Triggered	1,14,15,16,17,18,19,20,21,22,	 PureTone-11kHz	40	2	587955023
587957647	Triggered	4,42,43,44,45,46,	 NoSound	40	2	587957647
587957848	Triggered	4,42,43,44,45,46,	 File_beep5	40	2	587957848
587970521	Triggered	1,14,15,16,17,18,19,20,21,22,	 NoSound	40	2	587970521
587970726	Triggered	1,14,15,16,17,18,19,20,21,22,	 PureTone-11kHz	40	2	587970726
587973109	Triggered	4,42,43,44,45,46,	 NoSound	40	2	587973109
587973312	Triggered	4,42,43,44,45,46,	 File_beep5	40	2	587973312
587986104	Triggered	1,14,15,16,17,18,19,20,21,22,	 NoSound	40	2	587986104
587986307	Triggered	1,14,15,16,17,18,19,20,21,22,	 PureTone-11kHz	40	2	587986307
587988752	Triggered	4,42,43,44,45,46,	 NoSound	40	2	587988752
587988954	Triggered	4,42,43,44,45,46,	 File_beep5	40	2	587988954
588001386	Triggered	1,14,15,16,17,18,19,20,21,22,	 NoSound	40	2	588001386
588001591	Triggered	1,14,15,16,17,18,19,20,21,22,	 PureTone-11kHz	40	2	588001591
588004403	Triggered	4,42,43,44,45,46,	 NoSound	40	2	588004403
588004605	Triggered	4,42,43,44,45,46,	 File_beep5	40	2	588004605
588018534	Triggered	1,14,15,16,17,18,19,20,21,22,	 NoSound	40	2	588018534
588018737	Triggered	1,14,15,16,17,18,19,20,21,22,	 PureTone-9kHz	40	2	588018737
588020940	Triggered	4,42,43,44,45,46,	 NoSound	40	2	588020940
588021142	Triggered	4,42,43,44,45,46,	 File_beep5	40	2	588021142
588034297	Triggered	1,14,15,16,17,18,19,20,21,22,	 NoSound	40	2	588034297
588034499	Triggered	1,14,15,16,17,18,19,20,21,22,	 PureTone-7kHz	40	2	588034499
588036947	Triggered	4,42,43,44,45,46,	 NoSound	40	2	588036947
588037149	Triggered	4,42,43,44,45,46,	 File_beep5	40	2	588037149
588059747	Triggered	1,14,15,16,17,18,19,20,21,22,	 NoSound	40	2	588059747
588059951	Triggered	1,14,15,16,17,18,19,20,21,22,	 PureTone-5kHz	40	2	588059951
588063478	Triggered	4,42,43,44,45,46,	 NoSound	40	2	588063478
588063681	Triggered	4,42,43,44,45,46,	 File_beep5	40	2	588063681
588100606	Triggered	1,14,15,16,17,18,19,20,21,22,	 NoSound	40	2	588100606
588100809	Triggered	1,14,15,16,17,18,19,20,21,22,	 PureTone-3kHz	40	2	588100809
588103127	Triggered	4,42,43,44,45,46,	 NoSound	40	2	588103127
588103330	Triggered	4,42,43,44,45,46,	 File_beep5	40	2	588103330
588116184	Triggered	1,14,15,16,17,18,19,20,21,22,	 NoSound	40	2	588116184
588116386	Triggered	1,14,15,16,17,18,19,20,21,22,	 PureTone-2kHz	40	2	588116386
588119131	Triggered	4,42,43,44,45,46,	 NoSound	40	2	588119131
588119332	Triggered	4,42,43,44,45,46,	 File_beep5	40	2	588119332
588131346	Triggered	1,14,15,16,17,18,19,20,21,22,	 NoSound	40	2	588131346
588131547	Triggered	1,14,15,16,17,18,19,20,21,22,	 PureTone-1kHz	40	2	588131547
588133751	Triggered	4,42,43,44,45,46,	 NoSound	40	2	588133751
588133954	Triggered	4,42,43,44,45,46,	 File_beep5	40	2	588133954
588145724	Triggered	1,14,15,16,17,18,19,20,21,22,	 NoSound	40	2	588145724
588145924	Triggered	1,14,15,16,17,18,19,20,21,22,	 StopSoundShort	40	2	588145924
588156976	Triggered	5,23,24,25,26,27,28,29,30,31,	 NoSound	40	2	588156976
588161127	Triggered	8,52,53,54,55,56,	 NoSound	40	2	588161127
588161329	Triggered	8,52,53,54,55,56,	 File_beep3	40	2	588161329
588173219	Triggered	5,23,24,25,26,27,28,29,30,31,	 NoSound	40	2	588173219
588176831	Triggered	8,52,53,54,55,56,	 NoSound	40	2	588176831
588177032	Triggered	8,52,53,54,55,56,	 File_beep3	40	2	588177032
588189344	Triggered	5,23,24,25,26,27,28,29,30,31,	 NoSound	40	2	588189344
588192232	Triggered	8,52,53,54,55,56,	 NoSound	40	2	588192232
588192434	Triggered	8,52,53,54,55,56,	 File_beep3	40	2	588192434
588203183	Triggered	5,23,24,25,26,27,28,29,30,31,	 NoSound	40	2	588203183
588203386	Triggered	5,23,24,25,26,27,28,29,30,31,	 PureTone-11kHz	40	2	588203386
588206191	Triggered	8,52,53,54,55,56,	 NoSound	40	2	588206191
588206393	Triggered	8,52,53,54,55,56,	 File_beep3	40	2	588206393
588216011	Triggered	5,23,24,25,26,27,28,29,30,31,	 NoSound	40	2	588216011
588216216	Triggered	5,23,24,25,26,27,28,29,30,31,	 PureTone-11kHz	40	2	588216216
588218886	Triggered	8,52,53,54,55,56,	 NoSound	40	2	588218886
588219088	Triggered	8,52,53,54,55,56,	 File_beep3	40	2	588219088
588229174	Triggered	5,23,24,25,26,27,28,29,30,31,	 NoSound	40	2	588229174
588229379	Triggered	5,23,24,25,26,27,28,29,30,31,	 PureTone-11kHz	40	2	588229379
588231831	Triggered	8,52,53,54,55,56,	 NoSound	40	2	588231831
588232041	Triggered	8,52,53,54,55,56,	 File_beep3	40	2	588232041
588247765	Triggered	5,23,24,25,26,27,28,29,30,31,	 NoSound	40	2	588247765
588247970	Triggered	5,23,24,25,26,27,28,29,30,31,	 PureTone-11kHz	40	2	588247970
588250600	Triggered	8,52,53,54,55,56,	 NoSound	40	2	588250600
588250802	Triggered	8,52,53,54,55,56,	 File_beep3	40	2	588250802
588261183	Triggered	5,23,24,25,26,27,28,29,30,31,	 NoSound	40	2	588261183
588261388	Triggered	5,23,24,25,26,27,28,29,30,31,	 PureTone-11kHz	40	2	588261388
588264318	Triggered	8,52,53,54,55,56,	 NoSound	40	2	588264318
588264519	Triggered	8,52,53,54,55,56,	 File_beep3	40	2	588264519
588273636	Triggered	5,23,24,25,26,27,28,29,30,31,	 NoSound	40	2	588273636
588273852	Triggered	5,23,24,25,26,27,28,29,30,31,	 PureTone-11kHz	40	2	588273852
588276885	Triggered	8,52,53,54,55,56,	 NoSound	40	2	588276885
588277087	Triggered	8,52,53,54,55,56,	 File_beep3	40	2	588277087
588287113	Triggered	5,23,24,25,26,27,28,29,30,31,	 NoSound	40	2	588287113
588287333	Triggered	5,23,24,25,26,27,28,29,30,31,	 PureTone-11kHz	40	2	588287333
588289520	Triggered	8,52,53,54,55,56,	 NoSound	40	2	588289520
588289722	Triggered	8,52,53,54,55,56,	 File_beep3	40	2	588289722
588299270	Triggered	5,23,24,25,26,27,28,29,30,31,	 NoSound	40	2	588299270
588299473	Triggered	5,23,24,25,26,27,28,29,30,31,	 PureTone-11kHz	40	2	588299473
588301975	Triggered	8,52,53,54,55,56,	 NoSound	40	2	588301975
588302176	Triggered	8,52,53,54,55,56,	 File_beep3	40	2	588302176
588312083	Triggered	5,23,24,25,26,27,28,29,30,31,	 NoSound	40	2	588312083
588312288	Triggered	5,23,24,25,26,27,28,29,30,31,	 PureTone-11kHz	40	2	588312288
588314850	Triggered	8,52,53,54,55,56,	 NoSound	40	2	588314850
588315051	Triggered	8,52,53,54,55,56,	 File_beep3	40	2	588315051
588325259	Triggered	5,23,24,25,26,27,28,29,30,31,	 NoSound	40	2	588325259
588325463	Triggered	5,23,24,25,26,27,28,29,30,31,	 PureTone-9kHz	40	2	588325463
588327786	Triggered	8,52,53,54,55,56,	 NoSound	40	2	588327786
588327988	Triggered	8,52,53,54,55,56,	 File_beep3	40	2	588327988
588337712	Triggered	5,23,24,25,26,27,28,29,30,31,	 NoSound	40	2	588337712
588337916	Triggered	5,23,24,25,26,27,28,29,30,31,	 PureTone-7kHz	40	2	588337916
588340480	Triggered	8,52,53,54,55,56,	 NoSound	40	2	588340480
588340682	Triggered	8,52,53,54,55,56,	 File_beep3	40	2	588340682
588350304	Triggered	5,23,24,25,26,27,28,29,30,31,	 NoSound	40	2	588350304
588350506	Triggered	5,23,24,25,26,27,28,29,30,31,	 PureTone-5kHz	40	2	588350506
588353303	Triggered	8,52,53,54,55,56,	 NoSound	40	2	588353303
588353505	Triggered	8,52,53,54,55,56,	 File_beep3	40	2	588353505
588362802	Triggered	5,23,24,25,26,27,28,29,30,31,	 NoSound	40	2	588362802
588363004	Triggered	5,23,24,25,26,27,28,29,30,31,	 PureTone-3kHz	40	2	588363004
588367013	Triggered	2,37,38,39,40,41,	 NoSound	40	2	588367013
588367215	Triggered	2,37,38,39,40,41,	 File_beep2	40	2	588367215
588376821	Triggered	5,23,24,25,26,27,28,29,30,31,	 NoSound	40	2	588376821
588377023	Triggered	5,23,24,25,26,27,28,29,30,31,	 PureTone-2kHz	40	2	588377023
588379588	Triggered	8,52,53,54,55,56,	 NoSound	40	2	588379588
588379790	Triggered	8,52,53,54,55,56,	 File_beep3	40	2	588379790
588389877	Triggered	5,23,24,25,26,27,28,29,30,31,	 NoSound	40	2	588389877
588390079	Triggered	5,23,24,25,26,27,28,29,30,31,	 PureTone-1kHz	40	2	588390079
588392645	Triggered	8,52,53,54,55,56,	 NoSound	40	2	588392645
588392847	Triggered	8,52,53,54,55,56,	 File_beep3	40	2	588392847
588401428	Triggered	5,23,24,25,26,27,28,29,30,31,	 NoSound	40	2	588401429
588401629	Triggered	5,23,24,25,26,27,28,29,30,31,	 StopSoundShort	40	2	588401629
588436144	Triggered	1,14,15,16,17,18,19,20,21,22,	 NoSound	40	2	588436144
588439220	Triggered	4,42,43,44,45,46,	 NoSound	40	2	588439220
588439422	Triggered	4,42,43,44,45,46,	 File_beep4	40	2	588439422
588451185	Triggered	1,14,15,16,17,18,19,20,21,22,	 NoSound	40	2	588451185
588453592	Triggered	4,42,43,44,45,46,	 NoSound	40	2	588453592
588453795	Triggered	4,42,43,44,45,46,	 File_beep4	40	2	588453795
588464963	Triggered	1,14,15,16,17,18,19,20,21,22,	 NoSound	40	2	588464963
588467552	Triggered	4,42,43,44,45,46,	 NoSound	40	2	588467552
588467754	Triggered	4,42,43,44,45,46,	 File_beep4	40	2	588467754
588477779	Triggered	1,14,15,16,17,18,19,20,21,22,	 NoSound	40	2	588477779
588477984	Triggered	1,14,15,16,17,18,19,20,21,22,	 PureTone-11kHz	40	2	588477984
588480246	Triggered	4,42,43,44,45,46,	 NoSound	40	2	588480246
588480448	Triggered	4,42,43,44,45,46,	 File_beep4	40	2	588480448
588491499	Triggered	1,14,15,16,17,18,19,20,21,22,	 NoSound	40	2	588491499
588491702	Triggered	1,14,15,16,17,18,19,20,21,22,	 PureTone-11kHz	40	2	588491702
588493971	Triggered	4,42,43,44,45,46,	 NoSound	40	2	588493971
588494173	Triggered	4,42,43,44,45,46,	 File_beep4	40	2	588494173
588505095	Triggered	1,14,15,16,17,18,19,20,21,22,	 NoSound	40	2	588505095
588505300	Triggered	1,14,15,16,17,18,19,20,21,22,	 PureTone-11kHz	40	2	588505300
588507983	Triggered	4,42,43,44,45,46,	 NoSound	40	2	588507983
588508185	Triggered	4,42,43,44,45,46,	 File_beep4	40	2	588508185
588520498	Triggered	1,14,15,16,17,18,19,20,21,22,	 NoSound	40	2	588520498
588520700	Triggered	1,14,15,16,17,18,19,20,21,22,	 PureTone-11kHz	40	2	588520700
588523084	Triggered	4,42,43,44,45,46,	 NoSound	40	2	588523084
588523288	Triggered	4,42,43,44,45,46,	 File_beep4	40	2	588523288
588534153	Triggered	1,14,15,16,17,18,19,20,21,22,	 NoSound	40	2	588534153
588534358	Triggered	1,14,15,16,17,18,19,20,21,22,	 PureTone-11kHz	40	2	588534358
588536626	Triggered	4,42,43,44,45,46,	 NoSound	40	2	588536626
588536829	Triggered	4,42,43,44,45,46,	 File_beep4	40	2	588536829
588547451	Triggered	1,14,15,16,17,18,19,20,21,22,	 NoSound	40	2	588547451
588547656	Triggered	1,14,15,16,17,18,19,20,21,22,	 PureTone-11kHz	40	2	588547656
588550159	Triggered	4,42,43,44,45,46,	 NoSound	40	2	588550159
588550360	Triggered	4,42,43,44,45,46,	 File_beep4	40	2	588550360
588560869	Triggered	1,14,15,16,17,18,19,20,21,22,	 NoSound	40	2	588560869
588561073	Triggered	1,14,15,16,17,18,19,20,21,22,	 PureTone-11kHz	40	2	588561073
588563515	Triggered	4,42,43,44,45,46,	 NoSound	40	2	588563515
588563717	Triggered	4,42,43,44,45,46,	 File_beep4	40	2	588563717
588573864	Triggered	1,14,15,16,17,18,19,20,21,22,	 NoSound	40	2	588573864
588574066	Triggered	1,14,15,16,17,18,19,20,21,22,	 PureTone-11kHz	40	2	588574066
588576330	Triggered	4,42,43,44,45,46,	 NoSound	40	2	588576330
588576532	Triggered	4,42,43,44,45,46,	 File_beep4	40	2	588576532
588586739	Triggered	1,14,15,16,17,18,19,20,21,22,	 NoSound	40	2	588586739
588586943	Triggered	1,14,15,16,17,18,19,20,21,22,	 PureTone-11kHz	40	2	588586943
588589328	Triggered	4,42,43,44,45,46,	 NoSound	40	2	588589328
588589544	Triggered	4,42,43,44,45,46,	 File_beep4	40	2	588589544
588599735	Triggered	1,14,15,16,17,18,19,20,21,22,	 NoSound	40	2	588599735
588599938	Triggered	1,14,15,16,17,18,19,20,21,22,	 PureTone-9kHz	40	2	588599938
588602208	Triggered	4,42,43,44,45,46,	 NoSound	40	2	588602208
588602411	Triggered	4,42,43,44,45,46,	 File_beep4	40	2	588602411
588612610	Triggered	1,14,15,16,17,18,19,20,21,22,	 NoSound	40	2	588612610
588612814	Triggered	1,14,15,16,17,18,19,20,21,22,	 PureTone-7kHz	40	2	588612814
588615320	Triggered	4,42,43,44,45,46,	 NoSound	40	2	588615320
588615522	Triggered	4,42,43,44,45,46,	 File_beep4	40	2	588615522
588628133	Triggered	1,14,15,16,17,18,19,20,21,22,	 NoSound	40	2	588628133
588628336	Triggered	1,14,15,16,17,18,19,20,21,22,	 PureTone-5kHz	40	2	588628336
588630901	Triggered	4,42,43,44,45,46,	 NoSound	40	2	588630901
588631104	Triggered	4,42,43,44,45,46,	 File_beep4	40	2	588631104
588642153	Triggered	1,14,15,16,17,18,19,20,21,22,	 NoSound	40	2	588642153
588642354	Triggered	1,14,15,16,17,18,19,20,21,22,	 PureTone-3kHz	40	2	588642354
588644679	Triggered	4,42,43,44,45,46,	 NoSound	40	2	588644679
588644882	Triggered	4,42,43,44,45,46,	 File_beep4	40	2	588644882
588655027	Triggered	1,14,15,16,17,18,19,20,21,22,	 NoSound	40	2	588655027
588655229	Triggered	1,14,15,16,17,18,19,20,21,22,	 PureTone-2kHz	40	2	588655229
588657553	Triggered	4,42,43,44,45,46,	 NoSound	40	2	588657553
588657755	Triggered	4,42,43,44,45,46,	 File_beep4	40	2	588657755
588667903	Triggered	1,14,15,16,17,18,19,20,21,22,	 NoSound	40	2	588667903
588668105	Triggered	1,14,15,16,17,18,19,20,21,22,	 PureTone-1kHz	40	2	588668105
588671038	Triggered	4,42,43,44,45,46,	 NoSound	40	2	588671038
588671240	Triggered	4,42,43,44,45,46,	 File_beep4	40	2	588671240
588681801	Triggered	1,14,15,16,17,18,19,20,21,22,	 NoSound	40	2	588681801
588682002	Triggered	1,14,15,16,17,18,19,20,21,22,	 StopSoundShort	40	2	588682002
588738777	Triggered	5,23,24,25,26,27,28,29,30,31,	 NoSound	40	2	588738777
588742631	Triggered	2,37,38,39,40,41,	 NoSound	40	2	588742631
588748404	Triggered	5,23,24,25,26,27,28,29,30,31,	 NoSound	40	2	588748404
588753818	Triggered	2,37,38,39,40,41,	 NoSound	40	2	588753818
588767778	Triggered	5,23,24,25,26,27,28,29,30,31,	 NoSound	40	2	588767778
588780653	Triggered	2,37,38,39,40,41,	 NoSound	40	2	588780653
588799424	Triggered	5,23,24,25,26,27,28,29,30,31,	 NoSound	40	2	588799424
588799629	Triggered	5,23,24,25,26,27,28,29,30,31,	 PureTone-11kHz	40	2	588799629
588802673	Triggered	8,52,53,54,55,56,	 NoSound	40	2	588802673
588802874	Triggered	8,52,53,54,55,56,	 File_beep1	40	2	588802874
588814226	Triggered	5,23,24,25,26,27,28,29,30,31,	 NoSound	40	2	588814226
588814441	Triggered	5,23,24,25,26,27,28,29,30,31,	 PureTone-11kHz	40	2	588814441
588817354	Triggered	8,52,53,54,55,56,	 NoSound	40	2	588817354
588817555	Triggered	8,52,53,54,55,56,	 File_beep1	40	2	588817555
588826379	Triggered	5,23,24,25,26,27,28,29,30,31,	 NoSound	40	2	588826379
588826593	Triggered	5,23,24,25,26,27,28,29,30,31,	 PureTone-11kHz	40	2	588826593
588830471	Triggered	8,52,53,54,55,56,	 NoSound	40	2	588830471
588830671	Triggered	8,52,53,54,55,56,	 File_beep1	40	2	588830671
588855561	Triggered	5,23,24,25,26,27,28,29,30,31,	 NoSound	40	2	588855561
588855777	Triggered	5,23,24,25,26,27,28,29,30,31,	 PureTone-11kHz	40	2	588855777
588859290	Triggered	2,37,38,39,40,41,	 NoSound	40	2	588859290
588864164	Triggered	5,23,24,25,26,27,28,29,30,31,	 NoSound	40	2	588864164
588864368	Triggered	5,23,24,25,26,27,28,29,30,31,	 PureTone-11kHz	40	2	588864368
588869098	Triggered	8,52,53,54,55,56,	 NoSound	40	2	588869098
588869311	Triggered	8,52,53,54,55,56,	 File_beep1	40	2	588869311
588878242	Triggered	5,23,24,25,26,27,28,29,30,31,	 NoSound	40	2	588878242
588878446	Triggered	5,23,24,25,26,27,28,29,30,31,	 PureTone-11kHz	40	2	588878446
588882032	Triggered	8,52,53,54,55,56,	 NoSound	40	2	588882032
588882232	Triggered	8,52,53,54,55,56,	 File_beep1	40	2	588882232
588889855	Triggered	5,23,24,25,26,27,28,29,30,31,	 NoSound	40	2	588889855
588890057	Triggered	5,23,24,25,26,27,28,29,30,31,	 PureTone-11kHz	40	2	588890057
588893704	Triggered	8,52,53,54,55,56,	 NoSound	40	2	588893704
588893905	Triggered	8,52,53,54,55,56,	 File_beep1	40	2	588893905
588901957	Triggered	5,23,24,25,26,27,28,29,30,31,	 NoSound	40	2	588901957
588902161	Triggered	5,23,24,25,26,27,28,29,30,31,	 PureTone-11kHz	40	2	588902161
588906279	Triggered	8,52,53,54,55,56,	 NoSound	40	2	588906279
588906479	Triggered	8,52,53,54,55,56,	 File_beep1	40	2	588906479
588914341	Triggered	5,23,24,25,26,27,28,29,30,31,	 NoSound	40	2	588914341
588914546	Triggered	5,23,24,25,26,27,28,29,30,31,	 PureTone-11kHz	40	2	588914546
588918440	Triggered	2,37,38,39,40,41,	 NoSound	40	2	588918440
588923727	Triggered	5,23,24,25,26,27,28,29,30,31,	 NoSound	40	2	588923727
588923929	Triggered	5,23,24,25,26,27,28,29,30,31,	 PureTone-9kHz	40	2	588923929
588928721	Triggered	8,52,53,54,55,56,	 NoSound	40	2	588928721
588928922	Triggered	8,52,53,54,55,56,	 File_beep1	40	2	588928922
588937269	Triggered	5,23,24,25,26,27,28,29,30,31,	 NoSound	40	2	588937269
588937472	Triggered	5,23,24,25,26,27,28,29,30,31,	 PureTone-7kHz	40	2	588937472
588941657	Triggered	8,52,53,54,55,56,	 NoSound	40	2	588941657
588941858	Triggered	8,52,53,54,55,56,	 File_beep1	40	2	588941858
588949478	Triggered	5,23,24,25,26,27,28,29,30,31,	 NoSound	40	2	588949478
588949681	Triggered	5,23,24,25,26,27,28,29,30,31,	 PureTone-5kHz	40	2	588949681
588957661	Triggered	8,52,53,54,55,56,	 NoSound	40	2	588957661
588957862	Triggered	8,52,53,54,55,56,	 File_beep1	40	2	588957862
589016866	Triggered	5,23,24,25,26,27,28,29,30,31,	 NoSound	40	2	589016866
589017081	Triggered	5,23,24,25,26,27,28,29,30,31,	 PureTone-3kHz	40	2	589017081
589021135	Triggered	8,52,53,54,55,56,	 NoSound	40	2	589021135
589021336	Triggered	8,52,53,54,55,56,	 File_beep1	40	2	589021336
589039426	Triggered	5,23,24,25,26,27,28,29,30,31,	 NoSound	40	2	589039426
589039628	Triggered	5,23,24,25,26,27,28,29,30,31,	 PureTone-2kHz	40	2	589039628
589043337	Triggered	8,52,53,54,55,56,	 NoSound	40	2	589043337
589043537	Triggered	8,52,53,54,55,56,	 File_beep1	40	2	589043537
589058741	Triggered	5,23,24,25,26,27,28,29,30,31,	 NoSound	40	2	589058741
589058943	Triggered	5,23,24,25,26,27,28,29,30,31,	 PureTone-1kHz	40	2	589058943
589063191	Triggered	8,52,53,54,55,56,	 NoSound	40	2	589063191
589063392	Triggered	8,52,53,54,55,56,	 File_beep1	40	2	589063392
589074503	Triggered	5,23,24,25,26,27,28,29,30,31,	 NoSound	40	2	589074503
589074703	Triggered	5,23,24,25,26,27,28,29,30,31,	 StopSoundShort	40	2	589074703
589093515	Triggered	1,14,15,16,17,18,19,20,21,22,	 NoSound	40	2	589093515
589097846	Triggered	6,47,48,49,50,51,	 NoSound	40	2	589097846
589098047	Triggered	6,47,48,49,50,51,	 File_beep1	40	2	589098047
589123898	Triggered	1,14,15,16,17,18,19,20,21,22,	 NoSound	40	2	589123898
589133104	Triggered	6,47,48,49,50,51,	 NoSound	40	2	589133104
589133305	Triggered	6,47,48,49,50,51,	 File_beep1	40	2	589133305
589143934	Triggered	1,14,15,16,17,18,19,20,21,22,	 NoSound	40	2	589143934
589147485	Triggered	6,47,48,49,50,51,	 NoSound	40	2	589147485
589147686	Triggered	6,47,48,49,50,51,	 File_beep1	40	2	589147686
589158074	Triggered	1,14,15,16,17,18,19,20,21,22,	 NoSound	40	2	589158074
589158278	Triggered	1,14,15,16,17,18,19,20,21,22,	 PureTone-11kHz	40	2	589158278
589161262	Triggered	4,42,43,44,45,46,	 NoSound	40	2	589161262
589161478	Triggered	4,42,43,44,45,46,	 File_beep3	40	2	589161478
589172934	Triggered	1,14,15,16,17,18,19,20,21,22,	 NoSound	40	2	589172934
589173137	Triggered	1,14,15,16,17,18,19,20,21,22,	 PureTone-11kHz	40	2	589173137
589175942	Triggered	4,42,43,44,45,46,	 NoSound	40	2	589175942
589176143	Triggered	4,42,43,44,45,46,	 File_beep3	40	2	589176143
589187614	Triggered	1,14,15,16,17,18,19,20,21,22,	 NoSound	40	2	589187614
589187819	Triggered	1,14,15,16,17,18,19,20,21,22,	 PureTone-11kHz	40	2	589187819
589190683	Triggered	4,42,43,44,45,46,	 NoSound	40	2	589190683
589190885	Triggered	4,42,43,44,45,46,	 File_beep3	40	2	589190885
589200977	Triggered	1,14,15,16,17,18,19,20,21,22,	 NoSound	40	2	589200977
589201182	Triggered	1,14,15,16,17,18,19,20,21,22,	 PureTone-11kHz	40	2	589201182
589203979	Triggered	4,42,43,44,45,46,	 NoSound	40	2	589203979
589204181	Triggered	4,42,43,44,45,46,	 File_beep3	40	2	589204181
589214990	Triggered	1,14,15,16,17,18,19,20,21,22,	 NoSound	40	2	589214990
589215195	Triggered	1,14,15,16,17,18,19,20,21,22,	 PureTone-11kHz	40	2	589215195
589218008	Triggered	4,42,43,44,45,46,	 NoSound	40	2	589218008
589218209	Triggered	4,42,43,44,45,46,	 File_beep3	40	2	589218209
589229611	Triggered	1,14,15,16,17,18,19,20,21,22,	 NoSound	40	2	589229611
589229816	Triggered	1,14,15,16,17,18,19,20,21,22,	 PureTone-11kHz	40	2	589229816
589232619	Triggered	4,42,43,44,45,46,	 NoSound	40	2	589232619
589232820	Triggered	4,42,43,44,45,46,	 File_beep3	40	2	589232820
589243328	Triggered	1,14,15,16,17,18,19,20,21,22,	 NoSound	40	2	589243328
589243544	Triggered	1,14,15,16,17,18,19,20,21,22,	 PureTone-11kHz	40	2	589243544
589246336	Triggered	4,42,43,44,45,46,	 NoSound	40	2	589246336
589246537	Triggered	4,42,43,44,45,46,	 File_beep3	40	2	589246537
589257887	Triggered	1,14,15,16,17,18,19,20,21,22,	 NoSound	40	2	589257887
589258092	Triggered	1,14,15,16,17,18,19,20,21,22,	 PureTone-11kHz	40	2	589258092
589260956	Triggered	4,42,43,44,45,46,	 NoSound	40	2	589260956
589261158	Triggered	4,42,43,44,45,46,	 File_beep3	40	2	589261158
589271367	Triggered	1,14,15,16,17,18,19,20,21,22,	 NoSound	40	2	589271367
589271572	Triggered	1,14,15,16,17,18,19,20,21,22,	 PureTone-11kHz	40	2	589271572
589274380	Triggered	4,42,43,44,45,46,	 NoSound	40	2	589274380
589274581	Triggered	4,42,43,44,45,46,	 File_beep3	40	2	589274581
589284722	Triggered	1,14,15,16,17,18,19,20,21,22,	 NoSound	40	2	589284722
589284938	Triggered	1,14,15,16,17,18,19,20,21,22,	 PureTone-9kHz	40	2	589284938
589287802	Triggered	4,42,43,44,45,46,	 NoSound	40	2	589287802
589288004	Triggered	4,42,43,44,45,46,	 File_beep3	40	2	589288004
589298560	Triggered	1,14,15,16,17,18,19,20,21,22,	 NoSound	40	2	589298560
589298764	Triggered	1,14,15,16,17,18,19,20,21,22,	 PureTone-7kHz	40	2	589298764
589301568	Triggered	4,42,43,44,45,46,	 NoSound	40	2	589301568
589301769	Triggered	4,42,43,44,45,46,	 File_beep3	40	2	589301769
589312458	Triggered	1,14,15,16,17,18,19,20,21,22,	 NoSound	40	2	589312458
589312660	Triggered	1,14,15,16,17,18,19,20,21,22,	 PureTone-5kHz	40	2	589312660
589315529	Triggered	4,42,43,44,45,46,	 NoSound	40	2	589315529
589315731	Triggered	4,42,43,44,45,46,	 File_beep3	40	2	589315731
589326237	Triggered	1,14,15,16,17,18,19,20,21,22,	 NoSound	40	2	589326237
589326439	Triggered	1,14,15,16,17,18,19,20,21,22,	 PureTone-3kHz	40	2	589326439
589329986	Triggered	4,42,43,44,45,46,	 NoSound	40	2	589329986
589330188	Triggered	4,42,43,44,45,46,	 File_beep3	40	2	589330188
589340435	Triggered	1,14,15,16,17,18,19,20,21,22,	 NoSound	40	2	589340435
589340638	Triggered	1,14,15,16,17,18,19,20,21,22,	 PureTone-2kHz	40	2	589340638
589343626	Triggered	4,42,43,44,45,46,	 NoSound	40	2	589343626
589343829	Triggered	4,42,43,44,45,46,	 File_beep3	40	2	589343829
589356499	Triggered	1,14,15,16,17,18,19,20,21,22,	 NoSound	40	2	589356499
589356700	Triggered	1,14,15,16,17,18,19,20,21,22,	 PureTone-1kHz	40	2	589356700
589359808	Triggered	4,42,43,44,45,46,	 NoSound	40	2	589359808
589360011	Triggered	4,42,43,44,45,46,	 File_beep3	40	2	589360011
589370819	Triggered	1,14,15,16,17,18,19,20,21,22,	 NoSound	40	2	589370819
589371020	Triggered	1,14,15,16,17,18,19,20,21,22,	 StopSoundShort	40	2	589371020
589430324	Triggered	5,23,24,25,26,27,28,29,30,31,	 NoSound	40	2	589430324
589433933	Triggered	2,37,38,39,40,41,	 NoSound	40	2	589433933
589434137	Triggered	2,37,38,39,40,41,	 File_beep5	40	2	589434137
589454088	Triggered	5,23,24,25,26,27,28,29,30,31,	 NoSound	40	2	589454088
589457216	Triggered	2,37,38,39,40,41,	 NoSound	40	2	589457216
589457419	Triggered	2,37,38,39,40,41,	 File_beep5	40	2	589457419
589472861	Triggered	5,23,24,25,26,27,28,29,30,31,	 NoSound	40	2	589472861
589475929	Triggered	2,37,38,39,40,41,	 NoSound	40	2	589475929
589476131	Triggered	2,37,38,39,40,41,	 File_beep5	40	2	589476131
589489472	Triggered	5,23,24,25,26,27,28,29,30,31,	 NoSound	40	2	589489472
589489677	Triggered	5,23,24,25,26,27,28,29,30,31,	 PureTone-11kHz	40	2	589489677
589492835	Triggered	2,37,38,39,40,41,	 NoSound	40	2	589492835
589493037	Triggered	2,37,38,39,40,41,	 File_beep5	40	2	589493037
589509922	Triggered	5,23,24,25,26,27,28,29,30,31,	 NoSound	40	2	589509922
589510125	Triggered	5,23,24,25,26,27,28,29,30,31,	 PureTone-11kHz	40	2	589510125
589513051	Triggered	2,37,38,39,40,41,	 NoSound	40	2	589513051
589513254	Triggered	2,37,38,39,40,41,	 File_beep5	40	2	589513254
589528634	Triggered	5,23,24,25,26,27,28,29,30,31,	 NoSound	40	2	589528634
589528838	Triggered	5,23,24,25,26,27,28,29,30,31,	 PureTone-11kHz	40	2	589528838
589531763	Triggered	2,37,38,39,40,41,	 NoSound	40	2	589531763
589531966	Triggered	2,37,38,39,40,41,	 File_beep5	40	2	589531966
589546442	Triggered	5,23,24,25,26,27,28,29,30,31,	 NoSound	40	2	589546442
589546661	Triggered	5,23,24,25,26,27,28,29,30,31,	 PureTone-11kHz	40	2	589546661
589549992	Triggered	2,37,38,39,40,41,	 NoSound	40	2	589549992
589550195	Triggered	2,37,38,39,40,41,	 File_beep5	40	2	589550195
589565575	Triggered	5,23,24,25,26,27,28,29,30,31,	 NoSound	40	2	589565575
589565780	Triggered	5,23,24,25,26,27,28,29,30,31,	 PureTone-11kHz	40	2	589565780
589569427	Triggered	2,37,38,39,40,41,	 NoSound	40	2	589569427
589569630	Triggered	2,37,38,39,40,41,	 File_beep5	40	2	589569630
589586942	Triggered	5,23,24,25,26,27,28,29,30,31,	 NoSound	40	2	589586942
589587146	Triggered	5,23,24,25,26,27,28,29,30,31,	 PureTone-11kHz	40	2	589587146
589590966	Triggered	8,52,53,54,55,56,	 NoSound	40	2	589590966
589591169	Triggered	8,52,53,54,55,56,	 File_beep5	40	2	589591169
589604333	Triggered	5,23,24,25,26,27,28,29,30,31,	 NoSound	40	2	589604333
589604536	Triggered	5,23,24,25,26,27,28,29,30,31,	 PureTone-11kHz	40	2	589604536
589608173	Triggered	2,37,38,39,40,41,	 NoSound	40	2	589608173
589608375	Triggered	2,37,38,39,40,41,	 File_beep5	40	2	589608375
589630013	Triggered	5,23,24,25,26,27,28,29,30,31,	 NoSound	40	2	589630013
589630229	Triggered	5,23,24,25,26,27,28,29,30,31,	 PureTone-11kHz	40	2	589630229
589640482	Triggered	8,52,53,54,55,56,	 NoSound	40	2	589640482
589640685	Triggered	8,52,53,54,55,56,	 File_beep5	40	2	589640685
590454466	Triggered	5,23,24,25,26,27,28,29,30,31,	 NoSound	40	2	590454466
590454672	Triggered	5,23,24,25,26,27,28,29,30,31,	 PureTone-11kHz	40	2	590454672
590459820	Triggered	8,52,53,54,55,56,	 NoSound	40	2	590459820
590460021	Triggered	8,52,53,54,55,56,	 File_beep5	40	2	590460021
590490022	Triggered	5,23,24,25,26,27,28,29,30,31,	 NoSound	40	2	590490022
590490226	Triggered	5,23,24,25,26,27,28,29,30,31,	 PureTone-9kHz	40	2	590490226
590493571	Triggered	8,52,53,54,55,56,	 NoSound	40	2	590493571
590493775	Triggered	8,52,53,54,55,56,	 File_beep5	40	2	590493775
590508313	Triggered	5,23,24,25,26,27,28,29,30,31,	 NoSound	40	2	590508313
590508516	Triggered	5,23,24,25,26,27,28,29,30,31,	 PureTone-7kHz	40	2	590508516
590511923	Triggered	8,52,53,54,55,56,	 NoSound	40	2	590511923
590512126	Triggered	8,52,53,54,55,56,	 File_beep5	40	2	590512126
591606158	Triggered	5,23,24,25,26,27,28,29,30,31,	 NoSound	40	2	591606158
591606361	Triggered	5,23,24,25,26,27,28,29,30,31,	 PureTone-5kHz	40	2	591606361
591610497	Triggered	8,52,53,54,55,56,	 NoSound	40	2	591610497
591610699	Triggered	8,52,53,54,55,56,	 File_beep5	40	2	591610699
591638406	Triggered	5,23,24,25,26,27,28,29,30,31,	 NoSound	40	2	591638406
591638608	Triggered	5,23,24,25,26,27,28,29,30,31,	 PureTone-3kHz	40	2	591638608
591642978	Triggered	8,52,53,54,55,56,	 NoSound	40	2	591642978
591643180	Triggered	8,52,53,54,55,56,	 File_beep5	40	2	591643180
591657719	Triggered	5,23,24,25,26,27,28,29,30,31,	 NoSound	40	2	591657719
591657933	Triggered	5,23,24,25,26,27,28,29,30,31,	 PureTone-2kHz	40	2	591657933
591662291	Triggered	2,37,38,39,40,41,	 NoSound	40	2	591662291
591662493	Triggered	2,37,38,39,40,41,	 File_beep5	40	2	591662493
591686179	Triggered	5,23,24,25,26,27,28,29,30,31,	 NoSound	40	2	591686179
591686397	Triggered	5,23,24,25,26,27,28,29,30,31,	 PureTone-1kHz	40	2	591686397
591690872	Triggered	8,52,53,54,55,56,	 NoSound	40	2	591690872
591691075	Triggered	8,52,53,54,55,56,	 File_beep5	40	2	591691075
591708620	Triggered	5,23,24,25,26,27,28,29,30,31,	 NoSound	40	2	591708620
591708820	Triggered	5,23,24,25,26,27,28,29,30,31,	 StopSoundShort	40	2	591708820
