Ver1.3	1095010323	StartFile	11/23/2020	10:40:47 AM	E:\BehavioralExperiments\Bobo\RawData\112320\SoundData.txt	1095010323
1095345740	Triggered	5,23,24,25,26,27,28,29,30,31,	 NoSound	40	2	1095345740
1095345941	Triggered	5,23,24,25,26,27,28,29,30,31,	 StopSoundShort	40	2	1095345941
1095404159	Triggered	1,14,15,16,17,18,19,20,21,22,	 NoSound	40	2	1095404159
1095482431	Triggered	6,47,48,49,50,51,	 NoSound	40	2	1095482431
1095482632	Triggered	6,47,48,49,50,51,	 File_beep3	40	2	1095482632
1095503496	Triggered	1,14,15,16,17,18,19,20,21,22,	 NoSound	40	2	1095503496
1095509234	Triggered	6,47,48,49,50,51,	 NoSound	40	2	1095509234
1095509436	Triggered	6,47,48,49,50,51,	 File_beep3	40	2	1095509436
1095525542	Triggered	1,14,15,16,17,18,19,20,21,22,	 NoSound	40	2	1095525542
1095530087	Triggered	6,47,48,49,50,51,	 NoSound	40	2	1095530087
1095530289	Triggered	6,47,48,49,50,51,	 File_beep3	40	2	1095530289
1095545928	Triggered	1,14,15,16,17,18,19,20,21,22,	 NoSound	40	2	1095545928
1095550540	Triggered	4,42,43,44,45,46,	 NoSound	40	2	1095550540
1095550741	Triggered	4,42,43,44,45,46,	 File_beep1	40	2	1095550741
1095562571	Triggered	1,14,15,16,17,18,19,20,21,22,	 NoSound	40	2	1095562571
1095562776	Triggered	1,14,15,16,17,18,19,20,21,22,	 PureTone-9kHz	40	2	1095562776
1095567117	Triggered	6,47,48,49,50,51,	 NoSound	40	2	1095567117
1095567321	Triggered	6,47,48,49,50,51,	 File_beep3	40	2	1095567321
1095583961	Triggered	1,14,15,16,17,18,19,20,21,22,	 NoSound	40	2	1095583961
1095584165	Triggered	1,14,15,16,17,18,19,20,21,22,	 PureTone-7kHz	40	2	1095584165
1095588439	Triggered	6,47,48,49,50,51,	 NoSound	40	2	1095588439
1095588640	Triggered	6,47,48,49,50,51,	 File_beep3	40	2	1095588640
1095604019	Triggered	1,14,15,16,17,18,19,20,21,22,	 NoSound	40	2	1095604019
1095604223	Triggered	1,14,15,16,17,18,19,20,21,22,	 PureTone-5kHz	40	2	1095604223
1095608223	Triggered	6,47,48,49,50,51,	 NoSound	40	2	1095608223
1095608425	Triggered	6,47,48,49,50,51,	 File_beep3	40	2	1095608425
1095622471	Triggered	1,14,15,16,17,18,19,20,21,22,	 NoSound	40	2	1095622471
1095622674	Triggered	1,14,15,16,17,18,19,20,21,22,	 PureTone-3kHz	40	2	1095622674
1095627072	Triggered	4,42,43,44,45,46,	 NoSound	40	2	1095627072
1095627273	Triggered	4,42,43,44,45,46,	 File_beep1	40	2	1095627273
1095634292	Triggered	1,14,15,16,17,18,19,20,21,22,	 NoSound	40	2	1095634292
1095634495	Triggered	1,14,15,16,17,18,19,20,21,22,	 PureTone-2kHz	40	2	1095634495
1095638703	Triggered	6,47,48,49,50,51,	 NoSound	40	2	1095638703
1095638905	Triggered	6,47,48,49,50,51,	 File_beep3	40	2	1095638905
1095652540	Triggered	1,14,15,16,17,18,19,20,21,22,	 NoSound	40	2	1095652540
1095652741	Triggered	1,14,15,16,17,18,19,20,21,22,	 PureTone-1kHz	40	2	1095652741
1095656950	Triggered	6,47,48,49,50,51,	 NoSound	40	2	1095656950
1095657152	Triggered	6,47,48,49,50,51,	 File_beep3	40	2	1095657152
1095670456	Triggered	1,14,15,16,17,18,19,20,21,22,	 NoSound	40	2	1095670456
1095670657	Triggered	1,14,15,16,17,18,19,20,21,22,	 StopSoundShort	40	2	1095670657
1095690504	Triggered	5,23,24,25,26,27,28,29,30,31,	 NoSound	40	2	1095690504
1095694249	Triggered	8,52,53,54,55,56,	 NoSound	40	2	1095694249
1095694452	Triggered	8,52,53,54,55,56,	 File_beep3	40	2	1095694452
1095712302	Triggered	5,23,24,25,26,27,28,29,30,31,	 NoSound	40	2	1095712302
1095716708	Triggered	2,37,38,39,40,41,	 NoSound	40	2	1095716708
1095716909	Triggered	2,37,38,39,40,41,	 File_beep1	40	2	1095716909
1095734955	Triggered	5,23,24,25,26,27,28,29,30,31,	 NoSound	40	2	1095734955
1095738898	Triggered	2,37,38,39,40,41,	 NoSound	40	2	1095738898
1095739098	Triggered	2,37,38,39,40,41,	 File_beep1	40	2	1095739098
1095753068	Triggered	5,23,24,25,26,27,28,29,30,31,	 NoSound	40	2	1095753068
1095757011	Triggered	8,52,53,54,55,56,	 NoSound	40	2	1095757011
1095757214	Triggered	8,52,53,54,55,56,	 File_beep3	40	2	1095757214
1095769578	Triggered	5,23,24,25,26,27,28,29,30,31,	 NoSound	40	2	1095769578
1095769781	Triggered	5,23,24,25,26,27,28,29,30,31,	 PureTone-9kHz	40	2	1095769781
1095774256	Triggered	2,37,38,39,40,41,	 NoSound	40	2	1095774256
1095774468	Triggered	2,37,38,39,40,41,	 File_beep1	40	2	1095774469
1095785954	Triggered	5,23,24,25,26,27,28,29,30,31,	 NoSound	40	2	1095785954
1095786157	Triggered	5,23,24,25,26,27,28,29,30,31,	 PureTone-7kHz	40	2	1095786157
1095790700	Triggered	2,37,38,39,40,41,	 NoSound	40	2	1095790700
1095790900	Triggered	2,37,38,39,40,41,	 File_beep1	40	2	1095790900
1095798588	Triggered	5,23,24,25,26,27,28,29,30,31,	 NoSound	40	2	1095798588
1095798792	Triggered	5,23,24,25,26,27,28,29,30,31,	 PureTone-5kHz	40	2	1095798792
1095804269	Triggered	2,37,38,39,40,41,	 NoSound	40	2	1095804269
1095804470	Triggered	2,37,38,39,40,41,	 File_beep1	40	2	1095804470
1095812963	Triggered	5,23,24,25,26,27,28,29,30,31,	 NoSound	40	2	1095812963
1095813167	Triggered	5,23,24,25,26,27,28,29,30,31,	 PureTone-3kHz	40	2	1095813167
1095818506	Triggered	8,52,53,54,55,56,	 NoSound	40	2	1095818506
1095818707	Triggered	8,52,53,54,55,56,	 File_beep3	40	2	1095818707
1095830803	Triggered	5,23,24,25,26,27,28,29,30,31,	 NoSound	40	2	1095830803
1095831006	Triggered	5,23,24,25,26,27,28,29,30,31,	 PureTone-2kHz	40	2	1095831006
1095836018	Triggered	2,37,38,39,40,41,	 NoSound	40	2	1095836018
1095836220	Triggered	2,37,38,39,40,41,	 File_beep1	40	2	1095836220
1095843771	Triggered	5,23,24,25,26,27,28,29,30,31,	 NoSound	40	2	1095843771
1095843972	Triggered	5,23,24,25,26,27,28,29,30,31,	 PureTone-1kHz	40	2	1095843972
1095849653	Triggered	8,52,53,54,55,56,	 NoSound	40	2	1095849653
1095849855	Triggered	8,52,53,54,55,56,	 File_beep3	40	2	1095849855
1095861818	Triggered	5,23,24,25,26,27,28,29,30,31,	 NoSound	40	2	1095861818
1095862018	Triggered	5,23,24,25,26,27,28,29,30,31,	 StopSoundShort	40	2	1095862018
1095877592	Triggered	1,14,15,16,17,18,19,20,21,22,	 NoSound	40	2	1095877592
1095881805	Triggered	6,47,48,49,50,51,	 NoSound	40	2	1095881805
1095882006	Triggered	6,47,48,49,50,51,	 File_beep1	40	2	1095882006
1095892967	Triggered	1,14,15,16,17,18,19,20,21,22,	 NoSound	40	2	1095892967
1095897713	Triggered	4,42,43,44,45,46,	 NoSound	40	2	1095897713
1095897915	Triggered	4,42,43,44,45,46,	 File_beep3	40	2	1095897915
1095908407	Triggered	1,14,15,16,17,18,19,20,21,22,	 NoSound	40	2	1095908407
1095912821	Triggered	6,47,48,49,50,51,	 NoSound	40	2	1095912821
1095913022	Triggered	6,47,48,49,50,51,	 File_beep1	40	2	1095913022
1095923245	Triggered	1,14,15,16,17,18,19,20,21,22,	 NoSound	40	2	1095923245
1095927663	Triggered	4,42,43,44,45,46,	 NoSound	40	2	1095927663
1095927865	Triggered	4,42,43,44,45,46,	 File_beep3	40	2	1095927865
1095939822	Triggered	1,14,15,16,17,18,19,20,21,22,	 NoSound	40	2	1095939822
1095940026	Triggered	1,14,15,16,17,18,19,20,21,22,	 PureTone-9kHz	40	2	1095940026
1095944032	Triggered	6,47,48,49,50,51,	 NoSound	40	2	1095944032
1095944233	Triggered	6,47,48,49,50,51,	 File_beep1	40	2	1095944233
1095953993	Triggered	1,14,15,16,17,18,19,20,21,22,	 NoSound	40	2	1095953993
1095954196	Triggered	1,14,15,16,17,18,19,20,21,22,	 PureTone-7kHz	40	2	1095954196
1095958738	Triggered	6,47,48,49,50,51,	 NoSound	40	2	1095958738
1095958938	Triggered	6,47,48,49,50,51,	 File_beep1	40	2	1095958938
1095969165	Triggered	1,14,15,16,17,18,19,20,21,22,	 NoSound	40	2	1095969165
1095969368	Triggered	1,14,15,16,17,18,19,20,21,22,	 PureTone-5kHz	40	2	1095969368
1096006328	Triggered	6,47,48,49,50,51,	 NoSound	40	2	1096006328
1096006529	Triggered	6,47,48,49,50,51,	 File_beep1	40	2	1096006529
1096019563	Triggered	1,14,15,16,17,18,19,20,21,22,	 NoSound	40	2	1096019563
1096019766	Triggered	1,14,15,16,17,18,19,20,21,22,	 PureTone-3kHz	40	2	1096019766
1096023577	Triggered	6,47,48,49,50,51,	 NoSound	40	2	1096023577
1096023778	Triggered	6,47,48,49,50,51,	 File_beep1	40	2	1096023778
1096033199	Triggered	1,14,15,16,17,18,19,20,21,22,	 NoSound	40	2	1096033199
1096033400	Triggered	1,14,15,16,17,18,19,20,21,22,	 PureTone-2kHz	40	2	1096033400
1096036943	Triggered	6,47,48,49,50,51,	 NoSound	40	2	1096036943
1096037144	Triggered	6,47,48,49,50,51,	 File_beep1	40	2	1096037144
1096045162	Triggered	1,14,15,16,17,18,19,20,21,22,	 NoSound	40	2	1096045162
1096045365	Triggered	1,14,15,16,17,18,19,20,21,22,	 PureTone-1kHz	40	2	1096045365
1096049375	Triggered	6,47,48,49,50,51,	 NoSound	40	2	1096049375
1096049575	Triggered	6,47,48,49,50,51,	 File_beep1	40	2	1096049575
1096058866	Triggered	1,14,15,16,17,18,19,20,21,22,	 NoSound	40	2	1096058866
1096059067	Triggered	1,14,15,16,17,18,19,20,21,22,	 StopSoundShort	40	2	1096059067
1096075442	Triggered	5,23,24,25,26,27,28,29,30,31,	 NoSound	40	2	1096075442
1096078785	Triggered	2,37,38,39,40,41,	 NoSound	40	2	1096078785
1096078988	Triggered	2,37,38,39,40,41,	 File_beep3	40	2	1096078988
1096090021	Triggered	5,23,24,25,26,27,28,29,30,31,	 NoSound	40	2	1096090021
1096093689	Triggered	8,52,53,54,55,56,	 NoSound	40	2	1096093689
1096093890	Triggered	8,52,53,54,55,56,	 File_beep1	40	2	1096093890
1096101242	Triggered	5,23,24,25,26,27,28,29,30,31,	 NoSound	40	2	1096101242
1096105253	Triggered	2,37,38,39,40,41,	 NoSound	40	2	1096105253
1096105455	Triggered	2,37,38,39,40,41,	 File_beep3	40	2	1096105455
1096116883	Triggered	5,23,24,25,26,27,28,29,30,31,	 NoSound	40	2	1096116883
1096120693	Triggered	8,52,53,54,55,56,	 NoSound	40	2	1096120693
1096120893	Triggered	8,52,53,54,55,56,	 File_beep1	40	2	1096120893
1096128319	Triggered	5,23,24,25,26,27,28,29,30,31,	 NoSound	40	2	1096128319
1096128524	Triggered	5,23,24,25,26,27,28,29,30,31,	 PureTone-9kHz	40	2	1096128524
1096132523	Triggered	2,37,38,39,40,41,	 NoSound	40	2	1096132523
1096132725	Triggered	2,37,38,39,40,41,	 File_beep3	40	2	1096132725
1096144756	Triggered	5,23,24,25,26,27,28,29,30,31,	 NoSound	40	2	1096144756
1096144960	Triggered	5,23,24,25,26,27,28,29,30,31,	 PureTone-7kHz	40	2	1096144960
1096149368	Triggered	2,37,38,39,40,41,	 NoSound	40	2	1096149368
1096149569	Triggered	2,37,38,39,40,41,	 File_beep3	40	2	1096149569
1096161871	Triggered	5,23,24,25,26,27,28,29,30,31,	 NoSound	40	2	1096161871
1096162074	Triggered	5,23,24,25,26,27,28,29,30,31,	 PureTone-5kHz	40	2	1096162074
1096166613	Triggered	2,37,38,39,40,41,	 NoSound	40	2	1096166613
1096166815	Triggered	2,37,38,39,40,41,	 File_beep3	40	2	1096166815
1096178310	Triggered	5,23,24,25,26,27,28,29,30,31,	 NoSound	40	2	1096178310
1096178513	Triggered	5,23,24,25,26,27,28,29,30,31,	 PureTone-3kHz	40	2	1096178513
1096182520	Triggered	8,52,53,54,55,56,	 NoSound	40	2	1096182520
1096182721	Triggered	8,52,53,54,55,56,	 File_beep1	40	2	1096182721
1096189939	Triggered	5,23,24,25,26,27,28,29,30,31,	 NoSound	40	2	1096189939
1096190141	Triggered	5,23,24,25,26,27,28,29,30,31,	 PureTone-2kHz	40	2	1096190141
1096193951	Triggered	2,37,38,39,40,41,	 NoSound	40	2	1096193951
1096194152	Triggered	2,37,38,39,40,41,	 File_beep3	40	2	1096194152
1096207385	Triggered	5,23,24,25,26,27,28,29,30,31,	 NoSound	40	2	1096207385
1096207587	Triggered	5,23,24,25,26,27,28,29,30,31,	 PureTone-1kHz	40	2	1096207587
1096211874	Triggered	8,52,53,54,55,56,	 NoSound	40	2	1096211874
1096212076	Triggered	8,52,53,54,55,56,	 File_beep1	40	2	1096212076
1096220892	Triggered	5,23,24,25,26,27,28,29,30,31,	 NoSound	40	2	1096220892
1096221092	Triggered	5,23,24,25,26,27,28,29,30,31,	 StopSoundShort	40	2	1096221092
1096236133	Triggered	6,47,48,49,50,51,	 NoSound	40	2	1096236133
1096236337	Triggered	6,47,48,49,50,51,	 File_beep3	40	2	1096236337
1096247557	Triggered	1,14,15,16,17,18,19,20,21,22,	 NoSound	40	2	1096247557
1096251434	Triggered	6,47,48,49,50,51,	 NoSound	40	2	1096251434
1096251635	Triggered	6,47,48,49,50,51,	 File_beep3	40	2	1096251635
1096263733	Triggered	1,14,15,16,17,18,19,20,21,22,	 NoSound	40	2	1096263733
1096267948	Triggered	6,47,48,49,50,51,	 NoSound	40	2	1096267948
1096268150	Triggered	6,47,48,49,50,51,	 File_beep3	40	2	1096268150
1096284188	Triggered	1,14,15,16,17,18,19,20,21,22,	 NoSound	40	2	1096284188
1096288130	Triggered	4,42,43,44,45,46,	 NoSound	40	2	1096288130
1096288332	Triggered	4,42,43,44,45,46,	 File_beep1	40	2	1096288332
1096298493	Triggered	1,14,15,16,17,18,19,20,21,22,	 NoSound	40	2	1096298493
1096298696	Triggered	1,14,15,16,17,18,19,20,21,22,	 PureTone-9kHz	40	2	1096298696
1096302433	Triggered	6,47,48,49,50,51,	 NoSound	40	2	1096302433
1096302636	Triggered	6,47,48,49,50,51,	 File_beep3	40	2	1096302636
1096318141	Triggered	1,14,15,16,17,18,19,20,21,22,	 NoSound	40	2	1096318141
1096318345	Triggered	1,14,15,16,17,18,19,20,21,22,	 PureTone-7kHz	40	2	1096318345
1096321950	Triggered	6,47,48,49,50,51,	 NoSound	40	2	1096321950
1096322152	Triggered	6,47,48,49,50,51,	 File_beep3	40	2	1096322153
1096334384	Triggered	1,14,15,16,17,18,19,20,21,22,	 NoSound	40	2	1096334384
1096334586	Triggered	1,14,15,16,17,18,19,20,21,22,	 PureTone-5kHz	40	2	1096334586
1096338460	Triggered	6,47,48,49,50,51,	 NoSound	40	2	1096338460
1096338662	Triggered	6,47,48,49,50,51,	 File_beep3	40	2	1096338662
1096353700	Triggered	1,14,15,16,17,18,19,20,21,22,	 NoSound	40	2	1096353700
1096353903	Triggered	1,14,15,16,17,18,19,20,21,22,	 PureTone-3kHz	40	2	1096353903
1096358513	Triggered	6,47,48,49,50,51,	 NoSound	40	2	1096358513
1096358715	Triggered	6,47,48,49,50,51,	 File_beep3	40	2	1096358715
1096370211	Triggered	1,14,15,16,17,18,19,20,21,22,	 NoSound	40	2	1096370211
1096370413	Triggered	1,14,15,16,17,18,19,20,21,22,	 PureTone-2kHz	40	2	1096370413
1096374360	Triggered	6,47,48,49,50,51,	 NoSound	40	2	1096374360
1096374562	Triggered	6,47,48,49,50,51,	 File_beep3	40	2	1096374562
1096385716	Triggered	1,14,15,16,17,18,19,20,21,22,	 NoSound	40	2	1096385716
1096385918	Triggered	1,14,15,16,17,18,19,20,21,22,	 PureTone-1kHz	40	2	1096385918
1096389794	Triggered	6,47,48,49,50,51,	 NoSound	40	2	1096389794
1096389996	Triggered	6,47,48,49,50,51,	 File_beep3	40	2	1096389996
1096403563	Triggered	1,14,15,16,17,18,19,20,21,22,	 NoSound	40	2	1096403563
1096403764	Triggered	1,14,15,16,17,18,19,20,21,22,	 StopSoundShort	40	2	1096403764
1096453159	Triggered	5,23,24,25,26,27,28,29,30,31,	 NoSound	40	2	1096453159
1096457371	Triggered	2,37,38,39,40,41,	 NoSound	40	2	1096457371
1096457572	Triggered	2,37,38,39,40,41,	 File_beep1	40	2	1096457572
1096466528	Triggered	5,23,24,25,26,27,28,29,30,31,	 NoSound	40	2	1096466528
1096470338	Triggered	8,52,53,54,55,56,	 NoSound	40	2	1096470338
1096470539	Triggered	8,52,53,54,55,56,	 File_beep3	40	2	1096470539
1096480632	Triggered	5,23,24,25,26,27,28,29,30,31,	 NoSound	40	2	1096480632
1096484641	Triggered	8,52,53,54,55,56,	 NoSound	40	2	1096484641
1096484844	Triggered	8,52,53,54,55,56,	 File_beep3	40	2	1096484844
1096503223	Triggered	5,23,24,25,26,27,28,29,30,31,	 NoSound	40	2	1096503223
1096507569	Triggered	8,52,53,54,55,56,	 NoSound	40	2	1096507569
1096507771	Triggered	8,52,53,54,55,56,	 File_beep3	40	2	1096507771
1096523810	Triggered	5,23,24,25,26,27,28,29,30,31,	 NoSound	40	2	1096523810
1096524013	Triggered	5,23,24,25,26,27,28,29,30,31,	 PureTone-9kHz	40	2	1096524013
1096528154	Triggered	8,52,53,54,55,56,	 NoSound	40	2	1096528154
1096528357	Triggered	8,52,53,54,55,56,	 File_beep3	40	2	1096528357
1096540119	Triggered	5,23,24,25,26,27,28,29,30,31,	 NoSound	40	2	1096540119
1096540323	Triggered	5,23,24,25,26,27,28,29,30,31,	 PureTone-7kHz	40	2	1096540323
1096544532	Triggered	2,37,38,39,40,41,	 NoSound	40	2	1096544532
1096544732	Triggered	2,37,38,39,40,41,	 File_beep1	40	2	1096544732
1096559510	Triggered	5,23,24,25,26,27,28,29,30,31,	 NoSound	40	2	1096559510
1096559714	Triggered	5,23,24,25,26,27,28,29,30,31,	 PureTone-5kHz	40	2	1096559714
1096564250	Triggered	8,52,53,54,55,56,	 NoSound	40	2	1096564250
1096564452	Triggered	8,52,53,54,55,56,	 File_beep3	40	2	1096564452
1096579089	Triggered	5,23,24,25,26,27,28,29,30,31,	 NoSound	40	2	1096579089
1096579292	Triggered	5,23,24,25,26,27,28,29,30,31,	 PureTone-3kHz	40	2	1096579292
1096583701	Triggered	2,37,38,39,40,41,	 NoSound	40	2	1096583701
1096583901	Triggered	2,37,38,39,40,41,	 File_beep1	40	2	1096583901
1096591387	Triggered	5,23,24,25,26,27,28,29,30,31,	 NoSound	40	2	1096591387
1096591589	Triggered	5,23,24,25,26,27,28,29,30,31,	 PureTone-2kHz	40	2	1096591589
1096595731	Triggered	8,52,53,54,55,56,	 NoSound	40	2	1096595731
1096595932	Triggered	8,52,53,54,55,56,	 File_beep3	40	2	1096595932
1096607296	Triggered	5,23,24,25,26,27,28,29,30,31,	 NoSound	40	2	1096607296
1096607497	Triggered	5,23,24,25,26,27,28,29,30,31,	 PureTone-1kHz	40	2	1096607497
1096611908	Triggered	2,37,38,39,40,41,	 NoSound	40	2	1096611908
1096612109	Triggered	2,37,38,39,40,41,	 File_beep1	40	2	1096612109
1096619192	Triggered	5,23,24,25,26,27,28,29,30,31,	 NoSound	40	2	1096619192
1096619403	Triggered	5,23,24,25,26,27,28,29,30,31,	 StopSoundShort	40	2	1096619403
1096651487	Triggered	1,14,15,16,17,18,19,20,21,22,	 NoSound	40	2	1096651487
1096655620	Triggered	6,47,48,49,50,51,	 NoSound	40	2	1096655620
1096655821	Triggered	6,47,48,49,50,51,	 File_beep1	40	2	1096655821
1096669189	Triggered	1,14,15,16,17,18,19,20,21,22,	 NoSound	40	2	1096669189
1096673334	Triggered	4,42,43,44,45,46,	 NoSound	40	2	1096673334
1096673536	Triggered	4,42,43,44,45,46,	 File_beep3	40	2	1096673536
1096684830	Triggered	1,14,15,16,17,18,19,20,21,22,	 NoSound	40	2	1096684830
1096689052	Triggered	4,42,43,44,45,46,	 NoSound	40	2	1096689052
1096689254	Triggered	4,42,43,44,45,46,	 File_beep3	40	2	1096689254
1096702143	Triggered	1,14,15,16,17,18,19,20,21,22,	 NoSound	40	2	1096702143
1096705952	Triggered	6,47,48,49,50,51,	 NoSound	40	2	1096705952
1096706153	Triggered	6,47,48,49,50,51,	 File_beep1	40	2	1096706153
1096715176	Triggered	1,14,15,16,17,18,19,20,21,22,	 NoSound	40	2	1096715176
1096715380	Triggered	1,14,15,16,17,18,19,20,21,22,	 PureTone-9kHz	40	2	1096715380
1096719253	Triggered	6,47,48,49,50,51,	 NoSound	40	2	1096719253
1096719453	Triggered	6,47,48,49,50,51,	 File_beep1	40	2	1096719453
1096729346	Triggered	1,14,15,16,17,18,19,20,21,22,	 NoSound	40	2	1096729346
1096729549	Triggered	1,14,15,16,17,18,19,20,21,22,	 PureTone-7kHz	40	2	1096729549
1096734026	Triggered	6,47,48,49,50,51,	 NoSound	40	2	1096734026
1096734228	Triggered	6,47,48,49,50,51,	 File_beep1	40	2	1096734228
1096754210	Triggered	1,14,15,16,17,18,19,20,21,22,	 NoSound	40	2	1096754210
1096754414	Triggered	1,14,15,16,17,18,19,20,21,22,	 PureTone-5kHz	40	2	1096754414
1096759365	Triggered	4,42,43,44,45,46,	 NoSound	40	2	1096759365
1096759566	Triggered	4,42,43,44,45,46,	 File_beep3	40	2	1096759566
1096773796	Triggered	1,14,15,16,17,18,19,20,21,22,	 NoSound	40	2	1096773796
1096773997	Triggered	1,14,15,16,17,18,19,20,21,22,	 PureTone-3kHz	40	2	1096773997
1096778140	Triggered	6,47,48,49,50,51,	 NoSound	40	2	1096778140
1096778341	Triggered	6,47,48,49,50,51,	 File_beep1	40	2	1096778341
1096792043	Triggered	1,14,15,16,17,18,19,20,21,22,	 NoSound	40	2	1096792043
1096792258	Triggered	1,14,15,16,17,18,19,20,21,22,	 PureTone-2kHz	40	2	1096792258
1096796525	Triggered	6,47,48,49,50,51,	 NoSound	40	2	1096796525
1096796726	Triggered	6,47,48,49,50,51,	 File_beep1	40	2	1096796726
1096806815	Triggered	1,14,15,16,17,18,19,20,21,22,	 NoSound	40	2	1096806815
1096807016	Triggered	1,14,15,16,17,18,19,20,21,22,	 PureTone-1kHz	40	2	1096807016
1096811828	Triggered	6,47,48,49,50,51,	 NoSound	40	2	1096811828
1096812029	Triggered	6,47,48,49,50,51,	 File_beep1	40	2	1096812029
1096820516	Triggered	1,14,15,16,17,18,19,20,21,22,	 NoSound	40	2	1096820516
1096820717	Triggered	1,14,15,16,17,18,19,20,21,22,	 StopSoundShort	40	2	1096820717
1096902867	Triggered	5,23,24,25,26,27,28,29,30,31,	 NoSound	40	2	1096902867
1096907142	Triggered	8,52,53,54,55,56,	 NoSound	40	2	1096907142
1096907343	Triggered	8,52,53,54,55,56,	 File_beep1	40	2	1096907343
1096919976	Triggered	5,23,24,25,26,27,28,29,30,31,	 NoSound	40	2	1096919976
1096925189	Triggered	2,37,38,39,40,41,	 NoSound	40	2	1096925189
1096925392	Triggered	2,37,38,39,40,41,	 File_beep3	40	2	1096925392
1096941366	Triggered	5,23,24,25,26,27,28,29,30,31,	 NoSound	40	2	1096941366
1096945778	Triggered	2,37,38,39,40,41,	 NoSound	40	2	1096945778
1096945980	Triggered	2,37,38,39,40,41,	 File_beep3	40	2	1096945980
1096958810	Triggered	5,23,24,25,26,27,28,29,30,31,	 NoSound	40	2	1096958810
1096963160	Triggered	8,52,53,54,55,56,	 NoSound	40	2	1096963160
1096963361	Triggered	8,52,53,54,55,56,	 File_beep1	40	2	1096963361
1096970710	Triggered	5,23,24,25,26,27,28,29,30,31,	 NoSound	40	2	1096970710
1096970913	Triggered	5,23,24,25,26,27,28,29,30,31,	 PureTone-9kHz	40	2	1096970913
1096975320	Triggered	2,37,38,39,40,41,	 NoSound	40	2	1096975320
1096975532	Triggered	2,37,38,39,40,41,	 File_beep3	40	2	1096975532
1096988823	Triggered	5,23,24,25,26,27,28,29,30,31,	 NoSound	40	2	1096988823
1096989026	Triggered	5,23,24,25,26,27,28,29,30,31,	 PureTone-7kHz	40	2	1096989026
1096993835	Triggered	8,52,53,54,55,56,	 NoSound	40	2	1096993835
1096994036	Triggered	8,52,53,54,55,56,	 File_beep1	40	2	1096994036
1097001523	Triggered	5,23,24,25,26,27,28,29,30,31,	 NoSound	40	2	1097001523
1097001726	Triggered	5,23,24,25,26,27,28,29,30,31,	 PureTone-5kHz	40	2	1097001726
1097007137	Triggered	2,37,38,39,40,41,	 NoSound	40	2	1097007137
1097007339	Triggered	2,37,38,39,40,41,	 File_beep3	40	2	1097007339
1097020974	Triggered	5,23,24,25,26,27,28,29,30,31,	 NoSound	40	2	1097020974
1097021176	Triggered	5,23,24,25,26,27,28,29,30,31,	 PureTone-3kHz	40	2	1097021176
1097026119	Triggered	8,52,53,54,55,56,	 NoSound	40	2	1097026119
1097026332	Triggered	8,52,53,54,55,56,	 File_beep1	40	2	1097026332
1097036079	Triggered	5,23,24,25,26,27,28,29,30,31,	 NoSound	40	2	1097036079
1097036282	Triggered	5,23,24,25,26,27,28,29,30,31,	 PureTone-2kHz	40	2	1097036282
1097041362	Triggered	2,37,38,39,40,41,	 NoSound	40	2	1097041362
1097041564	Triggered	2,37,38,39,40,41,	 File_beep3	40	2	1097041564
1097056063	Triggered	5,23,24,25,26,27,28,29,30,31,	 NoSound	40	2	1097056063
1097056266	Triggered	5,23,24,25,26,27,28,29,30,31,	 PureTone-1kHz	40	2	1097056266
1097061746	Triggered	8,52,53,54,55,56,	 NoSound	40	2	1097061746
1097061947	Triggered	8,52,53,54,55,56,	 File_beep1	40	2	1097061947
1097073243	Triggered	5,23,24,25,26,27,28,29,30,31,	 NoSound	40	2	1097073243
1097073455	Triggered	5,23,24,25,26,27,28,29,30,31,	 StopSoundShort	40	2	1097073455
1097102119	Triggered	1,14,15,16,17,18,19,20,21,22,	 NoSound	40	2	1097102119
1097107331	Triggered	4,42,43,44,45,46,	 NoSound	40	2	1097107331
1097107533	Triggered	4,42,43,44,45,46,	 File_beep1	40	2	1097107533
1097118494	Triggered	1,14,15,16,17,18,19,20,21,22,	 NoSound	40	2	1097118494
1097123508	Triggered	4,42,43,44,45,46,	 NoSound	40	2	1097123508
1097123720	Triggered	4,42,43,44,45,46,	 File_beep1	40	2	1097123720
1097143359	Triggered	1,14,15,16,17,18,19,20,21,22,	 NoSound	40	2	1097143359
1097148438	Triggered	6,47,48,49,50,51,	 NoSound	40	2	1097148439
1097148640	Triggered	6,47,48,49,50,51,	 File_beep3	40	2	1097148640
1097163410	Triggered	1,14,15,16,17,18,19,20,21,22,	 NoSound	40	2	1097163410
1097168824	Triggered	6,47,48,49,50,51,	 NoSound	40	2	1097168824
1097169027	Triggered	6,47,48,49,50,51,	 File_beep3	40	2	1097169027
1097184933	Triggered	1,14,15,16,17,18,19,20,21,22,	 NoSound	40	2	1097184933
1097185136	Triggered	1,14,15,16,17,18,19,20,21,22,	 PureTone-9kHz	40	2	1097185136
1097189612	Triggered	6,47,48,49,50,51,	 NoSound	40	2	1097189612
1097189814	Triggered	6,47,48,49,50,51,	 File_beep3	40	2	1097189814
1097206589	Triggered	1,14,15,16,17,18,19,20,21,22,	 NoSound	40	2	1097206589
1097206793	Triggered	1,14,15,16,17,18,19,20,21,22,	 PureTone-7kHz	40	2	1097206793
1097212812	Triggered	6,47,48,49,50,51,	 NoSound	40	2	1097212812
1097213015	Triggered	6,47,48,49,50,51,	 File_beep3	40	2	1097213015
1097229784	Triggered	1,14,15,16,17,18,19,20,21,22,	 NoSound	40	2	1097229784
1097229987	Triggered	1,14,15,16,17,18,19,20,21,22,	 PureTone-5kHz	40	2	1097229987
1097234730	Triggered	6,47,48,49,50,51,	 NoSound	40	2	1097234730
1097234931	Triggered	6,47,48,49,50,51,	 File_beep3	40	2	1097234931
1097249572	Triggered	1,14,15,16,17,18,19,20,21,22,	 NoSound	40	2	1097249572
1097249775	Triggered	1,14,15,16,17,18,19,20,21,22,	 PureTone-3kHz	40	2	1097249775
1097254916	Triggered	6,47,48,49,50,51,	 NoSound	40	2	1097254916
1097255118	Triggered	6,47,48,49,50,51,	 File_beep3	40	2	1097255118
1097269687	Triggered	1,14,15,16,17,18,19,20,21,22,	 NoSound	40	2	1097269687
1097269901	Triggered	1,14,15,16,17,18,19,20,21,22,	 PureTone-2kHz	40	2	1097269901
1097274233	Triggered	6,47,48,49,50,51,	 NoSound	40	2	1097274233
1097274435	Triggered	6,47,48,49,50,51,	 File_beep3	40	2	1097274435
1097292614	Triggered	1,14,15,16,17,18,19,20,21,22,	 NoSound	40	2	1097292614
1097292816	Triggered	1,14,15,16,17,18,19,20,21,22,	 PureTone-1kHz	40	2	1097292816
1097297694	Triggered	6,47,48,49,50,51,	 NoSound	40	2	1097297694
1097297897	Triggered	6,47,48,49,50,51,	 File_beep3	40	2	1097297897
1097313267	Triggered	1,14,15,16,17,18,19,20,21,22,	 NoSound	40	2	1097313267
1097313469	Triggered	1,14,15,16,17,18,19,20,21,22,	 StopSoundShort	40	2	1097313469
1097343212	Triggered	5,23,24,25,26,27,28,29,30,31,	 NoSound	40	2	1097343212
1097348026	Triggered	2,37,38,39,40,41,	 NoSound	40	2	1097348026
1097348226	Triggered	2,37,38,39,40,41,	 File_beep1	40	2	1097348226
1097392941	Triggered	5,23,24,25,26,27,28,29,30,31,	 NoSound	40	2	1097392941
1097400429	Triggered	2,37,38,39,40,41,	 NoSound	40	2	1097400429
1097400629	Triggered	2,37,38,39,40,41,	 File_beep1	40	2	1097400629
1097412927	Triggered	5,23,24,25,26,27,28,29,30,31,	 NoSound	40	2	1097412927
1097427365	Triggered	2,37,38,39,40,41,	 NoSound	40	2	1097427365
1097427566	Triggered	2,37,38,39,40,41,	 File_beep1	40	2	1097427566
1097463927	Triggered	5,23,24,25,26,27,28,29,30,31,	 NoSound	40	2	1097463927
1097469074	Triggered	8,52,53,54,55,56,	 NoSound	40	2	1097469074
1097469276	Triggered	8,52,53,54,55,56,	 File_beep3	40	2	1097469276
1097490663	Triggered	5,23,24,25,26,27,28,29,30,31,	 NoSound	40	2	1097490663
1097490867	Triggered	5,23,24,25,26,27,28,29,30,31,	 PureTone-9kHz	40	2	1097490867
1097495744	Triggered	2,37,38,39,40,41,	 NoSound	40	2	1097495744
1097495944	Triggered	2,37,38,39,40,41,	 File_beep1	40	2	1097495944
1097506306	Triggered	5,23,24,25,26,27,28,29,30,31,	 NoSound	40	2	1097506306
1097506508	Triggered	5,23,24,25,26,27,28,29,30,31,	 PureTone-7kHz	40	2	1097506508
1097533778	Triggered	2,37,38,39,40,41,	 NoSound	40	2	1097533778
1097533992	Triggered	2,37,38,39,40,41,	 File_beep1	40	2	1097533992
1097548815	Triggered	5,23,24,25,26,27,28,29,30,31,	 NoSound	40	2	1097548815
1097549018	Triggered	5,23,24,25,26,27,28,29,30,31,	 PureTone-5kHz	40	2	1097549018
1097554229	Triggered	8,52,53,54,55,56,	 NoSound	40	2	1097554229
1097554432	Triggered	8,52,53,54,55,56,	 File_beep3	40	2	1097554432
1097568533	Triggered	5,23,24,25,26,27,28,29,30,31,	 NoSound	40	2	1097568533
1097568735	Triggered	5,23,24,25,26,27,28,29,30,31,	 PureTone-3kHz	40	2	1097568735
1097575551	Triggered	2,37,38,39,40,41,	 NoSound	40	2	1097575551
1097575752	Triggered	2,37,38,39,40,41,	 File_beep1	40	2	1097575752
1097585044	Triggered	5,23,24,25,26,27,28,29,30,31,	 NoSound	40	2	1097585044
1097585246	Triggered	5,23,24,25,26,27,28,29,30,31,	 PureTone-2kHz	40	2	1097585246
1097590658	Triggered	8,52,53,54,55,56,	 NoSound	40	2	1097590658
1097590860	Triggered	8,52,53,54,55,56,	 File_beep3	40	2	1097590860
1097604300	Triggered	5,23,24,25,26,27,28,29,30,31,	 NoSound	40	2	1097604300
1097604502	Triggered	5,23,24,25,26,27,28,29,30,31,	 PureTone-1kHz	40	2	1097604502
1097610242	Triggered	8,52,53,54,55,56,	 NoSound	40	2	1097610242
1097610444	Triggered	8,52,53,54,55,56,	 File_beep3	40	2	1097610444
1097627085	Triggered	5,23,24,25,26,27,28,29,30,31,	 NoSound	40	2	1097627085
1097627286	Triggered	5,23,24,25,26,27,28,29,30,31,	 StopSoundShort	40	2	1097627286
1098166628	Triggered	1,14,15,16,17,18,19,20,21,22,	 NoSound	40	2	1098166628
1098177454	Triggered	6,47,48,49,50,51,	 NoSound	40	2	1098177454
1098177655	Triggered	6,47,48,49,50,51,	 File_beep1	40	2	1098177655
1098191891	Triggered	1,14,15,16,17,18,19,20,21,22,	 NoSound	40	2	1098191891
1098197506	Triggered	4,42,43,44,45,46,	 NoSound	40	2	1098197506
1098197708	Triggered	4,42,43,44,45,46,	 File_beep3	40	2	1098197708
1098213949	Triggered	1,14,15,16,17,18,19,20,21,22,	 NoSound	40	2	1098213949
1098219096	Triggered	4,42,43,44,45,46,	 NoSound	40	2	1098219096
1098219298	Triggered	4,42,43,44,45,46,	 File_beep3	40	2	1098219298
1098233801	Triggered	1,14,15,16,17,18,19,20,21,22,	 NoSound	40	2	1098233801
1098238814	Triggered	6,47,48,49,50,51,	 NoSound	40	2	1098238814
1098239015	Triggered	6,47,48,49,50,51,	 File_beep1	40	2	1098239015
1098249842	Triggered	1,14,15,16,17,18,19,20,21,22,	 NoSound	40	2	1098249842
1098250056	Triggered	1,14,15,16,17,18,19,20,21,22,	 PureTone-9kHz	40	2	1098250056
1098255055	Triggered	6,47,48,49,50,51,	 NoSound	40	2	1098255055
1098255257	Triggered	6,47,48,49,50,51,	 File_beep1	40	2	1098255257
1098267222	Triggered	1,14,15,16,17,18,19,20,21,22,	 NoSound	40	2	1098267222
1098267426	Triggered	1,14,15,16,17,18,19,20,21,22,	 PureTone-7kHz	40	2	1098267426
1098272569	Triggered	6,47,48,49,50,51,	 NoSound	40	2	1098272569
1098272769	Triggered	6,47,48,49,50,51,	 File_beep1	40	2	1098272769
1098282928	Triggered	1,14,15,16,17,18,19,20,21,22,	 NoSound	40	2	1098282928
1098283130	Triggered	1,14,15,16,17,18,19,20,21,22,	 PureTone-5kHz	40	2	1098283130
1098287941	Triggered	6,47,48,49,50,51,	 NoSound	40	2	1098287941
1098288142	Triggered	6,47,48,49,50,51,	 File_beep1	40	2	1098288142
1098300106	Triggered	1,14,15,16,17,18,19,20,21,22,	 NoSound	40	2	1098300106
1098300308	Triggered	1,14,15,16,17,18,19,20,21,22,	 PureTone-3kHz	40	2	1098300308
1098305186	Triggered	6,47,48,49,50,51,	 NoSound	40	2	1098305186
1098305386	Triggered	6,47,48,49,50,51,	 File_beep1	40	2	1098305386
1098314276	Triggered	1,14,15,16,17,18,19,20,21,22,	 NoSound	40	2	1098314276
1098314478	Triggered	1,14,15,16,17,18,19,20,21,22,	 PureTone-2kHz	40	2	1098314478
1098319624	Triggered	6,47,48,49,50,51,	 NoSound	40	2	1098319624
1098319824	Triggered	6,47,48,49,50,51,	 File_beep1	40	2	1098319824
1098329382	Triggered	1,14,15,16,17,18,19,20,21,22,	 NoSound	40	2	1098329382
1098329583	Triggered	1,14,15,16,17,18,19,20,21,22,	 PureTone-1kHz	40	2	1098329583
1098335198	Triggered	4,42,43,44,45,46,	 NoSound	40	2	1098335198
1098335399	Triggered	4,42,43,44,45,46,	 File_beep3	40	2	1098335399
1098347163	Triggered	1,14,15,16,17,18,19,20,21,22,	 NoSound	40	2	1098347163
1098347364	Triggered	1,14,15,16,17,18,19,20,21,22,	 StopSoundShort	40	2	1098347364
1098369888	Triggered	5,23,24,25,26,27,28,29,30,31,	 NoSound	40	2	1098369888
1098375837	Triggered	2,37,38,39,40,41,	 NoSound	40	2	1098375837
1098376039	Triggered	2,37,38,39,40,41,	 File_beep3	40	2	1098376039
1098400701	Triggered	5,23,24,25,26,27,28,29,30,31,	 NoSound	40	2	1098400701
1098461795	Triggered	8,52,53,54,55,56,	 NoSound	40	2	1098461795
1098461995	Triggered	8,52,53,54,55,56,	 File_beep1	40	2	1098461995
1098474898	Triggered	5,23,24,25,26,27,28,29,30,31,	 NoSound	40	2	1098474898
1098480310	Triggered	8,52,53,54,55,56,	 NoSound	40	2	1098480310
1098480527	Triggered	8,52,53,54,55,56,	 File_beep1	40	2	1098480527
1098492541	Triggered	5,23,24,25,26,27,28,29,30,31,	 NoSound	40	2	1098492541
1098499359	Triggered	2,37,38,39,40,41,	 NoSound	40	2	1098499359
1098499560	Triggered	2,37,38,39,40,41,	 File_beep3	40	2	1098499560
1098529838	Triggered	5,23,24,25,26,27,28,29,30,31,	 NoSound	40	2	1098529838
1098530041	Triggered	5,23,24,25,26,27,28,29,30,31,	 PureTone-9kHz	40	2	1098530041
1098534919	Triggered	8,52,53,54,55,56,	 NoSound	40	2	1098534919
1098535119	Triggered	8,52,53,54,55,56,	 File_beep1	40	2	1098535119
1098547753	Triggered	5,23,24,25,26,27,28,29,30,31,	 NoSound	40	2	1098547753
1098547956	Triggered	5,23,24,25,26,27,28,29,30,31,	 PureTone-7kHz	40	2	1098547956
1098552699	Triggered	8,52,53,54,55,56,	 NoSound	40	2	1098552699
1098552900	Triggered	8,52,53,54,55,56,	 File_beep1	40	2	1098552900
1098609113	Triggered	5,23,24,25,26,27,28,29,30,31,	 NoSound	40	2	1098609113
1098609315	Triggered	5,23,24,25,26,27,28,29,30,31,	 PureTone-5kHz	40	2	1098609315
1098614600	Triggered	2,37,38,39,40,41,	 NoSound	40	2	1098614600
1098614801	Triggered	2,37,38,39,40,41,	 File_beep3	40	2	1098614801
1098636316	Triggered	5,23,24,25,26,27,28,29,30,31,	 NoSound	40	2	1098636316
1098636518	Triggered	5,23,24,25,26,27,28,29,30,31,	 PureTone-3kHz	40	2	1098636518
1098642198	Triggered	2,37,38,39,40,41,	 NoSound	40	2	1098642198
1098642399	Triggered	2,37,38,39,40,41,	 File_beep3	40	2	1098642399
1098657838	Triggered	5,23,24,25,26,27,28,29,30,31,	 NoSound	40	2	1098657838
1098658041	Triggered	5,23,24,25,26,27,28,29,30,31,	 PureTone-2kHz	40	2	1098658041
1098663386	Triggered	2,37,38,39,40,41,	 NoSound	40	2	1098663386
1098663588	Triggered	2,37,38,39,40,41,	 File_beep3	40	2	1098663588
1098679033	Triggered	5,23,24,25,26,27,28,29,30,31,	 NoSound	40	2	1098679033
1098679235	Triggered	5,23,24,25,26,27,28,29,30,31,	 PureTone-1kHz	40	2	1098679235
1098685044	Triggered	8,52,53,54,55,56,	 NoSound	40	2	1098685044
1098685244	Triggered	8,52,53,54,55,56,	 File_beep1	40	2	1098685244
1098696205	Triggered	5,23,24,25,26,27,28,29,30,31,	 NoSound	40	2	1098696205
1098696405	Triggered	5,23,24,25,26,27,28,29,30,31,	 StopSoundShort	40	2	1098696405
1098714653	Triggered	1,14,15,16,17,18,19,20,21,22,	 NoSound	40	2	1098714653
1098719533	Triggered	6,47,48,49,50,51,	 NoSound	40	2	1098719533
1098719747	Triggered	6,47,48,49,50,51,	 File_beep3	40	2	1098719747
1098744330	Triggered	1,14,15,16,17,18,19,20,21,22,	 NoSound	40	2	1098744330
1098749944	Triggered	6,47,48,49,50,51,	 NoSound	40	2	1098749944
1098750146	Triggered	6,47,48,49,50,51,	 File_beep3	40	2	1098750146
1098768260	Triggered	1,14,15,16,17,18,19,20,21,22,	 NoSound	40	2	1098768260
1098774821	Triggered	4,42,43,44,45,46,	 NoSound	40	2	1098774821
1098775022	Triggered	4,42,43,44,45,46,	 File_beep1	40	2	1098775022
1098793193	Triggered	1,14,15,16,17,18,19,20,21,22,	 NoSound	40	2	1098793193
1098798539	Triggered	6,47,48,49,50,51,	 NoSound	40	2	1098798539
1098798740	Triggered	6,47,48,49,50,51,	 File_beep3	40	2	1098798740
1098816518	Triggered	1,14,15,16,17,18,19,20,21,22,	 NoSound	40	2	1098816518
1098816723	Triggered	1,14,15,16,17,18,19,20,21,22,	 PureTone-9kHz	40	2	1098816723
1098821465	Triggered	6,47,48,49,50,51,	 NoSound	40	2	1098821465
1098821667	Triggered	6,47,48,49,50,51,	 File_beep3	40	2	1098821667
1098840916	Triggered	1,14,15,16,17,18,19,20,21,22,	 NoSound	40	2	1098840916
1098841118	Triggered	1,14,15,16,17,18,19,20,21,22,	 PureTone-7kHz	40	2	1098841118
1098845930	Triggered	6,47,48,49,50,51,	 NoSound	40	2	1098845930
1098846131	Triggered	6,47,48,49,50,51,	 File_beep3	40	2	1098846131
1098865447	Triggered	1,14,15,16,17,18,19,20,21,22,	 NoSound	40	2	1098865447
1098865650	Triggered	1,14,15,16,17,18,19,20,21,22,	 PureTone-5kHz	40	2	1098865650
1098870327	Triggered	6,47,48,49,50,51,	 NoSound	40	2	1098870327
1098870528	Triggered	6,47,48,49,50,51,	 File_beep3	40	2	1098870528
1098886100	Triggered	1,14,15,16,17,18,19,20,21,22,	 NoSound	40	2	1098886100
1098886302	Triggered	1,14,15,16,17,18,19,20,21,22,	 PureTone-3kHz	40	2	1098886302
1098891314	Triggered	6,47,48,49,50,51,	 NoSound	40	2	1098891314
1098891515	Triggered	6,47,48,49,50,51,	 File_beep3	40	2	1098891515
1098905018	Triggered	1,14,15,16,17,18,19,20,21,22,	 NoSound	40	2	1098905018
1098905220	Triggered	1,14,15,16,17,18,19,20,21,22,	 PureTone-2kHz	40	2	1098905220
1098909427	Triggered	6,47,48,49,50,51,	 NoSound	40	2	1098909427
1098909629	Triggered	6,47,48,49,50,51,	 File_beep3	40	2	1098909629
1098924467	Triggered	1,14,15,16,17,18,19,20,21,22,	 NoSound	40	2	1098924467
1098924668	Triggered	1,14,15,16,17,18,19,20,21,22,	 PureTone-1kHz	40	2	1098924668
1098930416	Triggered	6,47,48,49,50,51,	 NoSound	40	2	1098930416
1098930618	Triggered	6,47,48,49,50,51,	 File_beep3	40	2	1098930618
1098946931	Triggered	1,14,15,16,17,18,19,20,21,22,	 NoSound	40	2	1098946931
1098947132	Triggered	1,14,15,16,17,18,19,20,21,22,	 StopSoundShort	40	2	1098947132
1098985032	Triggered	5,23,24,25,26,27,28,29,30,31,	 NoSound	40	2	1098985032
1098989169	Triggered	8,52,53,54,55,56,	 NoSound	40	2	1098989169
1098989370	Triggered	8,52,53,54,55,56,	 File_beep3	40	2	1098989370
1099000803	Triggered	5,23,24,25,26,27,28,29,30,31,	 NoSound	40	2	1099000803
1099005478	Triggered	2,37,38,39,40,41,	 NoSound	40	2	1099005478
1099005679	Triggered	2,37,38,39,40,41,	 File_beep1	40	2	1099005679
1099015571	Triggered	5,23,24,25,26,27,28,29,30,31,	 NoSound	40	2	1099015571
1099022590	Triggered	2,37,38,39,40,41,	 NoSound	40	2	1099022590
1099022791	Triggered	2,37,38,39,40,41,	 File_beep1	40	2	1099022791
1099034487	Triggered	5,23,24,25,26,27,28,29,30,31,	 NoSound	40	2	1099034487
1099039767	Triggered	2,37,38,39,40,41,	 NoSound	40	2	1099039767
1099039968	Triggered	2,37,38,39,40,41,	 File_beep1	40	2	1099039968
1099076530	Triggered	5,23,24,25,26,27,28,29,30,31,	 NoSound	40	2	1099076530
1099076733	Triggered	5,23,24,25,26,27,28,29,30,31,	 PureTone-9kHz	40	2	1099076733
1099086294	Triggered	2,37,38,39,40,41,	 NoSound	40	2	1099086294
1099086495	Triggered	2,37,38,39,40,41,	 File_beep1	40	2	1099086495
1099116769	Triggered	5,23,24,25,26,27,28,29,30,31,	 NoSound	40	2	1099116769
1099116970	Triggered	5,23,24,25,26,27,28,29,30,31,	 PureTone-7kHz	40	2	1099116970
1099121714	Triggered	2,37,38,39,40,41,	 NoSound	40	2	1099121714
1099121915	Triggered	2,37,38,39,40,41,	 File_beep1	40	2	1099121915
1099133813	Triggered	5,23,24,25,26,27,28,29,30,31,	 NoSound	40	2	1099133813
1099134016	Triggered	5,23,24,25,26,27,28,29,30,31,	 PureTone-5kHz	40	2	1099134016
1099140498	Triggered	8,52,53,54,55,56,	 NoSound	40	2	1099140498
1099140700	Triggered	8,52,53,54,55,56,	 File_beep3	40	2	1099140700
1099153130	Triggered	5,23,24,25,26,27,28,29,30,31,	 NoSound	40	2	1099153130
1099153333	Triggered	5,23,24,25,26,27,28,29,30,31,	 PureTone-3kHz	40	2	1099153333
1099158276	Triggered	8,52,53,54,55,56,	 NoSound	40	2	1099158276
1099158478	Triggered	8,52,53,54,55,56,	 File_beep3	40	2	1099158478
1099179399	Triggered	5,23,24,25,26,27,28,29,30,31,	 NoSound	40	2	1099179399
1099179602	Triggered	5,23,24,25,26,27,28,29,30,31,	 PureTone-2kHz	40	2	1099179602
1099255797	Triggered	2,37,38,39,40,41,	 NoSound	40	2	1099255797
1099255998	Triggered	2,37,38,39,40,41,	 File_beep1	40	2	1099255998
1099289350	Triggered	5,23,24,25,26,27,28,29,30,31,	 NoSound	40	2	1099289350
1099289552	Triggered	5,23,24,25,26,27,28,29,30,31,	 PureTone-1kHz	40	2	1099289552
