Ver1.3	751189519	StartFile	10/21/2020	11:53:36 AM	E:\BehavioralExperiments\Bobo\RawData\102120\SoundData.txt	751189519
751559192	Triggered	5,23,24,25,26,27,28,29,30,31,	 NoSound	40	2	751559192
751559395	Triggered	5,23,24,25,26,27,28,29,30,31,	 StopSoundLong	40	2	751559395
751655277	Triggered	1,14,15,16,17,18,19,20,21,22,	 NoSound	40	2	751655277
751842516	Triggered	6,47,48,49,50,51,	 NoSound	40	2	751842516
751842717	Triggered	6,47,48,49,50,51,	 File_beep2	40	2	751842717
751989859	Triggered	1,14,15,16,17,18,19,20,21,22,	 NoSound	40	2	751989859
752002132	Triggered	6,47,48,49,50,51,	 NoSound	40	2	752002132
752002334	Triggered	6,47,48,49,50,51,	 File_beep2	40	2	752002334
752031975	Triggered	1,14,15,16,17,18,19,20,21,22,	 NoSound	40	2	752031975
752120238	Triggered	4,42,43,44,45,46,	 NoSound	40	2	752120238
752120440	Triggered	4,42,43,44,45,46,	 File_beep3	40	2	752120440
752177335	Triggered	1,14,15,16,17,18,19,20,21,22,	 NoSound	40	2	752177335
752211811	Triggered	4,42,43,44,45,46,	 NoSound	40	2	752211811
752212012	Triggered	4,42,43,44,45,46,	 File_beep3	40	2	752212012
752312467	Triggered	1,14,15,16,17,18,19,20,21,22,	 NoSound	40	2	752312467
752312671	Triggered	1,14,15,16,17,18,19,20,21,22,	 PureTone-9kHz	40	2	752312671
752324801	Triggered	6,47,48,49,50,51,	 NoSound	40	2	752324801
752325003	Triggered	6,47,48,49,50,51,	 File_beep2	40	2	752325003
752341107	Triggered	1,14,15,16,17,18,19,20,21,22,	 NoSound	40	2	752341107
752341311	Triggered	1,14,15,16,17,18,19,20,21,22,	 PureTone-7kHz	40	2	752341311
752348688	Triggered	6,47,48,49,50,51,	 NoSound	40	2	752348688
752348889	Triggered	6,47,48,49,50,51,	 File_beep2	40	2	752348889
752362826	Triggered	1,14,15,16,17,18,19,20,21,22,	 NoSound	40	2	752362826
752363029	Triggered	1,14,15,16,17,18,19,20,21,22,	 PureTone-5kHz	40	2	752363029
752369745	Triggered	4,42,43,44,45,46,	 NoSound	40	2	752369745
752369946	Triggered	4,42,43,44,45,46,	 File_beep3	40	2	752369946
752391888	Triggered	1,14,15,16,17,18,19,20,21,22,	 NoSound	40	2	752391888
752392104	Triggered	1,14,15,16,17,18,19,20,21,22,	 PureTone-3kHz	40	2	752392104
752398023	Triggered	4,42,43,44,45,46,	 NoSound	40	2	752398023
752398224	Triggered	4,42,43,44,45,46,	 File_beep3	40	2	752398224
752409937	Triggered	1,14,15,16,17,18,19,20,21,22,	 NoSound	40	2	752409937
752410138	Triggered	1,14,15,16,17,18,19,20,21,22,	 PureTone-2kHz	40	2	752410138
752456506	Triggered	6,47,48,49,50,51,	 NoSound	40	2	752456506
752456707	Triggered	6,47,48,49,50,51,	 File_beep2	40	2	752456707
752540255	Triggered	1,14,15,16,17,18,19,20,21,22,	 NoSound	40	2	752540255
752540458	Triggered	1,14,15,16,17,18,19,20,21,22,	 PureTone-1kHz	40	2	752540458
752545972	Triggered	6,47,48,49,50,51,	 NoSound	40	2	752545972
752546172	Triggered	6,47,48,49,50,51,	 File_beep2	40	2	752546172
752743857	Triggered	1,14,15,16,17,18,19,20,21,22,	 NoSound	40	2	752743857
752744070	Triggered	1,14,15,16,17,18,19,20,21,22,	 StopSoundShort	40	2	752744070
753154368	Triggered	5,23,24,25,26,27,28,29,30,31,	 NoSound	40	2	753154368
753334863	Triggered	8,52,53,54,55,56,	 NoSound	40	2	753334863
753335065	Triggered	8,52,53,54,55,56,	 File_beep2	40	2	753335065
753348884	Triggered	5,23,24,25,26,27,28,29,30,31,	 NoSound	40	2	753348884
753358028	Triggered	2,37,38,39,40,41,	 NoSound	40	2	753358028
753358229	Triggered	2,37,38,39,40,41,	 File_beep3	40	2	753358229
753401178	Triggered	5,23,24,25,26,27,28,29,30,31,	 NoSound	40	2	753401178
753412720	Triggered	8,52,53,54,55,56,	 NoSound	40	2	753412720
753412922	Triggered	8,52,53,54,55,56,	 File_beep2	40	2	753412922
753817393	Triggered	5,23,24,25,26,27,28,29,30,31,	 NoSound	40	2	753817393
753828766	Triggered	8,52,53,54,55,56,	 NoSound	40	2	753828766
753828967	Triggered	8,52,53,54,55,56,	 File_beep2	40	2	753828967
754930640	Triggered	5,23,24,25,26,27,28,29,30,31,	 NoSound	40	2	754930640
754930842	Triggered	5,23,24,25,26,27,28,29,30,31,	 PureTone-1kHz	40	2	754930842
755037736	Triggered	2,37,38,39,40,41,	 NoSound	40	2	755037736
755037937	Triggered	2,37,38,39,40,41,	 File_beep3	40	2	755037937
755065413	Triggered	5,23,24,25,26,27,28,29,30,31,	 NoSound	40	2	755065413
755065625	Triggered	5,23,24,25,26,27,28,29,30,31,	 StopSoundLong	40	2	755065625
755167393	Triggered	1,14,15,16,17,18,19,20,21,22,	 NoSound	40	2	755167393
755662797	Triggered	6,47,48,49,50,51,	 NoSound	40	2	755662797
755662998	Triggered	6,47,48,49,50,51,	 File_beep1	40	2	755662998
755679886	Triggered	1,14,15,16,17,18,19,20,21,22,	 NoSound	40	2	755679886
755693362	Triggered	4,42,43,44,45,46,	 NoSound	40	2	755693362
755693563	Triggered	4,42,43,44,45,46,	 File_beep2	40	2	755693563
755740592	Triggered	1,14,15,16,17,18,19,20,21,22,	 NoSound	40	2	755740592
755945579	Triggered	6,47,48,49,50,51,	 NoSound	40	2	755945579
755945793	Triggered	6,47,48,49,50,51,	 File_beep1	40	2	755945793
756064548	Triggered	1,14,15,16,17,18,19,20,21,22,	 NoSound	40	2	756064548
756589049	Triggered	4,42,43,44,45,46,	 NoSound	40	2	756589049
756589252	Triggered	4,42,43,44,45,46,	 File_beep2	40	2	756589252
756614921	Triggered	1,14,15,16,17,18,19,20,21,22,	 NoSound	40	2	756614921
756615126	Triggered	1,14,15,16,17,18,19,20,21,22,	 PureTone-9kHz	40	2	756615126
