Friday, June 5, 2020	1:18:10 PM	Game1.txt	258619149
Cued	Now	258629979
9	BlinkStart	258630003
9	BlinkEnd	258755750
14,1	BlinkStart	258755835
14,1	BlinkEnd	258757622
1	0DropFeed	258757702
14	NoFeedAbort	258757782
26,5	BlinkStart	258767797
26,5	BlinkEnd	258770486
5	0DropFeed	258770566
26	Feed	258770647
2,8	BlinkStart	258770737
2,8	BlinkEnd	258774817
8	0DropFeed	258774897
25,5	BlinkStart	258774999
25,5	BlinkEnd	258799005
5	0DropFeed	258799085
25	Feed	258799166
2,8	BlinkStart	258799272
2,8	BlinkEnd	258803395
2	Feed	258803476
24,5	BlinkStart	258803582
24,5	BlinkEnd	258816151
5	0DropFeed	258816232
24	NoFeedAbort	258816312
22,1	BlinkStart	258826325
22,1	BlinkEnd	258833360
1	0DropFeed	258833440
22	Feed	258833520
6,4	BlinkStart	258833623
6,4	BlinkEnd	258836729
6	Feed	258836809
21,1	BlinkStart	258836910
21,1	BlinkEnd	258843225
1	0DropFeed	258843306
21	Feed	258843386
6,4	BlinkStart	258843473
6,4	BlinkEnd	258846294
6	Feed	258846375
20,1	BlinkStart	258846464
20,1	BlinkEnd	258854539
1	0DropFeed	258854619
20	Feed	258854699
6,4	BlinkStart	258854788
6,4	BlinkEnd	258857485
6	Feed	258857565
19,1	BlinkStart	258857653
19,1	BlinkEnd	258865307
1	0DropFeed	258865388
19	Feed	258865468
6,4	BlinkStart	258865573
6,4	BlinkEnd	258868255
6	Feed	258868335
18,1	BlinkStart	258868435
18,1	BlinkEnd	258876679
1	0DropFeed	258876759
18	Feed	258876839
6,4	BlinkStart	258876944
6,4	BlinkEnd	258882273
4	0DropFeed	258882353
17,1	BlinkStart	258882450
17,1	BlinkEnd	258888539
1	0DropFeed	258888619
17	Feed	258888699
6,4	BlinkStart	258888785
6,4	BlinkEnd	258892924
6	Feed	258893004
16,1	BlinkStart	258893103
16,1	BlinkEnd	258899421
1	0DropFeed	258899502
16	Feed	258899582
6,4	BlinkStart	258899686
6,4	BlinkEnd	258902309
4	0DropFeed	258902389
14,1	BlinkStart	258902493
14,1	BlinkEnd	258913078
1	0DropFeed	258913158
14	NoFeedAbort	258913238
26,5	BlinkStart	258923253
26,5	BlinkEnd	258939189
5	0DropFeed	258939269
26	Feed	258939350
2,8	BlinkStart	258939452
2,8	BlinkEnd	258942980
2	Feed	258943061
25,5	BlinkStart	258943147
25,5	BlinkEnd	258952608
5	0DropFeed	258952688
25	Feed	258952768
2,8	BlinkStart	258952855
2,8	BlinkEnd	258956036
8	0DropFeed	258956116
24,5	BlinkStart	258956217
24,5	BlinkEnd	258961753
5	0DropFeed	258961833
24	NoFeedAbort	258961914
22,1	BlinkStart	258971928
22,1	BlinkEnd	258972194
1	0DropFeed	258972274
22	Feed	258972354
6,4	BlinkStart	258972441
6,4	BlinkEnd	258975831
4	Feed	258975911
21,1	BlinkStart	258976102
21,1	BlinkEnd	258982450
1	0DropFeed	258982530
21	Feed	258982610
6,4	BlinkStart	258982788
6,4	BlinkEnd	258985697
4	Feed	258985778
20,1	BlinkStart	258985932
20,1	BlinkEnd	258991113
1	0DropFeed	258991193
20	Feed	258991274
6,4	BlinkStart	258991440
6,4	BlinkEnd	258993821
4	Feed	258993901
19,1	BlinkStart	258994073
19,1	BlinkEnd	258999295
1	0DropFeed	258999375
19	Feed	258999456
6,4	BlinkStart	258999629
6,4	BlinkEnd	259002183
4	Feed	259002264
18,1	BlinkStart	259002416
18,1	BlinkEnd	259011930
1	0DropFeed	259012011
18	Feed	259012091
6,4	BlinkStart	259012234
6,4	BlinkEnd	259014999
4	Feed	259015079
17,1	BlinkStart	259015234
17,1	BlinkEnd	259020174
1	0DropFeed	259020254
17	Feed	259020334
6,4	BlinkStart	259020483
6,4	BlinkEnd	259023663
6	Feed	259023743
16,1	BlinkStart	259023934
16,1	BlinkEnd	259033350
1	0DropFeed	259033430
16	Feed	259033510
6,4	BlinkStart	259033684
6,4	BlinkEnd	259036417
4	Feed	259036497
14,1	BlinkStart	259036650
14,1	BlinkEnd	259042374
1	0DropFeed	259042454
14	NoFeedAbort	259042534
26,5	BlinkStart	259052593
26,5	BlinkEnd	259056393
5	0DropFeed	259056473
26	Feed	259056553
8,2	BlinkStart	259056718
8,2	BlinkEnd	259059701
2	Feed	259059782
25,5	BlinkStart	259059935
25,5	BlinkEnd	259070531
5	0DropFeed	259070612
25	Feed	259070692
8,2	BlinkStart	259070863
8,2	BlinkEnd	259073611
2	Feed	259073691
24,5	BlinkStart	259073871
24,5	BlinkEnd	259084731
5	0DropFeed	259084811
24	NoFeedAbort	259084892
22,1	BlinkStart	259094951
22,1	BlinkEnd	259096945
1	0DropFeed	259097025
22	Feed	259097105
6,4	BlinkStart	259097270
6,4	BlinkEnd	259099832
6	Feed	259099912
21,1	BlinkStart	259100078
21,1	BlinkEnd	259106994
1	0DropFeed	259107074
21	Feed	259107154
6,4	BlinkStart	259107315
6,4	BlinkEnd	259109820
4	0DropFeed	259109901
20,1	BlinkStart	259110071
20,1	BlinkEnd	259114753
1	0DropFeed	259114834
20	Feed	259114914
6,4	BlinkStart	259115061
6,4	BlinkEnd	259118845
6	Feed	259118925
19,1	BlinkStart	259119098
19,1	BlinkEnd	259127088
1	0DropFeed	259127168
19	Feed	259127248
6,4	BlinkStart	259127390
6,4	BlinkEnd	259129736
6	Feed	259129816
18,1	BlinkStart	259129987
18,1	BlinkEnd	259142491
1	0DropFeed	259142571
18	Feed	259142651
6,4	BlinkStart	259142807
6,4	BlinkEnd	259145083
6	Feed	259145163
17,1	BlinkStart	259145338
17,1	BlinkEnd	259155065
1	0DropFeed	259155146
17	Feed	259155226
6,4	BlinkStart	259155383
6,4	BlinkEnd	259158373
6	Feed	259158454
16,1	BlinkStart	259158620
16,1	BlinkEnd	259167218
1	0DropFeed	259167298
16	Feed	259167378
6,4	BlinkStart	259167540
6,4	BlinkEnd	259170166
6	Feed	259170246
14,1	BlinkStart	259170408
14,1	BlinkEnd	259178229
1	0DropFeed	259178309
14	NoFeedAbort	259178389
26,5	BlinkStart	259188463
26,5	BlinkEnd	259191344
5	0DropFeed	259191424
26	Feed	259191504
8,2	BlinkStart	259191653
8,2	BlinkEnd	259194654
8	Feed	259194734
25,5	BlinkStart	259194904
25,5	BlinkEnd	259204767
5	0DropFeed	259204847
25	Feed	259204927
8,2	BlinkStart	259205092
8,2	BlinkEnd	259207650
8	Feed	259207730
24,5	BlinkStart	259207898
24,5	BlinkEnd	259218239
5	0DropFeed	259218319
24	NoFeedAbort	259218400
22,1	BlinkStart	259228461
22,1	BlinkEnd	259230093
1	0DropFeed	259230173
22	Feed	259230253
4,6	BlinkStart	259230390
4,6	BlinkEnd	259233280
6	Feed	259233360
21,1	BlinkStart	259233530
21,1	BlinkEnd	259240499
1	0DropFeed	259240579
21	Feed	259240659
4,6	BlinkStart	259240816
4,6	BlinkEnd	259243328
6	Feed	259243408
20,1	BlinkStart	259243581
20,1	BlinkEnd	259251209
1	0DropFeed	259251289
20	Feed	259251369
4,6	BlinkStart	259251546
4,6	BlinkEnd	259253736
6	Feed	259253816
19,1	BlinkStart	259253956
19,1	BlinkEnd	259262521
1	0DropFeed	259262601
19	Feed	259262682
4,6	BlinkStart	259262818
4,6	BlinkEnd	259264994
6	Feed	259265074
18,1	BlinkStart	259265232
18,1	BlinkEnd	259272449
1	0DropFeed	259272529
18	Feed	259272609
4,6	BlinkStart	259272762
4,6	BlinkEnd	259275757
6	Feed	259275838
17,1	BlinkStart	259276000
17,1	BlinkEnd	259283157
1	0DropFeed	259283237
17	Feed	259283317
4,6	BlinkStart	259283473
4,6	BlinkEnd	259286106
6	Feed	259286187
16,1	BlinkStart	259286342
16,1	BlinkEnd	259293325
1	0DropFeed	259293405
16	Feed	259293486
4,6	BlinkStart	259293648
4,6	BlinkEnd	259297598
6	Feed	259297678
14,1	BlinkStart	259297854
14,1	BlinkEnd	259304337
1	0DropFeed	259304417
14	NoFeedAbort	259304497
26,5	BlinkStart	259314556
26,5	BlinkEnd	259319076
5	0DropFeed	259319156
26	Feed	259319236
2,8	BlinkStart	259319388
2,8	BlinkEnd	259322325
2	Feed	259322405
25,5	BlinkStart	259322580
25,5	BlinkEnd	259331658
5	0DropFeed	259331738
25	Feed	259331818
2,8	BlinkStart	259331958
2,8	BlinkEnd	259335080
2	Feed	259335160
24,5	BlinkStart	259335311
24,5	BlinkEnd	259344176
5	0DropFeed	259344256
24	NoFeedAbort	259344336
22,1	BlinkStart	259354396
22,1	BlinkEnd	259364923
1	0DropFeed	259365003
22	Feed	259365084
6,4	BlinkStart	259365226
6,4	BlinkEnd	259367870
6	Feed	259367950
21,1	BlinkStart	259368101
21,1	BlinkEnd	259374137
1	0DropFeed	259374218
21	Feed	259374299
6,4	BlinkStart	259374456
6,4	BlinkEnd	259376956
6	Feed	259377036
20,1	BlinkStart	259377206
20,1	BlinkEnd	259385439
1	0DropFeed	259385521
20	Feed	259385601
6,4	BlinkStart	259385744
6,4	BlinkEnd	259388387
6	Feed	259388467
19,1	BlinkStart	259388625
19,1	BlinkEnd	259396092
1	0DropFeed	259396172
19	Feed	259396252
6,4	BlinkStart	259396440
6,4	BlinkEnd	259398984
6	Feed	259399064
18,1	BlinkStart	259399225
18,1	BlinkEnd	259406196
1	0DropFeed	259406276
18	Feed	259406357
6,4	BlinkStart	259406531
6,4	BlinkEnd	259409806
4	0DropFeed	259409886
17,1	BlinkStart	259410057
17,1	BlinkEnd	259415702
1	0DropFeed	259415783
17	Feed	259415863
6,4	BlinkStart	259416022
6,4	BlinkEnd	259419313
6	Feed	259419394
16,1	BlinkStart	259419553
16,1	BlinkEnd	259428819
1	0DropFeed	259428900
16	Feed	259428980
6,4	BlinkStart	259429118
6,4	BlinkEnd	259432248
6	Feed	259432328
14,1	BlinkStart	259432482
14,1	BlinkEnd	259445966
1	0DropFeed	259446046
14	NoFeedAbort	259446126
26,5	BlinkStart	259456185
26,5	BlinkEnd	259458361
5	0DropFeed	259458441
26	Feed	259458522
8,2	BlinkStart	259458668
8,2	BlinkEnd	259461669
2	Feed	259461749
25,5	BlinkStart	259461897
25,5	BlinkEnd	259474305
5	0DropFeed	259474385
25	Feed	259474466
8,2	BlinkStart	259474618
8,2	BlinkEnd	259477372
2	Feed	259477453
24,5	BlinkStart	259477610
24,5	BlinkEnd	259487241
5	0DropFeed	259487321
24	NoFeedAbort	259487401
22,1	BlinkStart	259497460
22,1	BlinkEnd	259502462
1	0DropFeed	259502542
22	Feed	259502623
4,6	BlinkStart	259502770
4,6	BlinkEnd	259505711
6	0DropFeed	259505792
21,1	BlinkStart	259505933
21,1	BlinkEnd	259511847
1	0DropFeed	259511927
21	Feed	259512007
4,6	BlinkStart	259512166
4,6	BlinkEnd	259514796
6	0DropFeed	259514876
20,1	BlinkStart	259515018
20,1	BlinkEnd	259525576
1	0DropFeed	259525657
20	Feed	259525738
4,6	BlinkStart	259525888
4,6	BlinkEnd	259528332
6	0DropFeed	259528412
19,1	BlinkStart	259528567
19,1	BlinkEnd	259536756
1	0DropFeed	259536836
19	Feed	259536916
4,6	BlinkStart	259537070
4,6	BlinkEnd	259539643
6	0DropFeed	259539724
18,1	BlinkStart	259539883
18,1	BlinkEnd	259545961
1	0DropFeed	259546041
18	Feed	259546121
4,6	BlinkStart	259546267
4,6	BlinkEnd	259549210
4	Feed	259549290
17,1	BlinkStart	259549465
17,1	BlinkEnd	259555889
1	0DropFeed	259555970
17	Feed	259556050
4,6	BlinkStart	259556203
4,6	BlinkEnd	259559138
4	Feed	259559218
16,1	BlinkStart	259559388
16,1	BlinkEnd	259566238
1	0DropFeed	259566318
16	Feed	259566398
4,6	BlinkStart	259566566
4,6	BlinkEnd	259569486
4	Feed	259569566
14,1	BlinkStart	259569732
14,1	BlinkEnd	259578089
1	0DropFeed	259578169
14	NoFeedAbort	259578249
26,5	BlinkStart	259588306
26,5	BlinkEnd	259606851
5	0DropFeed	259606931
26	Feed	259607012
8,2	BlinkStart	259607155
8,2	BlinkEnd	259614731
2	0DropFeed	259614812
25,5	BlinkStart	259614967
25,5	BlinkEnd	259971332
5	0DropFeed	259971412
25	Feed	259971492
8,2	BlinkStart	259971651
8,2	BlinkEnd	259975304
2	0DropFeed	259975384
24,5	BlinkStart	259975544
24,5	BlinkEnd	259983305
5	0DropFeed	259983385
24	NoFeedAbort	259983465
22,1	BlinkStart	259993524
22,1	BlinkEnd	259996364
1	0DropFeed	259996444
22	Feed	259996524
6,4	BlinkStart	259996669
6,4	BlinkEnd	260000635
6	Feed	260000715
21,1	BlinkStart	260000874
21,1	BlinkEnd	260009538
1	0DropFeed	260009618
21	Feed	260009699
6,4	BlinkStart	260009852
6,4	BlinkEnd	260013207
4	Feed	260013287
20,1	BlinkStart	260013452
20,1	BlinkEnd	260020078
1	0DropFeed	260020158
20	Feed	260020238
6,4	BlinkStart	260020418
6,4	BlinkEnd	260023617
4	Feed	260023698
19,1	BlinkStart	260023869
19,1	BlinkEnd	260030716
1	0DropFeed	260030796
19	Feed	260030876
6,4	BlinkStart	260031034
6,4	BlinkEnd	260034206
4	Feed	260034286
18,1	BlinkStart	260034458
18,1	BlinkEnd	260040884
1	0DropFeed	260040965
18	Feed	260041045
6,4	BlinkStart	260041189
6,4	BlinkEnd	260044133
4	Feed	260044214
17,1	BlinkStart	260044396
17,1	BlinkEnd	260051172
1	0DropFeed	260051252
17	Feed	260051332
6,4	BlinkStart	260051486
6,4	BlinkEnd	260054602
4	Feed	260054682
16,1	BlinkStart	260054855
16,1	BlinkEnd	260061701
1	0DropFeed	260061781
16	Feed	260061862
6,4	BlinkStart	260062026
6,4	BlinkEnd	260064950
4	Feed	260065030
14,1	BlinkStart	260065198
14,1	BlinkEnd	260075960
1	0DropFeed	260076040
14	NoFeedAbort	260076120
26,5	BlinkStart	260086181
26,5	BlinkEnd	260091844
5	0DropFeed	260091924
26	Feed	260092004
8,2	BlinkStart	260092160
8,2	BlinkEnd	260095153
2	Feed	260095233
25,5	BlinkStart	260095390
25,5	BlinkEnd	260104908
5	0DropFeed	260104988
25	Feed	260105068
8,2	BlinkStart	260105245
8,2	BlinkEnd	260107968
2	Feed	260108048
24,5	BlinkStart	260108239
24,5	BlinkEnd	260118137
5	0DropFeed	260118217
24	NoFeedAbort	260118298
22,1	BlinkStart	260128357
22,1	BlinkEnd	260133419
1	0DropFeed	260133500
22	Feed	260133580
6,4	BlinkStart	260133771
6,4	BlinkEnd	260136969
4	0DropFeed	260137050
21,1	BlinkStart	260137241
21,1	BlinkEnd	260142443
1	0DropFeed	260142523
21	Feed	260142603
6,4	BlinkStart	260142745
6,4	BlinkEnd	260145994
6	Feed	260146074
20,1	BlinkStart	260146230
20,1	BlinkEnd	260158274
1	0DropFeed	260158354
20	Feed	260158435
6,4	BlinkStart	260158591
6,4	BlinkEnd	260161457
6	Feed	260161538
19,1	BlinkStart	260161676
19,1	BlinkEnd	260170722
1	0DropFeed	260170802
19	Feed	260170882
6,4	BlinkStart	260171026
6,4	BlinkEnd	260173550
6	Feed	260173630
18,1	BlinkStart	260173788
18,1	BlinkEnd	260183838
1	0DropFeed	260183918
18	Feed	260183998
6,4	BlinkStart	260184136
6,4	BlinkEnd	260187568
6	Feed	260187648
17,1	BlinkStart	260187798
17,1	BlinkEnd	260197210
1	0DropFeed	260197290
17	Feed	260197370
6,4	BlinkStart	260197535
6,4	BlinkEnd	260200323
6	Feed	260200403
16,1	BlinkStart	260200560
16,1	BlinkEnd	260211874
1	0DropFeed	260211954
16	Feed	260212035
6,4	BlinkStart	260212192
6,4	BlinkEnd	260215063
6	Feed	260215143
14,1	BlinkStart	260215304
14,1	BlinkEnd	260225473
1	0DropFeed	260225554
14	NoFeedAbort	260225634
26,5	BlinkStart	260235693
26,5	BlinkEnd	260236664
5	0DropFeed	260236744
26	Feed	260236825
8,2	BlinkStart	260236996
8,2	BlinkEnd	260240454
2	Feed	260240534
25,5	BlinkStart	260240696
25,5	BlinkEnd	260249660
5	0DropFeed	260249740
25	Feed	260249820
8,2	BlinkStart	260249965
8,2	BlinkEnd	260253089
8	Feed	260253169
24,5	BlinkStart	260253339
24,5	BlinkEnd	260264219
5	0DropFeed	260264299
24	NoFeedAbort	260264379
22,1	BlinkStart	260274441
22,1	BlinkEnd	260276433
1	0DropFeed	260276513
22	Feed	260276593
4,6	BlinkStart	260276764
4,6	BlinkEnd	260279984
4	Feed	260280064
21,1	BlinkStart	260280237
21,1	BlinkEnd	260289308
1	0DropFeed	260289388
21	Feed	260289469
4,6	BlinkStart	260289630
4,6	BlinkEnd	260293219
6	0DropFeed	260293299
20,1	BlinkStart	260293469
20,1	BlinkEnd	260299838
1	0DropFeed	260299918
20	Feed	260299998
4,6	BlinkStart	260300176
4,6	BlinkEnd	260304169
6	0DropFeed	260304249
19,1	BlinkStart	260304406
19,1	BlinkEnd	260310547
1	0DropFeed	260310627
19	Feed	260310707
4,6	BlinkStart	260310874
4,6	BlinkEnd	260314699
4	Feed	260314779
18,1	BlinkStart	260314931
18,1	BlinkEnd	260322714
1	0DropFeed	260322794
18	Feed	260322874
4,6	BlinkStart	260323051
4,6	BlinkEnd	260327333
6	0DropFeed	260327413
17,1	BlinkStart	260327570
17,1	BlinkEnd	260334372
1	0DropFeed	260334452
17	Feed	260334532
4,6	BlinkStart	260334687
4,6	BlinkEnd	260339666
4	Feed	260339746
16,1	BlinkStart	260339921
16,1	BlinkEnd	260347910
1	0DropFeed	260347990
16	Feed	260348070
4,6	BlinkStart	260348217
4,6	BlinkEnd	260352422
4	Feed	260352502
14,1	BlinkStart	260352675
14,1	BlinkEnd	260365358
1	0DropFeed	260365439
14	NoFeedAbort	260365519
26,5	BlinkStart	260375583
26,5	BlinkEnd	260377631
5	0DropFeed	260377712
26	Feed	260377793
2,8	BlinkStart	260377969
2,8	BlinkEnd	260381422
2	Feed	260381502
25,5	BlinkStart	260381660
25,5	BlinkEnd	260395687
5	0DropFeed	260395767
25	Feed	260395847
2,8	BlinkStart	260395982
2,8	BlinkEnd	260400435
2	Feed	260400516
24,5	BlinkStart	260400668
24,5	BlinkEnd	260412467
5	0DropFeed	260412547
24	NoFeedAbort	260412627
22,1	BlinkStart	260422686
22,1	BlinkEnd	260432081
1	0DropFeed	260432161
22	Feed	260432241
6,4	BlinkStart	260432379
6,4	BlinkEnd	260435813
4	Feed	260435893
21,1	BlinkStart	260436045
21,1	BlinkEnd	260446102
1	0DropFeed	260446183
21	Feed	260446263
6,4	BlinkStart	260446404
6,4	BlinkEnd	260449710
4	Feed	260449791
20,1	BlinkStart	260449963
20,1	BlinkEnd	260460359
1	0DropFeed	260460439
20	Feed	260460519
6,4	BlinkStart	260460671
6,4	BlinkEnd	260465118
4	Feed	260465198
19,1	BlinkStart	260465361
19,1	BlinkEnd	260473776
1	0DropFeed	260473856
19	Feed	260473936
6,4	BlinkStart	260474114
6,4	BlinkEnd	260477749
4	Feed	260477829
18,1	BlinkStart	260478001
18,1	BlinkEnd	260485932
1	0DropFeed	260486012
18	Feed	260486093
6,4	BlinkStart	260486256
6,4	BlinkEnd	260489961
6	Feed	260490041
17,1	BlinkStart	260490210
17,1	BlinkEnd	260506267
1	0DropFeed	260506347
17	Feed	260506428
6,4	BlinkStart	260506569
6,4	BlinkEnd	260509461
6	Feed	260509541
16,1	BlinkStart	260509705
16,1	BlinkEnd	260521487
1	0DropFeed	260521567
16	Feed	260521647
6,4	BlinkStart	260521812
6,4	BlinkEnd	260524436
6	Feed	260524516
14,1	BlinkStart	260524676
14,1	BlinkEnd	260536950
1	0DropFeed	260537030
14	NoFeedAbort	260537110
26,5	BlinkStart	260547170
26,5	BlinkEnd	260551998
5	0DropFeed	260552078
26	Feed	260552159
8,2	BlinkStart	260552310
8,2	BlinkEnd	260555120
2	0DropFeed	260555200
25,5	BlinkStart	260555352
25,5	BlinkEnd	260560414
5	0DropFeed	260560494
25	Feed	260560574
8,2	BlinkStart	260560730
8,2	BlinkEnd	260563976
8	Feed	260564056
24,5	BlinkStart	260564231
24,5	BlinkEnd	260576358
5	0DropFeed	260576438
24	NoFeedAbort	260576518
22,1	BlinkStart	260586576
22,1	BlinkEnd	260591160
1	0DropFeed	260591240
22	Feed	260591321
6,4	BlinkStart	260591479
6,4	BlinkEnd	260594470
4	Feed	260594550
21,1	BlinkStart	260594696
21,1	BlinkEnd	260606622
1	0DropFeed	260606703
21	Feed	260606784
6,4	BlinkStart	260606941
6,4	BlinkEnd	260610172
4	Feed	260610252
20,1	BlinkStart	260610419
20,1	BlinkEnd	260619324
1	0DropFeed	260619404
20	Feed	260619484
6,4	BlinkStart	260619641
6,4	BlinkEnd	260622687
4	Feed	260622767
19,1	BlinkStart	260622924
19,1	BlinkEnd	260631772
1	0DropFeed	260631853
19	Feed	260631934
6,4	BlinkStart	260632072
6,4	BlinkEnd	260636949
6	Feed	260637029
18,1	BlinkStart	260637221
18,1	BlinkEnd	260649280
1	0DropFeed	260649360
18	Feed	260649440
6,4	BlinkStart	260649584
6,4	BlinkEnd	260652709
4	Feed	260652789
17,1	BlinkStart	260652940
17,1	BlinkEnd	260660771
1	0DropFeed	260660851
17	Feed	260660931
6,4	BlinkStart	260661100
6,4	BlinkEnd	260664201
4	Feed	260664282
16,1	BlinkStart	260664469
16,1	BlinkEnd	260672263
1	0DropFeed	260672343
16	Feed	260672423
6,4	BlinkStart	260672582
6,4	BlinkEnd	260676775
4	Feed	260676855
14,1	BlinkStart	260677031
14,1	BlinkEnd	260684718
1	0DropFeed	260684798
14	NoFeedAbort	260684878
26,5	BlinkStart	260694939
26,5	BlinkEnd	260713657
5	0DropFeed	260713737
26	Feed	260713818
2,8	BlinkStart	260713992
2,8	BlinkEnd	260717390
8	Feed	260717470
25,5	BlinkStart	260717645
25,5	BlinkEnd	260733031
5	0DropFeed	260733111
25	Feed	260733191
2,8	BlinkStart	260733329
2,8	BlinkEnd	260736400
8	Feed	260736480
24,5	BlinkStart	260736620
24,5	BlinkEnd	260752283
5	0DropFeed	260752363
24	NoFeedAbort	260752443
22,1	BlinkStart	260762501
22,1	BlinkEnd	260766663
1	0DropFeed	260766743
22	Feed	260766823
4,6	BlinkStart	260766975
4,6	BlinkEnd	260770272
4	Feed	260770352
21,1	BlinkStart	260770507
21,1	BlinkEnd	260779599
1	0DropFeed	260779679
21	Feed	260779759
4,6	BlinkStart	260779930
4,6	BlinkEnd	260782847
4	Feed	260782927
20,1	BlinkStart	260783084
20,1	BlinkEnd	260790549
1	0DropFeed	260790629
20	Feed	260790709
4,6	BlinkStart	260790861
4,6	BlinkEnd	260793738
4	Feed	260793818
19,1	BlinkStart	260793971
19,1	BlinkEnd	260801860
1	0DropFeed	260801941
19	Feed	260802021
4,6	BlinkStart	260802176
4,6	BlinkEnd	260805410
4	Feed	260805490
18,1	BlinkStart	260805669
18,1	BlinkEnd	260813893
1	0DropFeed	260813973
18	Feed	260814053
4,6	BlinkStart	260814216
4,6	BlinkEnd	260817747
4	Feed	260817827
17,1	BlinkStart	260817990
17,1	BlinkEnd	260826828
1	0DropFeed	260826908
17	Feed	260826989
4,6	BlinkStart	260827132
4,6	BlinkEnd	260830499
6	0DropFeed	260830579
16,1	BlinkStart	260830737
16,1	BlinkEnd	260845842
1	0DropFeed	260845923
16	Feed	260846003
4,6	BlinkStart	260846172
4,6	BlinkEnd	260849632
6	0DropFeed	260849712
14,1	BlinkStart	260849857
14,1	BlinkEnd	260857994
1	0DropFeed	260858074
14	NoFeedAbort	260858154
26,5	BlinkStart	260868225
26,5	BlinkEnd	260876164
5	0DropFeed	260876244
26	Feed	260876324
8,2	BlinkStart	260876490
8,2	BlinkEnd	260880556
2	0DropFeed	260880636
25,5	BlinkStart	260880795
25,5	BlinkEnd	260887355
5	0DropFeed	260887435
25	Feed	260887515
8,2	BlinkStart	260887665
8,2	BlinkEnd	260893191
8	Feed	260893271
24,5	BlinkStart	260893426
24,5	BlinkEnd	260911000
5	0DropFeed	260911080
24	NoFeedAbort	260911160
22,1	BlinkStart	260921234
22,1	BlinkEnd	260933262
1	0DropFeed	260933343
22	Feed	260933424
4,6	BlinkStart	260933613
4,6	BlinkEnd	260937051
4	Feed	260937131
21,1	BlinkStart	260937288
21,1	BlinkEnd	260947040
1	0DropFeed	260947120
21	Feed	260947200
4,6	BlinkStart	260947355
4,6	BlinkEnd	260950469
4	Feed	260950549
20,1	BlinkStart	260950706
20,1	BlinkEnd	260962261
1	0DropFeed	260962341
20	Feed	260962421
4,6	BlinkStart	260962567
4,6	BlinkEnd	260965517
4	Feed	260965598
19,1	BlinkStart	260965755
19,1	BlinkEnd	260977070
1	0DropFeed	260977150
19	Feed	260977230
4,6	BlinkStart	260977365
4,6	BlinkEnd	260980732
6	0DropFeed	260980812
18,1	BlinkStart	260980980
18,1	BlinkEnd	260988555
1	0DropFeed	260988635
18	Feed	260988715
4,6	BlinkStart	260988893
4,6	BlinkEnd	260992830
4	Feed	260992910
17,1	BlinkStart	260993085
17,1	BlinkEnd	261005581
1	0DropFeed	261005661
17	Feed	261005741
4,6	BlinkStart	261005890
4,6	BlinkEnd	261009310
4	Feed	261009390
16,1	BlinkStart	261009538
16,1	BlinkEnd	261023270
1	0DropFeed	261023351
16	Feed	261023432
4,6	BlinkStart	261023587
4,6	BlinkEnd	261026819
4	Feed	261026899
14,1	BlinkStart	261027065
14,1	BlinkEnd	261039514
1	0DropFeed	261039594
14	NoFeedAbort	261039674
26,5	BlinkStart	261049735
26,5	BlinkEnd	261053773
5	0DropFeed	261053854
26	Feed	261053934
2,8	BlinkStart	261054106
2,8	BlinkEnd	261058347
2	Feed	261058427
25,5	BlinkStart	261058563
25,5	BlinkEnd	261069839
5	0DropFeed	261069919
25	Feed	261070000
2,8	BlinkStart	261070145
2,8	BlinkEnd	261074351
2	Feed	261074431
24,5	BlinkStart	261074585
24,5	BlinkEnd	261085420
5	0DropFeed	261085500
24	NoFeedAbort	261085580
22,1	BlinkStart	261095639
22,1	BlinkEnd	261104012
1	0DropFeed	261104092
22	Feed	261104172
4,6	BlinkStart	261104319
4,6	BlinkEnd	261107561
4	Feed	261107642
21,1	BlinkStart	261107841
21,1	BlinkEnd	261123024
1	0DropFeed	261123104
21	Feed	261123184
4,6	BlinkStart	261123323
4,6	BlinkEnd	261126033
4	Feed	261126113
20,1	BlinkStart	261126285
20,1	BlinkEnd	261141676
1	0DropFeed	261141756
20	Feed	261141836
4,6	BlinkStart	261142008
4,6	BlinkEnd	261144744
4	Feed	261144824
19,1	BlinkStart	261144980
19,1	BlinkEnd	261159245
1	0DropFeed	261159325
19	Feed	261159405
4,6	BlinkStart	261159567
4,6	BlinkEnd	261161955
4	Feed	261162035
18,1	BlinkStart	261162228
18,1	BlinkEnd	261174888
1	0DropFeed	261174968
18	Feed	261175048
4,6	BlinkStart	261175222
4,6	BlinkEnd	261177655
4	Feed	261177737
17,1	BlinkStart	261177898
17,1	BlinkEnd	261191555
1	0DropFeed	261191635
17	Feed	261191715
4,6	BlinkStart	261191865
4,6	BlinkEnd	261194382
4	Feed	261194463
16,1	BlinkStart	261194619
16,1	BlinkEnd	261208342
1	0DropFeed	261208422
16	Feed	261208502
4,6	BlinkStart	261208647
4,6	BlinkEnd	261211168
4	Feed	261211248
14,1	BlinkStart	261211406
14,1	BlinkEnd	261226509
1	0DropFeed	261226589
14	NoFeedAbort	261226669
26,5	BlinkStart	261236732
26,5	BlinkEnd	261238603
5	0DropFeed	261238683
26	Feed	261238763
2,8	BlinkStart	261238921
2,8	BlinkEnd	261242634
8	Feed	261242714
25,5	BlinkStart	261242870
25,5	BlinkEnd	261254005
5	0DropFeed	261254086
25	Feed	261254166
2,8	BlinkStart	261254323
2,8	BlinkEnd	261258156
2	Feed	261258236
24,5	BlinkStart	261258398
24,5	BlinkEnd	261274402
5	0DropFeed	261274482
24	NoFeedAbort	261274562
22,1	BlinkStart	261284622
22,1	BlinkEnd	261287651
1	0DropFeed	261287732
22	Feed	261287812
4,6	BlinkStart	261287960
4,6	BlinkEnd	261291969
4	Feed	261292049
21,1	BlinkStart	261292215
21,1	BlinkEnd	261302860
1	0DropFeed	261302940
21	Feed	261303020
4,6	BlinkStart	261303179
4,6	BlinkEnd	261305870
4	Feed	261305951
20,1	BlinkStart	261306112
20,1	BlinkEnd	261318081
1	0DropFeed	261318162
20	Feed	261318242
4,6	BlinkStart	261318383
4,6	BlinkEnd	261321450
4	Feed	261321530
19,1	BlinkStart	261321687
19,1	BlinkEnd	261333378
1	0DropFeed	261333459
19	Feed	261333540
4,6	BlinkStart	261333698
4,6	BlinkEnd	261336613
4	Feed	261336693
18,1	BlinkStart	261336866
18,1	BlinkEnd	261352917
1	0DropFeed	261352997
18	Feed	261353077
4,6	BlinkStart	261353246
4,6	BlinkEnd	261356587
4	Feed	261356667
17,1	BlinkStart	261356815
17,1	BlinkEnd	261369349
1	0DropFeed	261369429
17	Feed	261369509
4,6	BlinkStart	261369658
4,6	BlinkEnd	261373322
4	Feed	261373402
16,1	BlinkStart	261373588
16,1	BlinkEnd	261386068
1	0DropFeed	261386149
16	Feed	261386229
4,6	BlinkStart	261386370
4,6	BlinkEnd	261389799
4	Feed	261389880
14,1	BlinkStart	261390039
14,1	BlinkEnd	261402614
1	0DropFeed	261402694
14	NoFeedAbort	261402774
26,5	BlinkStart	261412835
26,5	BlinkEnd	261418258
5	0DropFeed	261418338
26	Feed	261418418
2,8	BlinkStart	261418556
2,8	BlinkEnd	261422590
2	Feed	261422670
25,5	BlinkStart	261422844
25,5	BlinkEnd	261441722
5	0DropFeed	261441802
25	Feed	261441882
2,8	BlinkStart	261442043
2,8	BlinkEnd	261446295
2	Feed	261446375
24,5	BlinkStart	261446536
24,5	BlinkEnd	261462540
5	0DropFeed	261462621
24	NoFeedAbort	261462701
22,1	BlinkStart	261472760
22,1	BlinkEnd	261476798
1	0DropFeed	261476878
22	Feed	261476958
6,4	BlinkStart	261477105
6,4	BlinkEnd	261480589
4	Feed	261480669
21,1	BlinkStart	261480816
21,1	BlinkEnd	261494248
1	0DropFeed	261494328
21	Feed	261494408
6,4	BlinkStart	261494574
6,4	BlinkEnd	261497555
4	Feed	261497635
20,1	BlinkStart	261497802
20,1	BlinkEnd	261510564
1	0DropFeed	261510645
20	Feed	261510726
6,4	BlinkStart	261510899
6,4	BlinkEnd	261513019
4	Feed	261513099
19,1	BlinkStart	261513268
19,1	BlinkEnd	261526435
1	0DropFeed	261526515
19	Feed	261526595
6,4	BlinkStart	261526774
6,4	BlinkEnd	261529445
4	Feed	261529525
18,1	BlinkStart	261529683
18,1	BlinkEnd	261546531
1	0DropFeed	261546612
18	Feed	261546692
6,4	BlinkStart	261546840
6,4	BlinkEnd	261550019
4	Feed	261550099
17,1	BlinkStart	261550285
17,1	BlinkEnd	261568311
1	0DropFeed	261568391
17	Feed	261568471
6,4	BlinkStart	261568609
6,4	BlinkEnd	261571680
4	Feed	261571760
16,1	BlinkStart	261571935
16,1	BlinkEnd	261588586
1	0DropFeed	261588667
16	Feed	261588747
6,4	BlinkStart	261588883
6,4	BlinkEnd	261592257
4	Feed	261592337
14,1	BlinkStart	261592500
14,1	BlinkEnd	261609523
1	0DropFeed	261609603
14	NoFeedAbort	261609683
26,5	BlinkStart	261619771
26,5	BlinkEnd	261629748
5	0DropFeed	261629828
26	Feed	261629908
2,8	BlinkStart	261630071
2,8	BlinkEnd	261633952
8	Feed	261634032
25,5	BlinkStart	261634189
25,5	BlinkEnd	261670841
5	0DropFeed	261670922
25	Feed	261671003
2,8	BlinkStart	261671145
2,8	BlinkEnd	261675286
2	Feed	261675366
24,5	BlinkStart	261675524
24,5	BlinkEnd	261694189
5	0DropFeed	261694269
24	NoFeedAbort	261694349
22,1	BlinkStart	261704418
22,1	BlinkEnd	261707474
1	0DropFeed	261707554
22	Feed	261707634
6,4	BlinkStart	261707801
6,4	BlinkEnd	261711145
4	Feed	261711225
21,1	BlinkStart	261711397
21,1	BlinkEnd	261722997
1	0DropFeed	261723077
21	Feed	261723157
6,4	BlinkStart	261723297
6,4	BlinkEnd	261726426
4	Feed	261726506
20,1	BlinkStart	261726677
20,1	BlinkEnd	261737739
1	0DropFeed	261737819
20	Feed	261737899
6,4	BlinkStart	261738046
6,4	BlinkEnd	261741227
4	Feed	261741307
19,1	BlinkStart	261741452
19,1	BlinkEnd	261752960
1	0DropFeed	261753040
19	Feed	261753121
6,4	BlinkStart	261753280
6,4	BlinkEnd	261756509
4	Feed	261756589
18,1	BlinkStart	261756763
18,1	BlinkEnd	261772031
1	0DropFeed	261772111
18	Feed	261772191
6,4	BlinkStart	261772331
6,4	BlinkEnd	261776304
4	Feed	261776385
17,1	BlinkStart	261776539
17,1	BlinkEnd	261786292
1	0DropFeed	261786372
17	Feed	261786452
6,4	BlinkStart	261786606
6,4	BlinkEnd	261789541
4	Feed	261789621
16,1	BlinkStart	261789810
16,1	BlinkEnd	261800309
1	0DropFeed	261800389
16	Feed	261800469
6,4	BlinkStart	261800640
6,4	BlinkEnd	261803619
4	Feed	261803699
14,1	BlinkStart	261803861
14,1	BlinkEnd	261815351
1	0DropFeed	261815431
14	NoFeedAbort	261815512
26,5	BlinkStart	261825583
26,5	BlinkEnd	261831793
5	0DropFeed	261831873
26	Feed	261831953
8,2	BlinkStart	261832124
8,2	BlinkEnd	261836649
2	0DropFeed	261836729
25,5	BlinkStart	261836900
25,5	BlinkEnd	261845734
5	0DropFeed	261845815
25	Feed	261845895
8,2	BlinkStart	261846075
8,2	BlinkEnd	261909090
2	0DropFeed	261909170
24,5	BlinkStart	261909323
24,5	BlinkEnd	261926477
5	0DropFeed	261926557
24	NoFeedAbort	261926637
22,1	BlinkStart	261936697
22,1	BlinkEnd	261942841
1	0DropFeed	261942921
22	Feed	261943002
4,6	BlinkStart	261943152
4,6	BlinkEnd	261946512
6	Feed	261946592
21,1	BlinkStart	261946742
21,1	BlinkEnd	261959448
1	0DropFeed	261959529
21	Feed	261959609
4,6	BlinkStart	261959764
4,6	BlinkEnd	261964327
4	Feed	261964407
20,1	BlinkStart	261964559
20,1	BlinkEnd	261977798
1	0DropFeed	261977879
20	Feed	261977959
4,6	BlinkStart	261978107
4,6	BlinkEnd	261984777
4	Feed	261984857
19,1	BlinkStart	261985020
19,1	BlinkEnd	262001504
1	0DropFeed	262001584
19	Feed	262001664
4,6	BlinkStart	262001821
4,6	BlinkEnd	262006739
4	Feed	262006819
18,1	BlinkStart	262006965
18,1	BlinkEnd	262019434
1	0DropFeed	262019514
18	Feed	262019594
4,6	BlinkStart	262019746
4,6	BlinkEnd	262023645
4	Feed	262023725
17,1	BlinkStart	262023881
17,1	BlinkEnd	262035136
1	0DropFeed	262035216
17	Feed	262035296
4,6	BlinkStart	262035446
4,6	BlinkEnd	262043018
4	Feed	262043098
16,1	BlinkStart	262043256
16,1	BlinkEnd	262052524
1	0DropFeed	262052604
16	Feed	262052685
4,6	BlinkStart	262052828
4,6	BlinkEnd	262058847
4	Feed	262058928
14,1	BlinkStart	262059086
14,1	BlinkEnd	262068468
1	0DropFeed	262068548
14	NoFeedAbort	262068628
26,5	BlinkStart	262078692
26,5	BlinkEnd	262191330
5	0DropFeed	262191410
26	Feed	262191491
8,2	BlinkStart	262191653
8,2	BlinkEnd	262196079
2	0DropFeed	262196160
25,5	BlinkStart	262196333
25,5	BlinkEnd	262205585
5	0DropFeed	262205665
25	Feed	262205745
8,2	BlinkStart	262205918
8,2	BlinkEnd	262211301
2	0DropFeed	262211381
24,5	BlinkStart	262211542
24,5	BlinkEnd	262219967
5	0DropFeed	262220048
24	NoFeedAbort	262220128
22,1	BlinkStart	262230188
22,1	BlinkEnd	262238437
1	0DropFeed	262238517
22	Feed	262238597
6,4	BlinkStart	262238737
6,4	BlinkEnd	262242888
4	Feed	262242969
21,1	BlinkStart	262243148
21,1	BlinkEnd	262253056
1	0DropFeed	262253136
21	Feed	262253216
6,4	BlinkStart	262253357
6,4	BlinkEnd	262257750
6	Feed	262257830
20,1	BlinkStart	262257985
20,1	BlinkEnd	262272069
1	0DropFeed	262272149
20	Feed	262272231
6,4	BlinkStart	262272390
6,4	BlinkEnd	262275980
4	Feed	262276060
19,1	BlinkStart	262276223
19,1	BlinkEnd	262285966
1	0DropFeed	262286046
19	Feed	262286126
6,4	BlinkStart	262286277
6,4	BlinkEnd	262290660
4	Feed	262290741
18,1	BlinkStart	262290886
18,1	BlinkEnd	262301129
1	0DropFeed	262301210
18	Feed	262301290
6,4	BlinkStart	262301427
6,4	BlinkEnd	262307748
4	Feed	262307828
17,1	BlinkStart	262307984
17,1	BlinkEnd	262316109
1	0DropFeed	262316189
17	Feed	262316269
6,4	BlinkStart	262316441
6,4	BlinkEnd	262320382
4	Feed	262320462
16,1	BlinkStart	262320624
16,1	BlinkEnd	262345170
1	0DropFeed	262345250
16	Feed	262345330
6,4	BlinkStart	262345489
6,4	BlinkEnd	262350946
4	Feed	262351026
14,1	BlinkStart	262351190
14,1	BlinkEnd	262364002
1	0DropFeed	262364082
14	NoFeedAbort	262364162
26,5	BlinkStart	262374249
26,5	BlinkEnd	262378803
5	0DropFeed	262378883
26	Feed	262378963
8,2	BlinkStart	262379105
8,2	BlinkEnd	262383616
2	Feed	262383696
25,5	BlinkStart	262383847
25,5	BlinkEnd	262395650
5	0DropFeed	262395730
25	Feed	262395810
8,2	BlinkStart	262395963
8,2	BlinkEnd	262399746
8	Feed	262399826
24,5	BlinkStart	262399982
24,5	BlinkEnd	262412977
5	0DropFeed	262413058
24	NoFeedAbort	262413138
22,1	BlinkStart	262423201
22,1	BlinkEnd	262426935
1	0DropFeed	262427015
22	Feed	262427095
4,6	BlinkStart	262427256
4,6	BlinkEnd	262430545
4	Feed	262430625
21,1	BlinkStart	262430779
21,1	BlinkEnd	262455815
1	0DropFeed	262455895
21	Feed	262455976
4,6	BlinkStart	262456134
4,6	BlinkEnd	262460508
4	Feed	262460588
20,1	BlinkStart	262460758
20,1	BlinkEnd	262473023
1	0DropFeed	262473103
20	Feed	262473183
4,6	BlinkStart	262473326
4,6	BlinkEnd	262476933
4	Feed	262477013
19,1	BlinkStart	262477166
19,1	BlinkEnd	262486620
1	0DropFeed	262486701
19	Feed	262486781
4,6	BlinkStart	262486956
4,6	BlinkEnd	262489928
4	Feed	262490008
18,1	BlinkStart	262490165
18,1	BlinkEnd	262500277
1	0DropFeed	262500357
18	Feed	262500437
4,6	BlinkStart	262500592
4,6	BlinkEnd	262503466
4	Feed	262503547
17,1	BlinkStart	262503704
17,1	BlinkEnd	262513574
1	0DropFeed	262513654
17	Feed	262513734
4,6	BlinkStart	262513894
4,6	BlinkEnd	262516884
4	Feed	262516964
16,1	BlinkStart	262517125
16,1	BlinkEnd	262526691
1	0DropFeed	262526771
16	Feed	262526852
4,6	BlinkStart	262527014
4,6	BlinkEnd	262530180
4	Feed	262530261
14,1	BlinkStart	262530408
14,1	BlinkEnd	262539986
1	0DropFeed	262540066
14	NoFeedAbort	262540146
26,5	BlinkStart	262550208
26,5	BlinkEnd	262553944
5	0DropFeed	262554024
26	Feed	262554104
8,2	BlinkStart	262554259
8,2	BlinkEnd	262557674
8	Feed	262557754
25,5	BlinkStart	262557931
25,5	BlinkEnd	262567723
5	0DropFeed	262567803
25	Feed	262567883
8,2	BlinkStart	262568043
8,2	BlinkEnd	262571574
8	Feed	262571655
24,5	BlinkStart	262571811
24,5	BlinkEnd	262586195
5	0DropFeed	262586275
24	NoFeedAbort	262586356
22,1	BlinkStart	262596415
22,1	BlinkEnd	262603521
1	0DropFeed	262603601
22	Feed	262603681
6,4	BlinkStart	262603826
6,4	BlinkEnd	262606777
4	0DropFeed	262606857
21,1	BlinkStart	262607026
21,1	BlinkEnd	262613690
1	0DropFeed	262613770
21	Feed	262613850
6,4	BlinkStart	262614007
6,4	BlinkEnd	262617479
4	0DropFeed	262617560
20,1	BlinkStart	262617735
20,1	BlinkEnd	262627407
1	0DropFeed	262627487
20	Feed	262627567
6,4	BlinkStart	262627721
6,4	BlinkEnd	262631679
6	Feed	262631759
19,1	BlinkStart	262631921
19,1	BlinkEnd	262641607
1	0DropFeed	262641687
19	Feed	262641767
6,4	BlinkStart	262641922
6,4	BlinkEnd	262645277
4	0DropFeed	262645357
18,1	BlinkStart	262645501
18,1	BlinkEnd	262651955
1	0DropFeed	262652035
18	Feed	262652115
6,4	BlinkStart	262652282
6,4	BlinkEnd	262656648
6	Feed	262656728
17,1	BlinkStart	262656876
17,1	BlinkEnd	262664650
1	0DropFeed	262664730
17	Feed	262664810
6,4	BlinkStart	262664956
6,4	BlinkEnd	262668561
4	0DropFeed	262668641
16,1	BlinkStart	262668807
16,1	BlinkEnd	262674457
1	0DropFeed	262674537
16	Feed	262674617
6,4	BlinkStart	262674797
6,4	BlinkEnd	262679571
6	Feed	262679651
14,1	BlinkStart	262679822
14,1	BlinkEnd	262691003
1	0DropFeed	262691083
14	NoFeedAbort	262691163
26,5	BlinkStart	262701237
26,5	BlinkEnd	262703336
5	0DropFeed	262703416
26	Feed	262703496
8,2	BlinkStart	262703657
8,2	BlinkEnd	262707849
2	Feed	262707929
25,5	BlinkStart	262708102
25,5	BlinkEnd	262727342
5	0DropFeed	262727422
25	Feed	262727502
8,2	BlinkStart	262727656
8,2	BlinkEnd	262731080
2	Feed	262731160
24,5	BlinkStart	262731323
24,5	BlinkEnd	262753635
5	0DropFeed	262753715
24	NoFeedAbort	262753795
22,1	BlinkStart	262763868
22,1	BlinkEnd	262764133
1	0DropFeed	262764213
22	Feed	262764294
4,6	BlinkStart	262764452
4,6	BlinkEnd	262769038
4	Feed	262769118
21,1	BlinkStart	262769268
21,1	BlinkEnd	262788291
1	0DropFeed	262788371
21	Feed	262788451
4,6	BlinkStart	262788600
4,6	BlinkEnd	262792261
4	Feed	262792341
20,1	BlinkStart	262792519
20,1	BlinkEnd	262802791
1	0DropFeed	262802871
20	Feed	262802951
4,6	BlinkStart	262803102
4,6	BlinkEnd	262806641
4	Feed	262806721
19,1	BlinkStart	262806877
19,1	BlinkEnd	262816869
1	0DropFeed	262816950
19	Feed	262817030
4,6	BlinkStart	262817169
4,6	BlinkEnd	262821501
4	Feed	262821582
18,1	BlinkStart	262821763
18,1	BlinkEnd	262830709
1	0DropFeed	262830790
18	Feed	262830870
4,6	BlinkStart	262831014
4,6	BlinkEnd	262835460
4	Feed	262835541
17,1	BlinkStart	262835714
17,1	BlinkEnd	262845568
1	0DropFeed	262845649
17	Feed	262845729
4,6	BlinkStart	262845876
4,6	BlinkEnd	262850802
6	Feed	262850882
16,1	BlinkStart	262851046
16,1	BlinkEnd	262868852
1	0DropFeed	262868932
16	Feed	262869012
4,6	BlinkStart	262869156
4,6	BlinkEnd	262872944
4	Feed	262873024
14,1	BlinkStart	262873206
14,1	BlinkEnd	262881969
1	0DropFeed	262882049
14	NoFeedAbort	262882129
26,5	BlinkStart	262892189
26,5	BlinkEnd	262896889
5	0DropFeed	262896969
26	Feed	262897049
2,8	BlinkStart	262897215
2,8	BlinkEnd	262900381
2	Feed	262900461
25,5	BlinkStart	262900617
25,5	BlinkEnd	262915420
5	0DropFeed	262915500
25	Feed	262915580
2,8	BlinkStart	262915731
2,8	BlinkEnd	262919156
8	Feed	262919236
24,5	BlinkStart	262919391
24,5	BlinkEnd	262929078
5	0DropFeed	262929158
24	NoFeedAbort	262929238
22,1	BlinkStart	262939298
22,1	BlinkEnd	262943289
1	0DropFeed	262943369
22	Feed	262943449
6,4	BlinkStart	262943590
6,4	BlinkEnd	262947188
4	Feed	262947268
21,1	BlinkStart	262947443
21,1	BlinkEnd	262961448
1	0DropFeed	262961529
21	Feed	262961609
6,4	BlinkStart	262961766
6,4	BlinkEnd	262964937
4	Feed	262965018
20,1	BlinkStart	262965171
20,1	BlinkEnd	262983589
1	0DropFeed	262983671
20	Feed	262983751
6,4	BlinkStart	262983898
6,4	BlinkEnd	262986476
4	Feed	262986556
19,1	BlinkStart	262986712
19,1	BlinkEnd	262999111
1	0DropFeed	262999192
19	Feed	262999272
6,4	BlinkStart	262999430
6,4	BlinkEnd	263002001
4	Feed	263002081
18,1	BlinkStart	263002239
18,1	BlinkEnd	263014693
1	0DropFeed	263014774
18	Feed	263014854
6,4	BlinkStart	263014991
6,4	BlinkEnd	263017948
4	Feed	263018028
17,1	BlinkStart	263018208
17,1	BlinkEnd	263031480
1	0DropFeed	263031560
17	Feed	263031640
6,4	BlinkStart	263031785
6,4	BlinkEnd	263034730
4	Feed	263034810
16,1	BlinkStart	263035010
16,1	BlinkEnd	263047737
1	0DropFeed	263047817
16	Feed	263047897
6,4	BlinkStart	263048064
6,4	BlinkEnd	263050733
4	Feed	263050813
14,1	BlinkStart	263050972
14,1	BlinkEnd	263064572
1	0DropFeed	263064652
14	NoFeedAbort	263064732
26,5	BlinkStart	263074790
26,5	BlinkEnd	263138695
5	0DropFeed	263138775
26	Feed	263138855
8,2	BlinkStart	263138998
8,2	BlinkEnd	263143328
8	Feed	263143408
25,5	BlinkStart	263143561
25,5	BlinkEnd	263160477
5	0DropFeed	263160557
25	Feed	263160637
8,2	BlinkStart	263160788
8,2	BlinkEnd	263165288
2	0DropFeed	263165368
24,5	BlinkStart	263165517
24,5	BlinkEnd	263316209
0	StopTraining	263316289
