Ver1.3	739478181	StartFile	3/19/2021	10:54:11 AM	E:\BehavioralExperiments\Twenty\Horizon\RawData\031921\SoundData.txt	739478181
739794530	Triggered	5,23,24,25,26,27,28,29,30,31,	 NoSound	40	2	739794530
739794732	Triggered	5,23,24,25,26,27,28,29,30,31,	 StopSoundShort	40	2	739794732
739815984	Triggered	6,47,48,49,50,51,	 NoSound	40	2	739815984
739816188	Triggered	6,47,48,49,50,51,	 File_beep3	40	2	739816188
739827013	Triggered	1,14,15,16,17,18,19,20,21,22,	 NoSound	40	2	739827013
739827215	Triggered	1,14,15,16,17,18,19,20,21,22,	 PureTone-1kHz	40	2	739827215
739831225	Triggered	4,42,43,44,45,46,	 NoSound	40	2	739831225
739831427	Triggered	4,42,43,44,45,46,	 File_beep3	40	2	739831427
739843122	Triggered	1,14,15,16,17,18,19,20,21,22,	 NoSound	40	2	739843122
739843325	Triggered	1,14,15,16,17,18,19,20,21,22,	 StopSoundLong	40	2	739843325
739854825	Triggered	5,23,24,25,26,27,28,29,30,31,	 NoSound	40	2	739854825
739857893	Triggered	2,37,38,39,40,41,	 NoSound	40	2	739857893
739858094	Triggered	2,37,38,39,40,41,	 File_beep1	40	2	739858094
739871396	Triggered	5,23,24,25,26,27,28,29,30,31,	 NoSound	40	2	739871396
739871600	Triggered	5,23,24,25,26,27,28,29,30,31,	 PureTone-9kHz	40	2	739871600
739875407	Triggered	8,52,53,54,55,56,	 NoSound	40	2	739875407
739875609	Triggered	8,52,53,54,55,56,	 File_beep5	40	2	739875609
739892251	Triggered	5,23,24,25,26,27,28,29,30,31,	 NoSound	40	2	739892251
739892455	Triggered	5,23,24,25,26,27,28,29,30,31,	 PureTone-7kHz	40	2	739892455
739895726	Triggered	2,37,38,39,40,41,	 NoSound	40	2	739895726
739895928	Triggered	2,37,38,39,40,41,	 File_beep1	40	2	739895928
739901747	Triggered	5,23,24,25,26,27,28,29,30,31,	 NoSound	40	2	739901747
739901951	Triggered	5,23,24,25,26,27,28,29,30,31,	 PureTone-5kHz	40	2	739901951
739905016	Triggered	2,37,38,39,40,41,	 NoSound	40	2	739905016
739905217	Triggered	2,37,38,39,40,41,	 File_beep1	40	2	739905217
739911500	Triggered	5,23,24,25,26,27,28,29,30,31,	 NoSound	40	2	739911500
739911702	Triggered	5,23,24,25,26,27,28,29,30,31,	 PureTone-3kHz	40	2	739911702
739935230	Triggered	2,37,38,39,40,41,	 NoSound	40	2	739935230
739935442	Triggered	2,37,38,39,40,41,	 File_beep1	40	2	739935442
739954747	Triggered	5,23,24,25,26,27,28,29,30,31,	 NoSound	40	2	739954747
739954950	Triggered	5,23,24,25,26,27,28,29,30,31,	 PureTone-2kHz	40	2	739954950
739957890	Triggered	8,52,53,54,55,56,	 NoSound	40	2	739957890
739958104	Triggered	8,52,53,54,55,56,	 File_beep5	40	2	739958104
739973061	Triggered	5,23,24,25,26,27,28,29,30,31,	 NoSound	40	2	739973061
739973262	Triggered	5,23,24,25,26,27,28,29,30,31,	 PureTone-1kHz	40	2	739973262
739976274	Triggered	8,52,53,54,55,56,	 NoSound	40	2	739976274
739976478	Triggered	8,52,53,54,55,56,	 File_beep5	40	2	739976478
739992178	Triggered	5,23,24,25,26,27,28,29,30,31,	 NoSound	40	2	739992178
739992379	Triggered	5,23,24,25,26,27,28,29,30,31,	 StopSoundShort	40	2	739992379
740017376	Triggered	6,47,48,49,50,51,	 NoSound	40	2	740017376
740022792	Triggered	1,14,15,16,17,18,19,20,21,22,	 NoSound	40	2	740022792
740022994	Triggered	1,14,15,16,17,18,19,20,21,22,	 PureTone-1kHz	40	2	740022994
740025999	Triggered	4,42,43,44,45,46,	 NoSound	40	2	740025999
740026200	Triggered	4,42,43,44,45,46,	 File_beep2	40	2	740026200
740033820	Triggered	1,14,15,16,17,18,19,20,21,22,	 NoSound	40	2	740033820
740034020	Triggered	1,14,15,16,17,18,19,20,21,22,	 StopSoundLong	40	2	740034020
740090769	Triggered	2,37,38,39,40,41,	 NoSound	40	2	740090769
740090973	Triggered	2,37,38,39,40,41,	 File_beep4	40	2	740090973
740104739	Triggered	5,23,24,25,26,27,28,29,30,31,	 NoSound	40	2	740104739
740104944	Triggered	5,23,24,25,26,27,28,29,30,31,	 PureTone-9kHz	40	2	740104944
740107611	Triggered	8,52,53,54,55,56,	 NoSound	40	2	740107611
740107813	Triggered	8,52,53,54,55,56,	 File_beep2	40	2	740107813
740118509	Triggered	5,23,24,25,26,27,28,29,30,31,	 NoSound	40	2	740118509
740118712	Triggered	5,23,24,25,26,27,28,29,30,31,	 PureTone-7kHz	40	2	740118712
740121447	Triggered	8,52,53,54,55,56,	 NoSound	40	2	740121447
740121649	Triggered	8,52,53,54,55,56,	 File_beep2	40	2	740121649
740132410	Triggered	5,23,24,25,26,27,28,29,30,31,	 NoSound	40	2	740132410
740132614	Triggered	5,23,24,25,26,27,28,29,30,31,	 PureTone-5kHz	40	2	740132614
740136286	Triggered	8,52,53,54,55,56,	 NoSound	40	2	740136286
740136498	Triggered	8,52,53,54,55,56,	 File_beep2	40	2	740136498
740148988	Triggered	5,23,24,25,26,27,28,29,30,31,	 NoSound	40	2	740148988
740149190	Triggered	5,23,24,25,26,27,28,29,30,31,	 PureTone-3kHz	40	2	740149190
740162422	Triggered	8,52,53,54,55,56,	 NoSound	40	2	740162422
740162624	Triggered	8,52,53,54,55,56,	 File_beep2	40	2	740162624
740184746	Triggered	5,23,24,25,26,27,28,29,30,31,	 NoSound	40	2	740184746
740184959	Triggered	5,23,24,25,26,27,28,29,30,31,	 PureTone-2kHz	40	2	740184959
740187687	Triggered	8,52,53,54,55,56,	 NoSound	40	2	740187687
740187890	Triggered	8,52,53,54,55,56,	 File_beep2	40	2	740187890
740207003	Triggered	5,23,24,25,26,27,28,29,30,31,	 NoSound	40	2	740207003
740207205	Triggered	5,23,24,25,26,27,28,29,30,31,	 PureTone-1kHz	40	2	740207205
740210614	Triggered	8,52,53,54,55,56,	 NoSound	40	2	740210614
740210815	Triggered	8,52,53,54,55,56,	 File_beep2	40	2	740210815
740221514	Triggered	5,23,24,25,26,27,28,29,30,31,	 NoSound	40	2	740221514
740221715	Triggered	5,23,24,25,26,27,28,29,30,31,	 StopSoundShort	40	2	740221715
740266560	Triggered	4,42,43,44,45,46,	 NoSound	40	2	740266560
740266762	Triggered	4,42,43,44,45,46,	 File_beep1	40	2	740266762
740279661	Triggered	1,14,15,16,17,18,19,20,21,22,	 NoSound	40	2	740279661
740279862	Triggered	1,14,15,16,17,18,19,20,21,22,	 PureTone-1kHz	40	2	740279862
740291826	Triggered	4,42,43,44,45,46,	 NoSound	40	2	740291826
740292026	Triggered	4,42,43,44,45,46,	 File_beep1	40	2	740292026
740297173	Triggered	1,14,15,16,17,18,19,20,21,22,	 NoSound	40	2	740297173
740297375	Triggered	1,14,15,16,17,18,19,20,21,22,	 StopSoundLong	40	2	740297375
740308870	Triggered	5,23,24,25,26,27,28,29,30,31,	 NoSound	40	2	740308870
740382461	Triggered	2,37,38,39,40,41,	 NoSound	40	2	740382461
740382663	Triggered	2,37,38,39,40,41,	 File_beep2	40	2	740382663
740394225	Triggered	5,23,24,25,26,27,28,29,30,31,	 NoSound	40	2	740394225
740394429	Triggered	5,23,24,25,26,27,28,29,30,31,	 PureTone-9kHz	40	2	740394429
740413208	Triggered	8,52,53,54,55,56,	 NoSound	40	2	740413208
740413411	Triggered	8,52,53,54,55,56,	 File_beep5	40	2	740413411
740431121	Triggered	5,23,24,25,26,27,28,29,30,31,	 NoSound	40	2	740431121
740431325	Triggered	5,23,24,25,26,27,28,29,30,31,	 PureTone-7kHz	40	2	740431325
740433327	Triggered	8,52,53,54,55,56,	 NoSound	40	2	740433327
740433530	Triggered	8,52,53,54,55,56,	 File_beep5	40	2	740433530
740449369	Triggered	5,23,24,25,26,27,28,29,30,31,	 NoSound	40	2	740449369
740449573	Triggered	5,23,24,25,26,27,28,29,30,31,	 PureTone-5kHz	40	2	740449573
740451779	Triggered	8,52,53,54,55,56,	 NoSound	40	2	740451779
740451982	Triggered	8,52,53,54,55,56,	 File_beep5	40	2	740451982
740470156	Triggered	5,23,24,25,26,27,28,29,30,31,	 NoSound	40	2	740470156
740470359	Triggered	5,23,24,25,26,27,28,29,30,31,	 PureTone-3kHz	40	2	740470359
740522827	Triggered	8,52,53,54,55,56,	 NoSound	40	2	740522827
740523029	Triggered	8,52,53,54,55,56,	 File_beep5	40	2	740523029
740539270	Triggered	5,23,24,25,26,27,28,29,30,31,	 NoSound	40	2	740539270
740539483	Triggered	5,23,24,25,26,27,28,29,30,31,	 PureTone-2kHz	40	2	740539483
740541611	Triggered	8,52,53,54,55,56,	 NoSound	40	2	740541611
740541812	Triggered	8,52,53,54,55,56,	 File_beep5	40	2	740541812
740557587	Triggered	5,23,24,25,26,27,28,29,30,31,	 NoSound	40	2	740557587
740557789	Triggered	5,23,24,25,26,27,28,29,30,31,	 PureTone-1kHz	40	2	740557789
740560258	Triggered	8,52,53,54,55,56,	 NoSound	40	2	740560258
740560461	Triggered	8,52,53,54,55,56,	 File_beep5	40	2	740560461
740589467	Triggered	5,23,24,25,26,27,28,29,30,31,	 NoSound	40	2	740589467
740589668	Triggered	5,23,24,25,26,27,28,29,30,31,	 StopSoundShort	40	2	740589668
740610055	Triggered	1,14,15,16,17,18,19,20,21,22,	 NoSound	40	2	740610055
740622694	Triggered	4,42,43,44,45,46,	 NoSound	40	2	740622694
740622897	Triggered	4,42,43,44,45,46,	 File_beep4	40	2	740622897
740634853	Triggered	1,14,15,16,17,18,19,20,21,22,	 NoSound	40	2	740634853
740635055	Triggered	1,14,15,16,17,18,19,20,21,22,	 PureTone-1kHz	40	2	740635055
740638396	Triggered	6,47,48,49,50,51,	 NoSound	40	2	740638396
740638598	Triggered	6,47,48,49,50,51,	 File_beep4	40	2	740638598
740648690	Triggered	1,14,15,16,17,18,19,20,21,22,	 NoSound	40	2	740648690
740648892	Triggered	1,14,15,16,17,18,19,20,21,22,	 StopSoundLong	40	2	740648892
740670345	Triggered	5,23,24,25,26,27,28,29,30,31,	 NoSound	40	2	740670345
740673287	Triggered	8,52,53,54,55,56,	 NoSound	40	2	740673287
740673488	Triggered	8,52,53,54,55,56,	 File_beep5	40	2	740673488
740688326	Triggered	5,23,24,25,26,27,28,29,30,31,	 NoSound	40	2	740688326
740688529	Triggered	5,23,24,25,26,27,28,29,30,31,	 PureTone-9kHz	40	2	740688529
740690597	Triggered	8,52,53,54,55,56,	 NoSound	40	2	740690597
740690799	Triggered	8,52,53,54,55,56,	 File_beep5	40	2	740690799
740706706	Triggered	5,23,24,25,26,27,28,29,30,31,	 NoSound	40	2	740706706
740706908	Triggered	5,23,24,25,26,27,28,29,30,31,	 PureTone-7kHz	40	2	740706908
740709381	Triggered	8,52,53,54,55,56,	 NoSound	40	2	740709381
740709584	Triggered	8,52,53,54,55,56,	 File_beep5	40	2	740709584
740724620	Triggered	5,23,24,25,26,27,28,29,30,31,	 NoSound	40	2	740724620
740724823	Triggered	5,23,24,25,26,27,28,29,30,31,	 PureTone-5kHz	40	2	740724823
740727628	Triggered	8,52,53,54,55,56,	 NoSound	40	2	740727628
740727830	Triggered	8,52,53,54,55,56,	 File_beep5	40	2	740727830
740743535	Triggered	5,23,24,25,26,27,28,29,30,31,	 NoSound	40	2	740743535
740743738	Triggered	5,23,24,25,26,27,28,29,30,31,	 PureTone-3kHz	40	2	740743738
740746543	Triggered	8,52,53,54,55,56,	 NoSound	40	2	740746543
740746746	Triggered	8,52,53,54,55,56,	 File_beep5	40	2	740746746
740763120	Triggered	5,23,24,25,26,27,28,29,30,31,	 NoSound	40	2	740763120
740763322	Triggered	5,23,24,25,26,27,28,29,30,31,	 PureTone-2kHz	40	2	740763322
740765928	Triggered	8,52,53,54,55,56,	 NoSound	40	2	740765928
740766141	Triggered	8,52,53,54,55,56,	 File_beep5	40	2	740766141
740781568	Triggered	5,23,24,25,26,27,28,29,30,31,	 NoSound	40	2	740781568
740781770	Triggered	5,23,24,25,26,27,28,29,30,31,	 PureTone-1kHz	40	2	740781770
740784310	Triggered	8,52,53,54,55,56,	 NoSound	40	2	740784310
740784512	Triggered	8,52,53,54,55,56,	 File_beep5	40	2	740784512
740800353	Triggered	5,23,24,25,26,27,28,29,30,31,	 NoSound	40	2	740800353
740800553	Triggered	5,23,24,25,26,27,28,29,30,31,	 StopSoundShort	40	2	740800553
740814589	Triggered	6,47,48,49,50,51,	 NoSound	40	2	740814589
740814802	Triggered	6,47,48,49,50,51,	 File_beep5	40	2	740814802
740826833	Triggered	1,14,15,16,17,18,19,20,21,22,	 NoSound	40	2	740826833
740827034	Triggered	1,14,15,16,17,18,19,20,21,22,	 PureTone-1kHz	40	2	740827034
740829962	Triggered	6,47,48,49,50,51,	 NoSound	40	2	740829962
740830166	Triggered	6,47,48,49,50,51,	 File_beep5	40	2	740830166
740844399	Triggered	1,14,15,16,17,18,19,20,21,22,	 NoSound	40	2	740844399
740844601	Triggered	1,14,15,16,17,18,19,20,21,22,	 StopSoundLong	40	2	740844601
740870736	Triggered	8,52,53,54,55,56,	 NoSound	40	2	740870736
740870938	Triggered	8,52,53,54,55,56,	 File_beep3	40	2	740870938
740890721	Triggered	5,23,24,25,26,27,28,29,30,31,	 NoSound	40	2	740890721
740890926	Triggered	5,23,24,25,26,27,28,29,30,31,	 PureTone-9kHz	40	2	740890926
740901684	Triggered	8,52,53,54,55,56,	 NoSound	40	2	740901684
740901885	Triggered	8,52,53,54,55,56,	 File_beep3	40	2	740901885
740915651	Triggered	5,23,24,25,26,27,28,29,30,31,	 NoSound	40	2	740915651
740915855	Triggered	5,23,24,25,26,27,28,29,30,31,	 PureTone-7kHz	40	2	740915855
740918793	Triggered	8,52,53,54,55,56,	 NoSound	40	2	740918793
740919006	Triggered	8,52,53,54,55,56,	 File_beep3	40	2	740919006
740932296	Triggered	5,23,24,25,26,27,28,29,30,31,	 NoSound	40	2	740932296
740932500	Triggered	5,23,24,25,26,27,28,29,30,31,	 PureTone-5kHz	40	2	740932500
740935437	Triggered	8,52,53,54,55,56,	 NoSound	40	2	740935437
740935639	Triggered	8,52,53,54,55,56,	 File_beep3	40	2	740935639
740948135	Triggered	5,23,24,25,26,27,28,29,30,31,	 NoSound	40	2	740948135
740948339	Triggered	5,23,24,25,26,27,28,29,30,31,	 PureTone-3kHz	40	2	740948339
740951411	Triggered	8,52,53,54,55,56,	 NoSound	40	2	740951411
740951613	Triggered	8,52,53,54,55,56,	 File_beep3	40	2	740951613
740964779	Triggered	5,23,24,25,26,27,28,29,30,31,	 NoSound	40	2	740964779
740964981	Triggered	5,23,24,25,26,27,28,29,30,31,	 PureTone-2kHz	40	2	740964981
740968324	Triggered	8,52,53,54,55,56,	 NoSound	40	2	740968324
740968526	Triggered	8,52,53,54,55,56,	 File_beep3	40	2	740968526
741022865	Triggered	5,23,24,25,26,27,28,29,30,31,	 NoSound	40	2	741022865
741023067	Triggered	5,23,24,25,26,27,28,29,30,31,	 PureTone-1kHz	40	2	741023067
741026072	Triggered	8,52,53,54,55,56,	 NoSound	40	2	741026072
741026274	Triggered	8,52,53,54,55,56,	 File_beep3	40	2	741026274
741038705	Triggered	5,23,24,25,26,27,28,29,30,31,	 NoSound	40	2	741038705
741038906	Triggered	5,23,24,25,26,27,28,29,30,31,	 StopSoundShort	40	2	741038906
741052408	Triggered	4,42,43,44,45,46,	 NoSound	40	2	741052408
741057020	Triggered	1,14,15,16,17,18,19,20,21,22,	 NoSound	40	2	741057020
741057223	Triggered	1,14,15,16,17,18,19,20,21,22,	 PureTone-1kHz	40	2	741057223
741060297	Triggered	6,47,48,49,50,51,	 NoSound	40	2	741060297
741060500	Triggered	6,47,48,49,50,51,	 File_beep4	40	2	741060500
741072263	Triggered	1,14,15,16,17,18,19,20,21,22,	 NoSound	40	2	741072263
741072464	Triggered	1,14,15,16,17,18,19,20,21,22,	 StopSoundLong	40	2	741072464
741083088	Triggered	5,23,24,25,26,27,28,29,30,31,	 NoSound	40	2	741083088
741086430	Triggered	8,52,53,54,55,56,	 NoSound	40	2	741086430
741086633	Triggered	8,52,53,54,55,56,	 File_beep2	40	2	741086633
741096657	Triggered	5,23,24,25,26,27,28,29,30,31,	 NoSound	40	2	741096657
741096861	Triggered	5,23,24,25,26,27,28,29,30,31,	 PureTone-9kHz	40	2	741096861
741099999	Triggered	8,52,53,54,55,56,	 NoSound	40	2	741099999
741100202	Triggered	8,52,53,54,55,56,	 File_beep2	40	2	741100202
741110293	Triggered	5,23,24,25,26,27,28,29,30,31,	 NoSound	40	2	741110293
741110497	Triggered	5,23,24,25,26,27,28,29,30,31,	 PureTone-7kHz	40	2	741110497
741113902	Triggered	8,52,53,54,55,56,	 NoSound	40	2	741113902
741114104	Triggered	8,52,53,54,55,56,	 File_beep2	40	2	741114104
741124463	Triggered	5,23,24,25,26,27,28,29,30,31,	 NoSound	40	2	741124463
741124667	Triggered	5,23,24,25,26,27,28,29,30,31,	 PureTone-5kHz	40	2	741124667
741144114	Triggered	2,37,38,39,40,41,	 NoSound	40	2	741144114
741150271	Triggered	5,23,24,25,26,27,28,29,30,31,	 NoSound	40	2	741150271
741150474	Triggered	5,23,24,25,26,27,28,29,30,31,	 PureTone-3kHz	40	2	741150474
741153478	Triggered	2,37,38,39,40,41,	 NoSound	40	2	741153478
741158686	Triggered	5,23,24,25,26,27,28,29,30,31,	 NoSound	40	2	741158686
741158888	Triggered	5,23,24,25,26,27,28,29,30,31,	 PureTone-2kHz	40	2	741158888
741161962	Triggered	8,52,53,54,55,56,	 NoSound	40	2	741161962
741162163	Triggered	8,52,53,54,55,56,	 File_beep2	40	2	741162163
741172254	Triggered	5,23,24,25,26,27,28,29,30,31,	 NoSound	40	2	741172254
741172455	Triggered	5,23,24,25,26,27,28,29,30,31,	 PureTone-1kHz	40	2	741172455
741175668	Triggered	8,52,53,54,55,56,	 NoSound	40	2	741175668
741175869	Triggered	8,52,53,54,55,56,	 File_beep2	40	2	741175869
741187092	Triggered	5,23,24,25,26,27,28,29,30,31,	 NoSound	40	2	741187092
741187293	Triggered	5,23,24,25,26,27,28,29,30,31,	 StopSoundShort	40	2	741187293
741200863	Triggered	6,47,48,49,50,51,	 NoSound	40	2	741200863
741201068	Triggered	6,47,48,49,50,51,	 File_beep5	40	2	741201068
741217906	Triggered	1,14,15,16,17,18,19,20,21,22,	 NoSound	40	2	741217906
741218108	Triggered	1,14,15,16,17,18,19,20,21,22,	 PureTone-1kHz	40	2	741218108
741225125	Triggered	4,42,43,44,45,46,	 NoSound	40	2	741225125
741225327	Triggered	4,42,43,44,45,46,	 File_beep1	40	2	741225327
741241100	Triggered	1,14,15,16,17,18,19,20,21,22,	 NoSound	40	2	741241100
741241301	Triggered	1,14,15,16,17,18,19,20,21,22,	 StopSoundLong	40	2	741241301
741281806	Triggered	5,23,24,25,26,27,28,29,30,31,	 NoSound	40	2	741281806
741285482	Triggered	2,37,38,39,40,41,	 NoSound	40	2	741285482
741285684	Triggered	2,37,38,39,40,41,	 File_beep2	40	2	741285684
741296183	Triggered	5,23,24,25,26,27,28,29,30,31,	 NoSound	40	2	741296183
741296387	Triggered	5,23,24,25,26,27,28,29,30,31,	 PureTone-9kHz	40	2	741296387
741299659	Triggered	8,52,53,54,55,56,	 NoSound	40	2	741299659
741299860	Triggered	8,52,53,54,55,56,	 File_beep3	40	2	741299860
741313355	Triggered	5,23,24,25,26,27,28,29,30,31,	 NoSound	40	2	741313355
741313570	Triggered	5,23,24,25,26,27,28,29,30,31,	 PureTone-7kHz	40	2	741313570
741316430	Triggered	8,52,53,54,55,56,	 NoSound	40	2	741316430
741316644	Triggered	8,52,53,54,55,56,	 File_beep3	40	2	741316644
741330199	Triggered	5,23,24,25,26,27,28,29,30,31,	 NoSound	40	2	741330199
741330403	Triggered	5,23,24,25,26,27,28,29,30,31,	 PureTone-5kHz	40	2	741330403
741333407	Triggered	8,52,53,54,55,56,	 NoSound	40	2	741333407
741333608	Triggered	8,52,53,54,55,56,	 File_beep3	40	2	741333608
741346040	Triggered	5,23,24,25,26,27,28,29,30,31,	 NoSound	40	2	741346040
741346243	Triggered	5,23,24,25,26,27,28,29,30,31,	 PureTone-3kHz	40	2	741346243
741367363	Triggered	8,52,53,54,55,56,	 NoSound	40	2	741367363
741367564	Triggered	8,52,53,54,55,56,	 File_beep3	40	2	741367564
741386548	Triggered	5,23,24,25,26,27,28,29,30,31,	 NoSound	40	2	741386548
741386751	Triggered	5,23,24,25,26,27,28,29,30,31,	 PureTone-2kHz	40	2	741386751
741389420	Triggered	8,52,53,54,55,56,	 NoSound	40	2	741389420
741389621	Triggered	8,52,53,54,55,56,	 File_beep3	40	2	741389621
741403189	Triggered	5,23,24,25,26,27,28,29,30,31,	 NoSound	40	2	741403189
741403390	Triggered	5,23,24,25,26,27,28,29,30,31,	 PureTone-1kHz	40	2	741403390
741406664	Triggered	8,52,53,54,55,56,	 NoSound	40	2	741406664
741406866	Triggered	8,52,53,54,55,56,	 File_beep3	40	2	741406866
741419832	Triggered	5,23,24,25,26,27,28,29,30,31,	 NoSound	40	2	741419832
741420034	Triggered	5,23,24,25,26,27,28,29,30,31,	 StopSoundShort	40	2	741420034
741448574	Triggered	1,14,15,16,17,18,19,20,21,22,	 NoSound	40	2	741448574
741451916	Triggered	6,47,48,49,50,51,	 NoSound	40	2	741451916
741452118	Triggered	6,47,48,49,50,51,	 File_beep3	40	2	741452118
741462477	Triggered	1,14,15,16,17,18,19,20,21,22,	 NoSound	40	2	741462477
741462678	Triggered	1,14,15,16,17,18,19,20,21,22,	 PureTone-1kHz	40	2	741462678
741466153	Triggered	4,42,43,44,45,46,	 NoSound	40	2	741466153
741466355	Triggered	4,42,43,44,45,46,	 File_beep2	40	2	741466355
741475712	Triggered	1,14,15,16,17,18,19,20,21,22,	 NoSound	40	2	741475712
741475925	Triggered	1,14,15,16,17,18,19,20,21,22,	 StopSoundLong	40	2	741475925
741489614	Triggered	5,23,24,25,26,27,28,29,30,31,	 NoSound	40	2	741489614
741492689	Triggered	2,37,38,39,40,41,	 NoSound	40	2	741492689
741492891	Triggered	2,37,38,39,40,41,	 File_beep4	40	2	741492891
741507260	Triggered	5,23,24,25,26,27,28,29,30,31,	 NoSound	40	2	741507260
741507465	Triggered	5,23,24,25,26,27,28,29,30,31,	 PureTone-9kHz	40	2	741507465
741510870	Triggered	8,52,53,54,55,56,	 NoSound	40	2	741510870
741511072	Triggered	8,52,53,54,55,56,	 File_beep5	40	2	741511072
741528184	Triggered	5,23,24,25,26,27,28,29,30,31,	 NoSound	40	2	741528184
741528387	Triggered	5,23,24,25,26,27,28,29,30,31,	 PureTone-7kHz	40	2	741528387
741531189	Triggered	8,52,53,54,55,56,	 NoSound	40	2	741531189
741531393	Triggered	8,52,53,54,55,56,	 File_beep5	40	2	741531393
741547165	Triggered	5,23,24,25,26,27,28,29,30,31,	 NoSound	40	2	741547165
741547367	Triggered	5,23,24,25,26,27,28,29,30,31,	 PureTone-5kHz	40	2	741547367
741550446	Triggered	8,52,53,54,55,56,	 NoSound	40	2	741550446
741550649	Triggered	8,52,53,54,55,56,	 File_beep5	40	2	741550649
741567084	Triggered	5,23,24,25,26,27,28,29,30,31,	 NoSound	40	2	741567084
741567287	Triggered	5,23,24,25,26,27,28,29,30,31,	 PureTone-3kHz	40	2	741567287
741570760	Triggered	8,52,53,54,55,56,	 NoSound	40	2	741570760
741570963	Triggered	8,52,53,54,55,56,	 File_beep5	40	2	741570963
741587537	Triggered	5,23,24,25,26,27,28,29,30,31,	 NoSound	40	2	741587537
741587738	Triggered	5,23,24,25,26,27,28,29,30,31,	 PureTone-2kHz	40	2	741587738
741592350	Triggered	8,52,53,54,55,56,	 NoSound	40	2	741592350
741592553	Triggered	8,52,53,54,55,56,	 File_beep5	40	2	741592553
741613405	Triggered	5,23,24,25,26,27,28,29,30,31,	 NoSound	40	2	741613405
741613606	Triggered	5,23,24,25,26,27,28,29,30,31,	 PureTone-1kHz	40	2	741613606
741617481	Triggered	8,52,53,54,55,56,	 NoSound	40	2	741617481
741617685	Triggered	8,52,53,54,55,56,	 File_beep5	40	2	741617685
741635729	Triggered	5,23,24,25,26,27,28,29,30,31,	 NoSound	40	2	741635729
741635930	Triggered	5,23,24,25,26,27,28,29,30,31,	 StopSoundShort	40	2	741635930
741650300	Triggered	4,42,43,44,45,46,	 NoSound	40	2	741650300
741650505	Triggered	4,42,43,44,45,46,	 File_beep4	40	2	741650505
741664806	Triggered	1,14,15,16,17,18,19,20,21,22,	 NoSound	40	2	741664806
741665007	Triggered	1,14,15,16,17,18,19,20,21,22,	 PureTone-1kHz	40	2	741665007
741668956	Triggered	6,47,48,49,50,51,	 NoSound	40	2	741668956
741669159	Triggered	6,47,48,49,50,51,	 File_beep5	40	2	741669159
741692342	Triggered	1,14,15,16,17,18,19,20,21,22,	 NoSound	40	2	741692342
741692555	Triggered	1,14,15,16,17,18,19,20,21,22,	 StopSoundLong	40	2	741692555
741704174	Triggered	5,23,24,25,26,27,28,29,30,31,	 NoSound	40	2	741704174
741707250	Triggered	8,52,53,54,55,56,	 NoSound	40	2	741707250
741707452	Triggered	8,52,53,54,55,56,	 File_beep5	40	2	741707452
741726432	Triggered	5,23,24,25,26,27,28,29,30,31,	 NoSound	40	2	741726432
741726636	Triggered	5,23,24,25,26,27,28,29,30,31,	 PureTone-9kHz	40	2	741726636
741729974	Triggered	8,52,53,54,55,56,	 NoSound	40	2	741729974
741730175	Triggered	8,52,53,54,55,56,	 File_beep5	40	2	741730175
741748356	Triggered	5,23,24,25,26,27,28,29,30,31,	 NoSound	40	2	741748356
741748558	Triggered	5,23,24,25,26,27,28,29,30,31,	 PureTone-7kHz	40	2	741748558
741752366	Triggered	8,52,53,54,55,56,	 NoSound	40	2	741752366
741752569	Triggered	8,52,53,54,55,56,	 File_beep5	40	2	741752569
741771687	Triggered	5,23,24,25,26,27,28,29,30,31,	 NoSound	40	2	741771687
741771891	Triggered	5,23,24,25,26,27,28,29,30,31,	 PureTone-5kHz	40	2	741771891
741775694	Triggered	8,52,53,54,55,56,	 NoSound	40	2	741775694
741775897	Triggered	8,52,53,54,55,56,	 File_beep5	40	2	741775897
741795480	Triggered	5,23,24,25,26,27,28,29,30,31,	 NoSound	40	2	741795480
741795681	Triggered	5,23,24,25,26,27,28,29,30,31,	 PureTone-3kHz	40	2	741795681
741799760	Triggered	8,52,53,54,55,56,	 NoSound	40	2	741799760
741799961	Triggered	8,52,53,54,55,56,	 File_beep5	40	2	741799961
741819808	Triggered	5,23,24,25,26,27,28,29,30,31,	 NoSound	40	2	741819808
741820010	Triggered	5,23,24,25,26,27,28,29,30,31,	 PureTone-2kHz	40	2	741820010
741823952	Triggered	8,52,53,54,55,56,	 NoSound	40	2	741823952
741824155	Triggered	8,52,53,54,55,56,	 File_beep5	40	2	741824155
741844740	Triggered	5,23,24,25,26,27,28,29,30,31,	 NoSound	40	2	741844740
741844942	Triggered	5,23,24,25,26,27,28,29,30,31,	 PureTone-1kHz	40	2	741844942
741849084	Triggered	8,52,53,54,55,56,	 NoSound	40	2	741849084
741849286	Triggered	8,52,53,54,55,56,	 File_beep5	40	2	741849286
741872883	Triggered	5,23,24,25,26,27,28,29,30,31,	 NoSound	40	2	741872883
741873084	Triggered	5,23,24,25,26,27,28,29,30,31,	 StopSoundShort	40	2	741873084
741897746	Triggered	1,14,15,16,17,18,19,20,21,22,	 NoSound	40	2	741897746
741900888	Triggered	4,42,43,44,45,46,	 NoSound	40	2	741900888
741901088	Triggered	4,42,43,44,45,46,	 File_beep1	40	2	741901088
741915994	Triggered	1,14,15,16,17,18,19,20,21,22,	 NoSound	40	2	741915994
741916196	Triggered	1,14,15,16,17,18,19,20,21,22,	 PureTone-1kHz	40	2	741916196
741941793	Triggered	4,42,43,44,45,46,	 NoSound	40	2	741941793
741941994	Triggered	4,42,43,44,45,46,	 File_beep1	40	2	741941994
741994398	Triggered	1,14,15,16,17,18,19,20,21,22,	 NoSound	40	2	741994398
741994600	Triggered	1,14,15,16,17,18,19,20,21,22,	 StopSoundLong	40	2	741994600
742011374	Triggered	5,23,24,25,26,27,28,29,30,31,	 NoSound	40	2	742011374
742014784	Triggered	2,37,38,39,40,41,	 NoSound	40	2	742014784
742025878	Triggered	5,23,24,25,26,27,28,29,30,31,	 NoSound	40	2	742025878
742026082	Triggered	5,23,24,25,26,27,28,29,30,31,	 PureTone-9kHz	40	2	742026082
742031160	Triggered	2,37,38,39,40,41,	 NoSound	40	2	742031160
742054821	Triggered	5,23,24,25,26,27,28,29,30,31,	 NoSound	40	2	742054821
742055025	Triggered	5,23,24,25,26,27,28,29,30,31,	 PureTone-7kHz	40	2	742055025
742062518	Triggered	8,52,53,54,55,56,	 NoSound	40	2	742062518
742062720	Triggered	8,52,53,54,55,56,	 File_beep4	40	2	742062720
742084965	Triggered	5,23,24,25,26,27,28,29,30,31,	 NoSound	40	2	742084965
742085169	Triggered	5,23,24,25,26,27,28,29,30,31,	 PureTone-5kHz	40	2	742085169
742090649	Triggered	8,52,53,54,55,56,	 NoSound	40	2	742090649
742090852	Triggered	8,52,53,54,55,56,	 File_beep4	40	2	742090852
742122934	Triggered	5,23,24,25,26,27,28,29,30,31,	 NoSound	40	2	742122934
742123138	Triggered	5,23,24,25,26,27,28,29,30,31,	 PureTone-3kHz	40	2	742123138
742127878	Triggered	8,52,53,54,55,56,	 NoSound	40	2	742127878
742128079	Triggered	8,52,53,54,55,56,	 File_beep4	40	2	742128079
742144454	Triggered	5,23,24,25,26,27,28,29,30,31,	 NoSound	40	2	742144454
742144657	Triggered	5,23,24,25,26,27,28,29,30,31,	 PureTone-2kHz	40	2	742144657
742148332	Triggered	8,52,53,54,55,56,	 NoSound	40	2	742148332
742148534	Triggered	8,52,53,54,55,56,	 File_beep4	40	2	742148534
742167181	Triggered	5,23,24,25,26,27,28,29,30,31,	 NoSound	40	2	742167181
742167383	Triggered	5,23,24,25,26,27,28,29,30,31,	 PureTone-1kHz	40	2	742167383
742171659	Triggered	8,52,53,54,55,56,	 NoSound	40	2	742171659
742171861	Triggered	8,52,53,54,55,56,	 File_beep4	40	2	742171861
742198729	Triggered	5,23,24,25,26,27,28,29,30,31,	 NoSound	40	2	742198729
742198931	Triggered	5,23,24,25,26,27,28,29,30,31,	 StopSoundShort	40	2	742198931
742305543	Triggered	1,14,15,16,17,18,19,20,21,22,	 NoSound	40	2	742305543
742309486	Triggered	4,42,43,44,45,46,	 NoSound	40	2	742309486
742309695	Triggered	4,42,43,44,45,46,	 File_beep2	40	2	742309695
742325058	Triggered	1,14,15,16,17,18,19,20,21,22,	 NoSound	40	2	742325058
742325260	Triggered	1,14,15,16,17,18,19,20,21,22,	 PureTone-1kHz	40	2	742325260
742329337	Triggered	4,42,43,44,45,46,	 NoSound	40	2	742329337
742329537	Triggered	4,42,43,44,45,46,	 File_beep2	40	2	742329537
742348587	Triggered	1,14,15,16,17,18,19,20,21,22,	 NoSound	40	2	742348587
742348788	Triggered	1,14,15,16,17,18,19,20,21,22,	 StopSoundLong	40	2	742348788
742393771	Triggered	5,23,24,25,26,27,28,29,30,31,	 NoSound	40	2	742393771
742398249	Triggered	8,52,53,54,55,56,	 NoSound	40	2	742398249
742406806	Triggered	5,23,24,25,26,27,28,29,30,31,	 NoSound	40	2	742406806
742407011	Triggered	5,23,24,25,26,27,28,29,30,31,	 PureTone-9kHz	40	2	742407011
742446241	Triggered	2,37,38,39,40,41,	 NoSound	40	2	742446241
742446444	Triggered	2,37,38,39,40,41,	 File_beep3	40	2	742446444
742477457	Triggered	5,23,24,25,26,27,28,29,30,31,	 NoSound	40	2	742477457
742477660	Triggered	5,23,24,25,26,27,28,29,30,31,	 PureTone-7kHz	40	2	742477660
742482270	Triggered	2,37,38,39,40,41,	 NoSound	40	2	742482270
742482471	Triggered	2,37,38,39,40,41,	 File_beep3	40	2	742482471
742501653	Triggered	5,23,24,25,26,27,28,29,30,31,	 NoSound	40	2	742501653
742501855	Triggered	5,23,24,25,26,27,28,29,30,31,	 PureTone-5kHz	40	2	742501855
742506398	Triggered	8,52,53,54,55,56,	 NoSound	40	2	742506398
742517627	Triggered	5,23,24,25,26,27,28,29,30,31,	 NoSound	40	2	742517627
742517829	Triggered	5,23,24,25,26,27,28,29,30,31,	 PureTone-3kHz	40	2	742517829
742524445	Triggered	2,37,38,39,40,41,	 NoSound	40	2	742524445
742524657	Triggered	2,37,38,39,40,41,	 File_beep3	40	2	742524657
742547640	Triggered	5,23,24,25,26,27,28,29,30,31,	 NoSound	40	2	742547640
742547843	Triggered	5,23,24,25,26,27,28,29,30,31,	 PureTone-2kHz	40	2	742547843
742554056	Triggered	8,52,53,54,55,56,	 NoSound	40	2	742554056
742560673	Triggered	5,23,24,25,26,27,28,29,30,31,	 NoSound	40	2	742560673
742560875	Triggered	5,23,24,25,26,27,28,29,30,31,	 PureTone-1kHz	40	2	742560875
742616620	Triggered	8,52,53,54,55,56,	 NoSound	40	2	742616620
742631926	Triggered	5,23,24,25,26,27,28,29,30,31,	 NoSound	40	2	742631926
742632126	Triggered	5,23,24,25,26,27,28,29,30,31,	 StopSoundShort	40	2	742632126
742665747	Triggered	1,14,15,16,17,18,19,20,21,22,	 NoSound	40	2	742665747
742670426	Triggered	6,47,48,49,50,51,	 NoSound	40	2	742670426
742670626	Triggered	6,47,48,49,50,51,	 File_beep1	40	2	742670626
742684330	Triggered	1,14,15,16,17,18,19,20,21,22,	 NoSound	40	2	742684330
742684531	Triggered	1,14,15,16,17,18,19,20,21,22,	 PureTone-1kHz	40	2	742684531
742690612	Triggered	4,42,43,44,45,46,	 NoSound	40	2	742690612
742690814	Triggered	4,42,43,44,45,46,	 File_beep3	40	2	742690814
742762065	Triggered	1,14,15,16,17,18,19,20,21,22,	 NoSound	40	2	742762065
742762266	Triggered	1,14,15,16,17,18,19,20,21,22,	 StopSoundLong	40	2	742762266
742784190	Triggered	5,23,24,25,26,27,28,29,30,31,	 NoSound	40	2	742784190
742788668	Triggered	8,52,53,54,55,56,	 NoSound	40	2	742788668
742788870	Triggered	8,52,53,54,55,56,	 File_beep3	40	2	742788870
742806313	Triggered	5,23,24,25,26,27,28,29,30,31,	 NoSound	40	2	742806313
742806518	Triggered	5,23,24,25,26,27,28,29,30,31,	 PureTone-9kHz	40	2	742806518
742812196	Triggered	8,52,53,54,55,56,	 NoSound	40	2	742812196
742812398	Triggered	8,52,53,54,55,56,	 File_beep3	40	2	742812398
742827903	Triggered	5,23,24,25,26,27,28,29,30,31,	 NoSound	40	2	742827903
742828106	Triggered	5,23,24,25,26,27,28,29,30,31,	 PureTone-7kHz	40	2	742828106
742832917	Triggered	8,52,53,54,55,56,	 NoSound	40	2	742832917
742833119	Triggered	8,52,53,54,55,56,	 File_beep3	40	2	742833119
742849159	Triggered	5,23,24,25,26,27,28,29,30,31,	 NoSound	40	2	742849159
742849361	Triggered	5,23,24,25,26,27,28,29,30,31,	 PureTone-5kHz	40	2	742849361
742854240	Triggered	8,52,53,54,55,56,	 NoSound	40	2	742854240
742854443	Triggered	8,52,53,54,55,56,	 File_beep3	40	2	742854443
742875828	Triggered	5,23,24,25,26,27,28,29,30,31,	 NoSound	40	2	742875828
742876031	Triggered	5,23,24,25,26,27,28,29,30,31,	 PureTone-3kHz	40	2	742876031
742880974	Triggered	8,52,53,54,55,56,	 NoSound	40	2	742880974
742881177	Triggered	8,52,53,54,55,56,	 File_beep3	40	2	742881177
742896682	Triggered	5,23,24,25,26,27,28,29,30,31,	 NoSound	40	2	742896682
742896884	Triggered	5,23,24,25,26,27,28,29,30,31,	 PureTone-2kHz	40	2	742896884
742900960	Triggered	8,52,53,54,55,56,	 NoSound	40	2	742900960
742901174	Triggered	8,52,53,54,55,56,	 File_beep3	40	2	742901174
742916734	Triggered	5,23,24,25,26,27,28,29,30,31,	 NoSound	40	2	742916734
742916937	Triggered	5,23,24,25,26,27,28,29,30,31,	 PureTone-1kHz	40	2	742916937
742922149	Triggered	8,52,53,54,55,56,	 NoSound	40	2	742922149
742922351	Triggered	8,52,53,54,55,56,	 File_beep3	40	2	742922351
742937590	Triggered	5,23,24,25,26,27,28,29,30,31,	 NoSound	40	2	742937590
742937791	Triggered	5,23,24,25,26,27,28,29,30,31,	 StopSoundShort	40	2	742937791
