Sunday, December 20, 2020	11:02:12 AM	Game1.txt	923853176
Cued	Now	923865346
9	BlinkStart	923865405
9	BlinkEnd	924089521
23,5	BlinkStart	924089631
23,5	BlinkEnd	924099371
5	0DropFeed	924099451
23	NoFeedAbort	924099532
1	BlinkStart	924109568
1	BlinkEnd	924119289
1	NoFeedLowProb	924119370
4,43	BlinkStart	924119406
4,43	BlinkEnd	924123634
4	Feed	924123714
43	Feed	924123794
1	BlinkStart	924123881
1	BlinkEnd	924131930
1	NoFeedLowProb	924132010
4,45	BlinkStart	924132024
4,45	BlinkEnd	924134797
4	Feed	924134877
45	Feed	924134957
1	BlinkStart	924135045
1	BlinkEnd	924146493
1	NoFeedLowProb	924146573
4,46	BlinkStart	924146606
4,46	BlinkEnd	924149201
4	Feed	924149282
46	Feed	924149362
21,1	BlinkStart	924149481
21,1	BlinkEnd	924162669
1	0DropFeed	924162749
21	Feed	924162830
6,4	BlinkStart	924162919
6,4	BlinkEnd	924165212
4	0DropFeed	924165292
20,1	BlinkStart	924165395
20,1	BlinkEnd	924182521
1	0DropFeed	924182601
20	Feed	924182681
4,46,6	BlinkStart	924182778
4,46,6	BlinkEnd	924185463
4	Feed	924185543
46	Feed	924185623
19,1	BlinkStart	924185715
19,1	BlinkEnd	924198430
1	0DropFeed	924198510
19	Feed	924198591
4,45,6	BlinkStart	924198689
4,45,6	BlinkEnd	924201035
4	Feed	924201115
45	Feed	924201195
18,1	BlinkStart	924201294
18,1	BlinkEnd	924211129
1	0DropFeed	924211209
18	Feed	924211290
4,45,6,47	BlinkStart	924211399
4,45,6,47	BlinkEnd	924214203
4	Feed	924214284
45	Feed	924214364
17,1	BlinkStart	924214451
17,1	BlinkEnd	924223362
1	0DropFeed	924223442
17	Feed	924223522
4,43,6,48	BlinkStart	924223635
4,43,6,48	BlinkEnd	924226101
4	Feed	924226181
43	Feed	924226261
16,1	BlinkStart	924226357
16,1	BlinkEnd	924234322
1	0DropFeed	924234402
16	Feed	924234483
4,43,6,49	BlinkStart	924234595
4,43,6,49	BlinkEnd	924238265
6	Feed	924238345
49	Feed	924238426
14,1	BlinkStart	924238525
14,1	BlinkEnd	924247022
1	0DropFeed	924247102
14	NoFeedAbort	924247182
5	BlinkStart	924257215
5	BlinkEnd	924260725
5	NoFeedLowProb	924260805
2,37	BlinkStart	924260841
2,37	BlinkEnd	924263732
2	Feed	924263813
37	Feed	924263893
5	BlinkStart	924263986
5	BlinkEnd	924268612
5	NoFeedLowProb	924268692
2	BlinkStart	924268720
2	BlinkEnd	924271754
2	0DropFeed	924271835
5	BlinkStart	924271933
5	BlinkEnd	924279907
5	NoFeedLowProb	924279988
2,40	BlinkStart	924280021
2,40	BlinkEnd	924290468
2	Feed	924290548
40	Feed	924290629
30,5	BlinkStart	924290722
30,5	BlinkEnd	924298564
5	0DropFeed	924298644
30	Feed	924298724
2,40,8,52	BlinkStart	924298831
2,40,8,52	BlinkEnd	924301497
2	Feed	924301577
40	Feed	924301657
29,5	BlinkStart	924301844
29,5	BlinkEnd	924309518
5	0DropFeed	924309598
29	Feed	924309678
2,37,8	BlinkStart	924309843
2,37,8	BlinkEnd	924312394
2	Feed	924312474
37	Feed	924312554
28,5	BlinkStart	924312703
28,5	BlinkEnd	924318408
5	0DropFeed	924318488
28	Feed	924318568
2,37,8,52	BlinkStart	924318723
2,37,8,52	BlinkEnd	924321416
8	Feed	924321496
52	Feed	924321576
27,5	BlinkStart	924321747
27,5	BlinkEnd	924325894
5	0DropFeed	924325974
27	Feed	924326054
2,39,8,54	BlinkStart	924326224
2,39,8,54	BlinkEnd	924329570
2	Feed	924329651
39	Feed	924329732
26,5	BlinkStart	924329876
26,5	BlinkEnd	924335920
5	0DropFeed	924336000
26	Feed	924336080
2,41,8	BlinkStart	924336263
2,41,8	BlinkEnd	924338662
2	Feed	924338742
41	Feed	924338822
25,5	BlinkStart	924338965
25,5	BlinkEnd	924346615
5	0DropFeed	924346695
25	Feed	924346775
2,39,8,54	BlinkStart	924346950
2,39,8,54	BlinkEnd	924350091
2	Feed	924350171
39	Feed	924350252
23,5	BlinkStart	924350405
23,5	BlinkEnd	924356240
5	0DropFeed	924356321
23	NoFeedAbort	924356401
1	BlinkStart	924366463
1	BlinkEnd	924371613
1	NoFeedLowProb	924371693
4,45	BlinkStart	924371787
4,45	BlinkEnd	924374087
4	Feed	924374167
45	Feed	924374247
1	BlinkStart	924374394
1	BlinkEnd	924383646
1	NoFeedLowProb	924383726
4,46	BlinkStart	924383836
4,46	BlinkEnd	924385784
4	Feed	924385864
46	Feed	924385944
1	BlinkStart	924386102
1	BlinkEnd	924396612
1	NoFeedLowProb	924396692
4,46	BlinkStart	924396781
4,46	BlinkEnd	924399084
4	Feed	924399164
46	Feed	924399244
21,1	BlinkStart	924399417
21,1	BlinkEnd	924409311
1	0DropFeed	924409391
21	Feed	924409471
4,44,6,51	BlinkStart	924409646
4,44,6,51	BlinkEnd	924411919
4	Feed	924411999
44	Feed	924412079
20,1	BlinkStart	924412256
20,1	BlinkEnd	924421010
1	0DropFeed	924421090
20	Feed	924421170
4,42,6,47	BlinkStart	924421360
4,42,6,47	BlinkEnd	924424284
4	Feed	924424364
42	Feed	924424444
19,1	BlinkStart	924424587
19,1	BlinkEnd	924430105
1	0DropFeed	924430185
19	Feed	924430265
6,49,4	BlinkStart	924430433
6,49,4	BlinkEnd	924432906
4	0DropFeed	924432986
18,1	BlinkStart	924433174
18,1	BlinkEnd	924437787
1	0DropFeed	924437867
18	Feed	924437947
4,44,6	BlinkStart	924438107
4,44,6	BlinkEnd	924440926
6	0DropFeed	924441006
17,1	BlinkStart	924441190
17,1	BlinkEnd	924444671
1	0DropFeed	924444752
17	Feed	924444832
4,42,6,51	BlinkStart	924445013
4,42,6,51	BlinkEnd	924449751
4	Feed	924449831
42	Feed	924449911
16,1	BlinkStart	924450078
16,1	BlinkEnd	924455900
1	0DropFeed	924455980
16	Feed	924456060
4,46,6,49	BlinkStart	924456213
4,46,6,49	BlinkEnd	924458981
4	Feed	924459061
46	Feed	924459141
14,1	BlinkStart	924459287
14,1	BlinkEnd	924468200
1	0DropFeed	924468280
14	NoFeedAbort	924468360
5	BlinkStart	924478428
5	BlinkEnd	924481700
5	NoFeedLowProb	924481780
8,52	BlinkStart	924481880
8,52	BlinkEnd	924484577
8	Feed	924484657
52	Feed	924484737
5	BlinkStart	924484887
5	BlinkEnd	924490256
5	NoFeedLowProb	924490336
8,54	BlinkStart	924490434
8,54	BlinkEnd	924493196
8	Feed	924493277
54	Feed	924493357
5	BlinkStart	924493514
5	BlinkEnd	924500485
5	NoFeedLowProb	924500565
8,53	BlinkStart	924500650
8,53	BlinkEnd	924503222
8	Feed	924503302
53	Feed	924503382
30,5	BlinkStart	924503520
30,5	BlinkEnd	924509445
5	0DropFeed	924509525
30	Feed	924509605
2,41,8	BlinkStart	924509748
2,41,8	BlinkEnd	924512648
2	Feed	924512728
41	Feed	924512808
29,5	BlinkStart	924512956
29,5	BlinkEnd	924521470
5	0DropFeed	924521550
29	Feed	924521631
2,37,8	BlinkStart	924521800
2,37,8	BlinkEnd	924524077
2	Feed	924524158
37	Feed	924524238
28,5	BlinkStart	924524381
28,5	BlinkEnd	924529358
5	0DropFeed	924529438
28	Feed	924529518
8,56,2,41	BlinkStart	924529674
8,56,2,41	BlinkEnd	924532099
8	Feed	924532179
56	Feed	924532259
27,5	BlinkStart	924532398
27,5	BlinkEnd	924541055
5	0DropFeed	924541136
27	Feed	924541216
2,39,8	BlinkStart	924541374
2,39,8	BlinkEnd	924543594
8	0DropFeed	924543674
26,5	BlinkStart	924543837
26,5	BlinkEnd	924549811
5	0DropFeed	924549891
26	Feed	924549971
8,52,2,38	BlinkStart	924550140
8,52,2,38	BlinkEnd	924553019
2	Feed	924553099
38	Feed	924553179
25,5	BlinkStart	924553356
25,5	BlinkEnd	924558500
5	0DropFeed	924558580
25	Feed	924558660
8,55,2	BlinkStart	924558813
8,55,2	BlinkEnd	924562177
8	Feed	924562257
55	Feed	924562337
23,5	BlinkStart	924562477
23,5	BlinkEnd	924569796
5	0DropFeed	924569876
23	NoFeedAbort	924569956
1	BlinkStart	924580023
1	BlinkEnd	924582563
1	NoFeedLowProb	924582643
6,48	BlinkStart	924582732
6,48	BlinkEnd	924585237
6	Feed	924585318
48	Feed	924585398
1	BlinkStart	924585573
1	BlinkEnd	924592256
1	NoFeedLowProb	924592336
6,47	BlinkStart	924592410
6,47	BlinkEnd	924594727
6	Feed	924594807
47	Feed	924594887
1	BlinkStart	924595065
1	BlinkEnd	924601278
1	NoFeedLowProb	924601358
6,48	BlinkStart	924601450
6,48	BlinkEnd	924603951
6	Feed	924604032
48	Feed	924604112
21,1	BlinkStart	924604266
21,1	BlinkEnd	924611104
1	0DropFeed	924611184
21	Feed	924611264
6,51,4,45	BlinkStart	924611446
6,51,4,45	BlinkEnd	924613443
6	Feed	924613523
51	Feed	924613603
20,1	BlinkStart	924613745
20,1	BlinkEnd	924624873
1	0DropFeed	924624954
20	Feed	924625034
6,51,4	BlinkStart	924625214
6,51,4	BlinkEnd	924627212
6	Feed	924627292
51	Feed	924627372
19,1	BlinkStart	924627515
19,1	BlinkEnd	924639111
1	0DropFeed	924639192
19	Feed	924639272
4,43,6	BlinkStart	924639444
4,43,6	BlinkEnd	924642185
6	0DropFeed	924642265
18,1	BlinkStart	924642428
18,1	BlinkEnd	924651275
1	0DropFeed	924651355
18	Feed	924651435
6,47,4,44	BlinkStart	924651603
6,47,4,44	BlinkEnd	924654617
4	Feed	924654697
44	Feed	924654777
17,1	BlinkStart	924654955
17,1	BlinkEnd	924661903
1	0DropFeed	924661984
17	Feed	924662064
4,42,6	BlinkStart	924662221
4,42,6	BlinkEnd	924665513
4	Feed	924665593
42	Feed	924665673
16,1	BlinkStart	924665839
16,1	BlinkEnd	924670793
1	0DropFeed	924670873
16	Feed	924670953
4,44,6	BlinkStart	924671114
4,44,6	BlinkEnd	924674403
6	0DropFeed	924674483
14,1	BlinkStart	924674645
14,1	BlinkEnd	924678546
1	0DropFeed	924678626
14	NoFeedAbort	924678706
5	BlinkStart	924688766
5	BlinkEnd	924695857
5	NoFeedLowProb	924695937
8,54	BlinkStart	924696025
8,54	BlinkEnd	924698538
8	Feed	924698618
54	Feed	924698698
5	BlinkStart	924698838
5	BlinkEnd	924705483
5	NoFeedLowProb	924705563
8,53	BlinkStart	924705656
8,53	BlinkEnd	924708423
8	Feed	924708503
53	Feed	924708583
5	BlinkStart	924708723
5	BlinkEnd	924713971
5	NoFeedLowProb	924714051
8	BlinkStart	924714126
8	BlinkEnd	924716779
8	0DropFeed	924716859
30,5	BlinkStart	924717010
30,5	BlinkEnd	924721591
5	0DropFeed	924721671
30	Feed	924721752
8,53,2,41	BlinkStart	924721929
8,53,2,41	BlinkEnd	924724800
2	Feed	924724880
41	Feed	924724960
29,5	BlinkStart	924725119
29,5	BlinkEnd	924733290
5	0DropFeed	924733370
29	Feed	924733450
8,55,2,37	BlinkStart	924733611
8,55,2,37	BlinkEnd	924736029
2	Feed	924736109
37	Feed	924736189
28,5	BlinkStart	924736370
28,5	BlinkEnd	924740441
5	0DropFeed	924740521
28	Feed	924740601
8,53,2,40	BlinkStart	924740758
8,53,2,40	BlinkEnd	924743248
2	Feed	924743328
40	Feed	924743408
27,5	BlinkStart	924743577
27,5	BlinkEnd	924751807
5	0DropFeed	924751888
27	Feed	924751968
8,53,2,38	BlinkStart	924752142
8,53,2,38	BlinkEnd	924754677
2	Feed	924754757
38	Feed	924754837
26,5	BlinkStart	924754984
26,5	BlinkEnd	924760826
5	0DropFeed	924760906
26	Feed	924760987
8,52,2,40	BlinkStart	924761135
8,52,2,40	BlinkEnd	924764639
2	Feed	924764719
40	Feed	924764799
25,5	BlinkStart	924764975
25,5	BlinkEnd	924773460
5	0DropFeed	924773540
25	Feed	924773620
8,56,2	BlinkStart	924773779
8,56,2	BlinkEnd	924777004
8	Feed	924777084
56	Feed	924777165
23,5	BlinkStart	924777307
23,5	BlinkEnd	924786026
5	0DropFeed	924786107
23	NoFeedAbort	924786188
1	BlinkStart	924796250
1	BlinkEnd	924798526
1	NoFeedLowProb	924798606
6,49	BlinkStart	924798687
6,49	BlinkEnd	924801199
6	Feed	924801279
49	Feed	924801359
1	BlinkStart	924801533
1	BlinkEnd	924810830
1	NoFeedLowProb	924810911
6,49	BlinkStart	924810991
6,49	BlinkEnd	924813364
6	Feed	924813444
49	Feed	924813524
1	BlinkStart	924813700
1	BlinkEnd	924822588
1	NoFeedLowProb	924822668
6	BlinkStart	924822754
6	BlinkEnd	924825329
6	0DropFeed	924825409
21,1	BlinkStart	924825588
21,1	BlinkEnd	924829806
1	0DropFeed	924829887
21	Feed	924829967
6,49,4,46	BlinkStart	924830112
6,49,4,46	BlinkEnd	924833617
4	Feed	924833697
46	Feed	924833778
20,1	BlinkStart	924833928
20,1	BlinkEnd	924843644
1	0DropFeed	924843724
20	Feed	924843805
6,47,4,42	BlinkStart	924843962
6,47,4,42	BlinkEnd	924846650
4	Feed	924846730
42	Feed	924846810
19,1	BlinkStart	924846987
19,1	BlinkEnd	924852867
1	0DropFeed	924852947
19	Feed	924853027
6,48,4,44	BlinkStart	924853175
6,48,4,44	BlinkEnd	924856476
6	Feed	924856556
48	Feed	924856636
18,1	BlinkStart	924856800
18,1	BlinkEnd	924864095
1	0DropFeed	924864175
18	Feed	924864255
4,42,6	BlinkStart	924864452
4,42,6	BlinkEnd	924867839
6	0DropFeed	924867919
17,1	BlinkStart	924868084
17,1	BlinkEnd	924873454
1	0DropFeed	924873534
17	Feed	924873614
6,48,4,43	BlinkStart	924873786
6,48,4,43	BlinkEnd	924877466
4	Feed	924877546
43	Feed	924877626
16,1	BlinkStart	924877771
16,1	BlinkEnd	924885419
1	0DropFeed	924885499
16	Feed	924885579
6,51,4,44	BlinkStart	924885724
6,51,4,44	BlinkEnd	924890030
4	Feed	924890110
44	Feed	924890190
14,1	BlinkStart	924890336
14,1	BlinkEnd	924898853
1	0DropFeed	924898933
14	NoFeedAbort	924899014
5	BlinkStart	924909074
5	BlinkEnd	924910082
5	NoFeedLowProb	924910162
8	BlinkStart	924910222
8	BlinkEnd	924913359
8	0DropFeed	924913439
5	BlinkStart	924913595
5	BlinkEnd	924919841
5	NoFeedLowProb	924919921
8,55	BlinkStart	924920022
8,55	BlinkEnd	924925255
8	Feed	924925336
55	Feed	924925417
5	BlinkStart	924925603
5	BlinkEnd	924936418
5	NoFeedLowProb	924936498
8,53	BlinkStart	924936574
8,53	BlinkEnd	924939293
8	Feed	924939374
53	Feed	924939454
30,5	BlinkStart	924939620
30,5	BlinkEnd	924945642
5	0DropFeed	924945722
30	Feed	924945802
8,53,2,38	BlinkStart	924945993
8,53,2,38	BlinkEnd	924948382
8	Feed	924948462
53	Feed	924948543
29,5	BlinkStart	924948687
29,5	BlinkEnd	924954799
5	0DropFeed	924954880
29	Feed	924954960
8,55,2,37	BlinkStart	924955111
8,55,2,37	BlinkEnd	924958210
2	Feed	924958290
37	Feed	924958370
28,5	BlinkStart	924958550
28,5	BlinkEnd	924963355
5	0DropFeed	924963435
28	Feed	924963515
8,52,2,38	BlinkStart	924963692
8,52,2,38	BlinkEnd	924967298
2	Feed	924967378
38	Feed	924967458
27,5	BlinkStart	924967617
27,5	BlinkEnd	924973789
5	0DropFeed	924973870
27	Feed	924973950
8,52,2,40	BlinkStart	924974124
8,52,2,40	BlinkEnd	924977592
8	Feed	924977672
52	Feed	924977753
26,5	BlinkStart	924977933
26,5	BlinkEnd	924984141
5	0DropFeed	924984221
26	Feed	924984301
8,53,2,39	BlinkStart	924984478
8,53,2,39	BlinkEnd	924988230
2	Feed	924988310
39	Feed	924988390
25,5	BlinkStart	924988543
25,5	BlinkEnd	924997178
5	0DropFeed	924997259
25	Feed	924997339
8,56,2,40	BlinkStart	924997501
8,56,2,40	BlinkEnd	925000985
8	Feed	925001065
56	Feed	925001145
23,5	BlinkStart	925001289
23,5	BlinkEnd	925010678
5	0DropFeed	925010758
23	NoFeedAbort	925010838
1	BlinkStart	925020902
1	BlinkEnd	925023445
1	NoFeedLowProb	925023525
6,47	BlinkStart	925023627
6,47	BlinkEnd	925026319
6	Feed	925026399
47	Feed	925026480
1	BlinkStart	925026642
1	BlinkEnd	925032401
1	NoFeedLowProb	925032481
6,47	BlinkStart	925032576
6,47	BlinkEnd	925035687
6	Feed	925035768
47	Feed	925035849
1	BlinkStart	925035994
1	BlinkEnd	925042832
1	NoFeedLowProb	925042912
6,51	BlinkStart	925043011
6,51	BlinkEnd	925045771
6	Feed	925045851
51	Feed	925045931
21,1	BlinkStart	925046109
21,1	BlinkEnd	925058335
1	0DropFeed	925058416
21	Feed	925058497
4,46,6	BlinkStart	925058665
4,46,6	BlinkEnd	925060808
6	0DropFeed	925060888
20,1	BlinkStart	925061044
20,1	BlinkEnd	925065220
1	0DropFeed	925065300
20	Feed	925065380
6,51,4,45	BlinkStart	925065537
6,51,4,45	BlinkEnd	925068434
4	Feed	925068515
45	Feed	925068596
19,1	BlinkStart	925068767
19,1	BlinkEnd	925078123
1	0DropFeed	925078203
19	Feed	925078283
6,47,4,43	BlinkStart	925078455
6,47,4,43	BlinkEnd	925080994
4	Feed	925081074
43	Feed	925081154
18,1	BlinkStart	925081316
18,1	BlinkEnd	925089216
1	0DropFeed	925089296
18	Feed	925089376
6,51,4,45	BlinkStart	925089541
6,51,4,45	BlinkEnd	925092892
4	Feed	925092972
45	Feed	925093052
17,1	BlinkStart	925093210
17,1	BlinkEnd	925104790
1	0DropFeed	925104870
17	Feed	925104950
4,6	BlinkStart	925105088
4,6	BlinkEnd	925108265
4	0DropFeed	925108346
16,1	BlinkStart	925108507
16,1	BlinkEnd	925113746
1	0DropFeed	925113826
16	Feed	925113907
6,49,4,44	BlinkStart	925114075
6,49,4,44	BlinkEnd	925117823
6	Feed	925117903
49	Feed	925117983
14,1	BlinkStart	925118140
14,1	BlinkEnd	925127316
1	0DropFeed	925127396
14	NoFeedAbort	925127477
5	BlinkStart	925137538
5	BlinkEnd	925140014
5	NoFeedLowProb	925140094
2	BlinkStart	925140200
2	BlinkEnd	925142822
2	0DropFeed	925142902
5	BlinkStart	925143079
5	BlinkEnd	925163610
5	NoFeedLowProb	925163691
2,37	BlinkStart	925163767
2,37	BlinkEnd	925167085
2	Feed	925167165
37	Feed	925167245
5	BlinkStart	925167407
5	BlinkEnd	925173503
5	NoFeedLowProb	925173583
2,40	BlinkStart	925173676
2,40	BlinkEnd	925176779
2	Feed	925176859
40	Feed	925176939
30,5	BlinkStart	925177112
30,5	BlinkEnd	925185534
5	0DropFeed	925185614
30	Feed	925185694
2,41,8,53	BlinkStart	925185847
2,41,8,53	BlinkEnd	925189010
2	Feed	925189090
41	Feed	925189171
29,5	BlinkStart	925189330
29,5	BlinkEnd	925199302
5	0DropFeed	925199382
29	Feed	925199462
8,53,2	BlinkStart	925199628
8,53,2	BlinkEnd	925202177
2	0DropFeed	925202257
28,5	BlinkStart	925202418
28,5	BlinkEnd	925209462
5	0DropFeed	925209542
28	Feed	925209622
8,52,2	BlinkStart	925209797
8,52,2	BlinkEnd	925213273
8	Feed	925213353
52	Feed	925213433
27,5	BlinkStart	925213574
27,5	BlinkEnd	925264205
5	0DropFeed	925264285
27	Feed	925264365
2,38,8,55	BlinkStart	925264569
2,38,8,55	BlinkEnd	925267548
2	Feed	925267628
38	Feed	925267708
26,5	BlinkStart	925267871
26,5	BlinkEnd	925275835
5	0DropFeed	925275915
26	Feed	925275995
2,38,8,53	BlinkStart	925276169
2,38,8,53	BlinkEnd	925279778
2	Feed	925279858
38	Feed	925279938
25,5	BlinkStart	925280081
25,5	BlinkEnd	925287332
5	0DropFeed	925287412
25	Feed	925287492
8,2	BlinkStart	925287647
8,2	BlinkEnd	925291275
8	0DropFeed	925291355
23,5	BlinkStart	925291522
23,5	BlinkEnd	925303641
5	0DropFeed	925303721
23	NoFeedAbort	925303801
1	BlinkStart	925313863
1	BlinkEnd	925316674
1	NoFeedLowProb	925316755
6,47	BlinkStart	925316849
6,47	BlinkEnd	925319682
6	Feed	925319763
47	Feed	925319843
1	BlinkStart	925320011
1	BlinkEnd	925326968
1	NoFeedLowProb	925327048
6,51	BlinkStart	925327144
6,51	BlinkEnd	925330044
6	Feed	925330124
51	Feed	925330204
1	BlinkStart	925330366
1	BlinkEnd	925344013
1	NoFeedLowProb	925344093
6	BlinkStart	925344174
6	BlinkEnd	925346821
6	0DropFeed	925346901
21,1	BlinkStart	925347063
21,1	BlinkEnd	925353170
1	0DropFeed	925353251
21	Feed	925353331
6,50,4	BlinkStart	925353515
6,50,4	BlinkEnd	925356245
6	Feed	925356325
50	Feed	925356406
20,1	BlinkStart	925356547
20,1	BlinkEnd	925368014
1	0DropFeed	925368094
20	Feed	925368174
6,47,4,44	BlinkStart	925368342
6,47,4,44	BlinkEnd	925370682
6	Feed	925370762
47	Feed	925370842
19,1	BlinkStart	925371019
19,1	BlinkEnd	925380040
1	0DropFeed	925380120
19	Feed	925380201
6,50,4,45	BlinkStart	925380388
6,50,4,45	BlinkEnd	925383181
6	Feed	925383261
50	Feed	925383341
18,1	BlinkStart	925383495
18,1	BlinkEnd	925395079
1	0DropFeed	925395159
18	Feed	925395240
4,43,6	BlinkStart	925395410
4,43,6	BlinkEnd	925398621
6	0DropFeed	925398702
17,1	BlinkStart	925398872
17,1	BlinkEnd	925404437
1	0DropFeed	925404517
17	Feed	925404597
6,48,4,46	BlinkStart	925404756
6,48,4,46	BlinkEnd	925408180
6	Feed	925408260
48	Feed	925408340
16,1	BlinkStart	925408479
16,1	BlinkEnd	925417404
1	0DropFeed	925417484
16	Feed	925417564
6,47,4,45	BlinkStart	925417732
6,47,4,45	BlinkEnd	925421415
4	Feed	925421495
45	Feed	925421575
14,1	BlinkStart	925421715
14,1	BlinkEnd	925431842
1	0DropFeed	925431922
14	NoFeedAbort	925432003
5	BlinkStart	925442079
5	BlinkEnd	925446346
5	NoFeedLowProb	925446426
8	BlinkStart	925446521
8	BlinkEnd	925450094
8	0DropFeed	925450174
5	BlinkStart	925450331
5	BlinkEnd	925462321
5	NoFeedLowProb	925462401
8,56	BlinkStart	925462494
8,56	BlinkEnd	925468336
8	Feed	925468416
56	Feed	925468496
5	BlinkStart	925468642
5	BlinkEnd	925482039
5	NoFeedLowProb	925482119
8	BlinkStart	925482209
8	BlinkEnd	925485648
8	0DropFeed	925485728
30,5	BlinkStart	925485892
30,5	BlinkEnd	925491063
5	0DropFeed	925491143
30	Feed	925491223
8,53,2	BlinkStart	925491392
8,53,2	BlinkEnd	925495006
2	0DropFeed	925495086
29,5	BlinkStart	925495246
29,5	BlinkEnd	925504029
5	0DropFeed	925504109
29	Feed	925504189
8,56,2,38	BlinkStart	925504351
8,56,2,38	BlinkEnd	925510045
8	Feed	925510125
56	Feed	925510205
28,5	BlinkStart	925510365
28,5	BlinkEnd	925521608
5	0DropFeed	925521688
28	Feed	925521768
8,52,2,41	BlinkStart	925521929
8,52,2,41	BlinkEnd	925525084
8	Feed	925525164
52	Feed	925525244
27,5	BlinkStart	925525400
27,5	BlinkEnd	925531903
5	0DropFeed	925531984
27	Feed	925532065
2,41,8	BlinkStart	925532238
2,41,8	BlinkEnd	925536313
8	0DropFeed	925536393
26,5	BlinkStart	925536573
26,5	BlinkEnd	925542663
5	0DropFeed	925542744
26	Feed	925542824
8,55,2,41	BlinkStart	925543006
8,55,2,41	BlinkEnd	925547210
2	Feed	925547290
41	Feed	925547370
25,5	BlinkStart	925547544
25,5	BlinkEnd	925558438
5	0DropFeed	925558518
25	Feed	925558598
8,55,2,38	BlinkStart	925558752
8,55,2,38	BlinkEnd	925562649
8	Feed	925562730
55	Feed	925562810
23,5	BlinkStart	925562986
23,5	BlinkEnd	925571806
5	0DropFeed	925571887
23	NoFeedAbort	925571967
1	BlinkStart	925582045
1	BlinkEnd	925588050
1	NoFeedLowProb	925588130
6,48	BlinkStart	925588231
6,48	BlinkEnd	925591194
6	Feed	925591274
48	Feed	925591354
1	BlinkStart	925591530
1	BlinkEnd	925601150
1	NoFeedLowProb	925601230
6,47	BlinkStart	925601344
6,47	BlinkEnd	925604637
6	Feed	925604717
47	Feed	925604797
1	BlinkStart	925604977
1	BlinkEnd	925614718
1	NoFeedLowProb	925614798
6	BlinkStart	925614867
6	BlinkEnd	925617725
6	0DropFeed	925617805
21,1	BlinkStart	925617985
21,1	BlinkEnd	925623140
1	0DropFeed	925623220
21	Feed	925623300
6,49,4,46	BlinkStart	925623463
6,49,4,46	BlinkEnd	925626883
4	Feed	925626963
46	Feed	925627044
20,1	BlinkStart	925627187
20,1	BlinkEnd	925638916
1	0DropFeed	925638996
20	Feed	925639076
4,46,6	BlinkStart	925639241
4,46,6	BlinkEnd	925643195
4	Feed	925643275
46	Feed	925643355
19,1	BlinkStart	925643514
19,1	BlinkEnd	925656560
1	0DropFeed	925656640
19	Feed	925656721
6,47,4	BlinkStart	925656862
6,47,4	BlinkEnd	925660169
4	0DropFeed	925660249
18,1	BlinkStart	925660410
18,1	BlinkEnd	925671338
1	0DropFeed	925671418
18	Feed	925671498
4,45,6	BlinkStart	925671647
4,45,6	BlinkEnd	925675210
6	0DropFeed	925675290
17,1	BlinkStart	925675476
17,1	BlinkEnd	925698670
1	0DropFeed	925698750
17	Feed	925698830
6,47,4,44	BlinkStart	925698990
6,47,4,44	BlinkEnd	925702748
6	Feed	925702828
47	Feed	925702908
16,1	BlinkStart	925703073
16,1	BlinkEnd	925709432
1	0DropFeed	925709512
16	Feed	925709593
4,6	BlinkStart	925709751
4,6	BlinkEnd	925713442
4	0DropFeed	925713523
14,1	BlinkStart	925713665
14,1	BlinkEnd	925737578
1	0DropFeed	925737658
14	NoFeedAbort	925737738
5	BlinkStart	925747838
5	BlinkEnd	925755085
5	NoFeedLowProb	925755165
8,56	BlinkStart	925755245
8,56	BlinkEnd	925759228
8	Feed	925759309
56	Feed	925759390
5	BlinkStart	925759547
5	BlinkEnd	925769992
5	NoFeedLowProb	925770072
8,52	BlinkStart	925770165
8,52	BlinkEnd	925773398
8	Feed	925773478
52	Feed	925773558
5	BlinkStart	925773699
5	BlinkEnd	925780416
5	NoFeedLowProb	925780496
8,52	BlinkStart	925780555
8,52	BlinkEnd	925783758
8	Feed	925783839
52	Feed	925783919
30,5	BlinkStart	925784075
30,5	BlinkEnd	925791723
5	0DropFeed	925791803
30	Feed	925791884
8,56,2	BlinkStart	925792048
8,56,2	BlinkEnd	925795589
8	Feed	925795669
56	Feed	925795750
29,5	BlinkStart	925795936
29,5	BlinkEnd	925807420
5	0DropFeed	925807500
29	Feed	925807580
8,55,2,38	BlinkStart	925807744
8,55,2,38	BlinkEnd	925810439
8	Feed	925810519
55	Feed	925810599
28,5	BlinkStart	925810739
28,5	BlinkEnd	925820052
5	0DropFeed	925820132
28	Feed	925820213
8,53,2,40	BlinkStart	925820360
8,53,2,40	BlinkEnd	925824464
8	Feed	925824544
53	Feed	925824624
27,5	BlinkStart	925824792
27,5	BlinkEnd	925832954
5	0DropFeed	925833034
27	Feed	925833115
8,55,2	BlinkStart	925833274
8,55,2	BlinkEnd	925838033
2	0DropFeed	925838113
26,5	BlinkStart	925838263
26,5	BlinkEnd	925845252
5	0DropFeed	925845333
26	Feed	925845413
8,53,2,38	BlinkStart	925845578
8,53,2,38	BlinkEnd	925850733
8	Feed	925850813
53	Feed	925850893
25,5	BlinkStart	925851043
25,5	BlinkEnd	925858887
5	0DropFeed	925858967
25	Feed	925859047
8,55,2,41	BlinkStart	925859224
8,55,2,41	BlinkEnd	925863701
8	Feed	925863781
55	Feed	925863862
23,5	BlinkStart	925864028
23,5	BlinkEnd	925875665
5	0DropFeed	925875745
23	NoFeedAbort	925875825
1	BlinkStart	925885920
1	BlinkEnd	925905608
1	NoFeedLowProb	925905688
6,49	BlinkStart	925905775
6,49	BlinkEnd	925908886
6	Feed	925908966
49	Feed	925909046
1	BlinkStart	925909210
1	BlinkEnd	925920113
1	NoFeedLowProb	925920193
6,47	BlinkStart	925920275
6,47	BlinkEnd	925923656
6	Feed	925923737
47	Feed	925923817
1	BlinkStart	925923979
1	BlinkEnd	925931478
1	NoFeedLowProb	925931558
6	BlinkStart	925931657
6	BlinkEnd	925935085
6	0DropFeed	925935166
21,1	BlinkStart	925935341
21,1	BlinkEnd	925940701
1	0DropFeed	925940781
21	Feed	925940861
6,47,4,44	BlinkStart	925941015
6,47,4,44	BlinkEnd	925944450
4	Feed	925944530
44	Feed	925944610
20,1	BlinkStart	925944750
20,1	BlinkEnd	925956013
1	0DropFeed	925956093
20	Feed	925956174
6,48,4,45	BlinkStart	925956340
6,48,4,45	BlinkEnd	925959816
4	Feed	925959896
45	Feed	925959976
19,1	BlinkStart	925960136
19,1	BlinkEnd	925972517
1	0DropFeed	925972597
19	Feed	925972677
6,48,4,46	BlinkStart	925972830
6,48,4,46	BlinkEnd	925976127
4	Feed	925976207
46	Feed	925976287
18,1	BlinkStart	925976440
18,1	BlinkEnd	925990163
1	0DropFeed	925990243
18	Feed	925990323
6,50,4	BlinkStart	925990471
6,50,4	BlinkEnd	925994308
6	Feed	925994388
50	Feed	925994468
17,1	BlinkStart	925994613
17,1	BlinkEnd	926007007
1	0DropFeed	926007087
17	Feed	926007167
6,49,4,42	BlinkStart	926007330
6,49,4,42	BlinkEnd	926010616
6	Feed	926010696
49	Feed	926010776
16,1	BlinkStart	926010919
16,1	BlinkEnd	926021245
1	0DropFeed	926021325
16	Feed	926021406
6,51,4,46	BlinkStart	926021589
6,51,4,46	BlinkEnd	926025399
6	Feed	926025479
51	Feed	926025559
14,1	BlinkStart	926025697
14,1	BlinkEnd	926040494
1	0DropFeed	926040574
14	NoFeedAbort	926040655
5	BlinkStart	926050738
5	BlinkEnd	926051592
5	NoFeedLowProb	926051672
8,55	BlinkStart	926051783
8,55	BlinkEnd	926055533
8	Feed	926055613
55	Feed	926055693
5	BlinkStart	926055840
5	BlinkEnd	926066630
5	NoFeedLowProb	926066710
8,56	BlinkStart	926066778
8,56	BlinkEnd	926071106
8	Feed	926071186
56	Feed	926071266
5	BlinkStart	926071436
5	BlinkEnd	926084408
5	NoFeedLowProb	926084488
8,52	BlinkStart	926084586
8,52	BlinkEnd	926090892
8	Feed	926090973
52	Feed	926091053
30,5	BlinkStart	926091190
30,5	BlinkEnd	926099313
5	0DropFeed	926099394
30	Feed	926099474
8,53,2,38	BlinkStart	926099625
8,53,2,38	BlinkEnd	926103257
8	Feed	926103337
53	Feed	926103417
29,5	BlinkStart	926103573
29,5	BlinkEnd	926112481
5	0DropFeed	926112561
29	Feed	926112642
8,53,2,37	BlinkStart	926112824
8,53,2,37	BlinkEnd	926117027
8	Feed	926117107
53	Feed	926117188
28,5	BlinkStart	926117349
28,5	BlinkEnd	926124980
5	0DropFeed	926125061
28	Feed	926125141
8,53,2,41	BlinkStart	926125286
8,53,2,41	BlinkEnd	926129058
8	Feed	926129138
53	Feed	926129218
27,5	BlinkStart	926129374
27,5	BlinkEnd	926137880
5	0DropFeed	926137960
27	Feed	926138040
8,54,2,38	BlinkStart	926138191
8,54,2,38	BlinkEnd	926142025
8	Feed	926142105
54	Feed	926142185
26,5	BlinkStart	926142333
26,5	BlinkEnd	926153923
5	0DropFeed	926154003
26	Feed	926154083
8,54,2,41	BlinkStart	926154255
8,54,2,41	BlinkEnd	926158401
8	Feed	926158481
54	Feed	926158561
25,5	BlinkStart	926158700
25,5	BlinkEnd	926169830
5	0DropFeed	926169910
25	Feed	926169990
2,8	BlinkStart	926170168
2,8	BlinkEnd	926174442
8	0DropFeed	926174522
23,5	BlinkStart	926174699
23,5	BlinkEnd	926182531
5	0DropFeed	926182611
23	NoFeedAbort	926182691
1	BlinkStart	926192788
1	BlinkEnd	926200450
1	NoFeedLowProb	926200531
4,44	BlinkStart	926200596
4,44	BlinkEnd	926205727
4	Feed	926205808
44	Feed	926205888
1	BlinkStart	926206027
1	BlinkEnd	926239619
1	NoFeedLowProb	926239699
4,42	BlinkStart	926239775
4,42	BlinkEnd	926246297
4	Feed	926246377
42	Feed	926246457
1	BlinkStart	926246630
1	BlinkEnd	926263877
1	NoFeedLowProb	926263957
4,42	BlinkStart	926264051
4,42	BlinkEnd	926272765
4	Feed	926272846
42	Feed	926272926
21,1	BlinkStart	926273075
21,1	BlinkEnd	926296765
1	0DropFeed	926296845
21	Feed	926296925
4,45,6	BlinkStart	926297109
4,45,6	BlinkEnd	926302510
6	0DropFeed	926302590
20,1	BlinkStart	926302738
20,1	BlinkEnd	926489006
1	0DropFeed	926489086
20	Feed	926489166
4,43,6,47	BlinkStart	926489310
4,43,6,47	BlinkEnd	926494677
6	Feed	926494757
47	Feed	926494837
19,1	BlinkStart	926494990
19,1	BlinkEnd	926507511
1	0DropFeed	926507591
19	Feed	926507671
4,43,6	BlinkStart	926507823
4,43,6	BlinkEnd	926512858
4	Feed	926512938
43	Feed	926513018
18,1	BlinkStart	926513178
18,1	BlinkEnd	926524354
1	0DropFeed	926524435
18	Feed	926524515
4,43,6,51	BlinkStart	926524690
4,43,6,51	BlinkEnd	926529168
4	Feed	926529248
43	Feed	926529328
17,1	BlinkStart	926529501
17,1	BlinkEnd	926540061
1	0DropFeed	926540141
17	Feed	926540221
4,46,6,50	BlinkStart	926540387
4,46,6,50	BlinkEnd	926544675
6	Feed	926544755
50	Feed	926544835
16,1	BlinkStart	926544986
16,1	BlinkEnd	926560916
1	0DropFeed	926560996
16	Feed	926561076
4,42,6	BlinkStart	926561227
4,42,6	BlinkEnd	926565996
4	Feed	926566076
42	Feed	926566156
14,1	BlinkStart	926566329
14,1	BlinkEnd	926576957
1	0DropFeed	926577037
14	NoFeedAbort	926577117
5	BlinkStart	926587223
5	BlinkEnd	926595873
5	NoFeedLowProb	926595953
2,38	BlinkStart	926596044
2,38	BlinkEnd	926599616
2	Feed	926599697
38	Feed	926599777
5	BlinkStart	926599932
5	BlinkEnd	926610378
5	NoFeedLowProb	926610458
2,41	BlinkStart	926610538
2,41	BlinkEnd	926614122
2	Feed	926614202
41	Feed	926614282
5	BlinkStart	926614445
5	BlinkEnd	926628425
5	NoFeedLowProb	926628505
2,40	BlinkStart	926628578
2,40	BlinkEnd	926632703
2	Feed	926632784
40	Feed	926632864
30,5	BlinkStart	926633002
30,5	BlinkEnd	926646005
5	0DropFeed	926646085
30	Feed	926646165
2,39,8,55	BlinkStart	926646316
2,39,8,55	BlinkEnd	926650282
8	Feed	926650362
55	Feed	926650443
29,5	BlinkStart	926650604
29,5	BlinkEnd	926662715
5	0DropFeed	926662795
29	Feed	926662875
2,39,8,56	BlinkStart	926663054
2,39,8,56	BlinkEnd	926667461
8	Feed	926667541
56	Feed	926667621
28,5	BlinkStart	926667783
28,5	BlinkEnd	926686109
5	0DropFeed	926686189
28	Feed	926686269
2,41,8	BlinkStart	926686441
2,41,8	BlinkEnd	926691590
2	Feed	926691670
41	Feed	926691751
27,5	BlinkStart	926691908
27,5	BlinkEnd	926705626
5	0DropFeed	926705706
27	Feed	926705786
8,53,2	BlinkStart	926705957
8,53,2	BlinkEnd	926710439
8	Feed	926710519
53	Feed	926710599
26,5	BlinkStart	926710759
26,5	BlinkEnd	926722203
5	0DropFeed	926722283
26	Feed	926722363
2,40,8,56	BlinkStart	926722534
2,40,8,56	BlinkEnd	926728418
8	Feed	926728500
56	Feed	926728580
25,5	BlinkStart	926728736
25,5	BlinkEnd	926750075
5	0DropFeed	926750155
25	Feed	926750235
2,40,8,54	BlinkStart	926750401
2,40,8,54	BlinkEnd	926757702
8	Feed	926757782
54	Feed	926757862
23,5	BlinkStart	926758010
23,5	BlinkEnd	926771598
5	0DropFeed	926771678
23	NoFeedAbort	926771758
1	BlinkStart	926781821
1	BlinkEnd	926791717
1	NoFeedLowProb	926791797
4	BlinkStart	926791878
4	BlinkEnd	926795929
4	0DropFeed	926796009
1	BlinkStart	926796197
1	BlinkEnd	926805286
1	NoFeedLowProb	926805366
4	BlinkStart	926805427
4	BlinkEnd	926813774
4	0DropFeed	926813855
1	BlinkStart	926814025
1	BlinkEnd	926827945
1	NoFeedLowProb	926828025
4,44	BlinkStart	926828106
4,44	BlinkEnd	926836835
4	Feed	926836916
44	Feed	926836996
21,1	BlinkStart	926837175
21,1	BlinkEnd	926851874
1	0DropFeed	926851954
21	Feed	926852035
4,43,6,47	BlinkStart	926852189
4,43,6,47	BlinkEnd	926857087
6	Feed	926857167
47	Feed	926857247
20,1	BlinkStart	926857389
20,1	BlinkEnd	926871324
1	0DropFeed	926871404
20	Feed	926871484
6,48,4	BlinkStart	926871653
6,48,4	BlinkEnd	926885027
4	0DropFeed	926885107
19,1	BlinkStart	926885251
19,1	BlinkEnd	926891845
1	0DropFeed	926891925
19	Feed	926892005
6,48,4	BlinkStart	926892164
6,48,4	BlinkEnd	926901007
4	0DropFeed	926901087
18,1	BlinkStart	926901252
18,1	BlinkEnd	926909824
1	0DropFeed	926909905
18	Feed	926909985
4,45,6,49	BlinkStart	926910154
4,45,6,49	BlinkEnd	926920853
4	Feed	926920933
45	Feed	926921013
17,1	BlinkStart	926921199
17,1	BlinkEnd	926935292
1	0DropFeed	926935372
17	Feed	926935452
4,46,6	BlinkStart	926935598
4,46,6	BlinkEnd	926941708
4	Feed	926941788
46	Feed	926941868
16,1	BlinkStart	926942019
16,1	BlinkEnd	926958489
1	0DropFeed	926958570
16	Feed	926958650
6,49,4	BlinkStart	926958798
6,49,4	BlinkEnd	926964568
4	0DropFeed	926964648
14,1	BlinkStart	926964796
14,1	BlinkEnd	926971920
1	0DropFeed	926972000
14	NoFeedAbort	926972080
5	BlinkStart	926982153
5	BlinkEnd	926993977
5	NoFeedLowProb	926994058
8,55	BlinkStart	926994155
8,55	BlinkEnd	926999793
8	Feed	926999873
55	Feed	926999953
5	BlinkStart	927000094
5	BlinkEnd	927034088
5	NoFeedLowProb	927034168
8,56	BlinkStart	927034262
8,56	BlinkEnd	927129666
8	Feed	927129746
56	Feed	927129826
5	BlinkStart	927129979
5	BlinkEnd	927150719
5	NoFeedLowProb	927150799
8,53	BlinkStart	927150894
8,53	BlinkEnd	927162282
8	Feed	927162362
53	Feed	927162442
30,5	BlinkStart	927162613
30,5	BlinkEnd	927176588
5	0DropFeed	927176668
30	Feed	927176748
8,56,2,38	BlinkStart	927176898
8,56,2,38	BlinkEnd	927181600
2	Feed	927181680
38	Feed	927181760
29,5	BlinkStart	927181902
29,5	BlinkEnd	927227386
5	0DropFeed	927227466
29	Feed	927227546
8,56,2	BlinkStart	927227688
8,56,2	BlinkEnd	927232599
8	Feed	927232679
56	Feed	927232760
28,5	BlinkStart	927232911
28,5	BlinkEnd	927249643
5	0DropFeed	927249723
28	Feed	927249803
8,54,2,39	BlinkStart	927249954
8,54,2,39	BlinkEnd	927254322
8	Feed	927254403
54	Feed	927254483
27,5	BlinkStart	927254652
27,5	BlinkEnd	927268760
5	0DropFeed	927268840
27	Feed	927268921
8,54,2,41	BlinkStart	927269093
8,54,2,41	BlinkEnd	927273773
8	Feed	927273853
54	Feed	927273933
26,5	BlinkStart	927274085
26,5	BlinkEnd	927287080
5	0DropFeed	927287160
26	Feed	927287240
2,38,8	BlinkStart	927287419
2,38,8	BlinkEnd	927292295
8	0DropFeed	927292375
25,5	BlinkStart	927292530
25,5	BlinkEnd	927319425
5	0DropFeed	927319506
25	Feed	927319586
8,55,2,40	BlinkStart	927319755
8,55,2,40	BlinkEnd	927325107
8	Feed	927325187
55	Feed	927325267
23,5	BlinkStart	927325425
23,5	BlinkEnd	927460592
0	StopTraining	927460673
0	StopTraining	927460673
0	StopTraining	927460674
0	StopTraining	927460674
0	StopTraining	927460675
0	StopTraining	927460676
